0.8799999999999998,1
0.8709296863229079,1
0.8635891173017479,1
0.8635891173017479,1
0.8709296863229079,1
0.8709296863229079,1
0.8709296863229079,1
0.8477007085216282,1
0.8709296863229079,1
0.8709296863229079,1
0.8635891173017479,1
0.8635891173017479,1
0.8709296863229079,1
0.8709296863229079,1
0.8709296863229079,1
0.8477007085216282,1
0.8709296863229079,1
0.8356100973545252,1
0.8356100973545252,1
0.8749999999999998,1
0.8749999999999998,1
0.8749999999999998,1
0.8516624609365031,1
0.8749999999999998,1
0.9150943396226414,1
0.8356100973545252,1
0.8356100973545252,1
0.8356100973545252,1
0.813323145024395,1
0.8356100973545252,1
0.8356100973545252,1
0.8356100973545252,1
0.8356100973545252,1
0.813323145024395,1
0.8356100973545252,1
0.8749999999999998,1
0.8749999999999998,1
0.8516624609365031,1
0.8749999999999998,1
0.8749999999999998,1
0.8516624609365031,1
0.8749999999999998,1
0.8516624609365031,1
0.8749999999999998,1
0.8516624609365031,1
0.9375,1
0.9375,1
0.9375,1
0.9683075928319534,1
0.764788584552107,1
0.8571670863022514,1
0.8615204489787396,1
0.8615204489787396,1
0.8615204489787396,1
0.8615204489787396,1
0.8554318889474057,1
0.8805970149253732,1
0.8178608201095305,1
0.8501793768405421,1
0.825531241990169,1
0.825531241990169,1
0.825531241990169,1
0.825531241990169,1
0.8196970258313344,1
0.8438109023249881,1
0.7705606557556044,1
0.7482208019896401,1
0.7482208019896401,1
0.7482208019896401,1
0.7482208019896401,1
0.7429329562106962,1
0.764788584552107,1
0.8385980880295119,1
0.8385980880295119,1
0.8385980880295119,1
0.8385980880295119,1
0.8326715255118353,1
0.8571670863022514,1
0.8714285714285712,1
0.8714285714285712,1
0.8714285714285712,1
0.8652699884530288,1
0.8907245319949681,1
0.8714285714285712,1
0.8714285714285712,1
0.8652699884530288,1
0.8907245319949681,1
0.8714285714285712,1
0.8652699884530288,1
0.8907245319949681,1
0.8652699884530288,1
0.8907245319949681,1
0.8989284256735449,1
0.9062499999999999,1
0.970142500145332,1
0.970142500145332,1
0.830336491706037,1
0.830336491706037,1
0.846153846153846,1
0.9681211631254031,1
0.9492231652418747,1
0.7706743843736498,1
0.9709119748004381,1
0.9310568705498502,1
0.9610888904915942,1
0.933072263214995,1
0.907007454091612,1
0.9073183200354921,1
0.7777777777777779,1
0.8888888888888891,1
0.6666666666666667,1
0.6666666666666667,1
0.8888888888888891,1
0.7777777777777779,1
0.6329621044272916,1
0.7432785052684289,1
0.7432785052684289,1
0.8699186991869919,1
0.75,1
0.75,1
0.7,1
0.7,1
0.75,1
0.75,1
0.7780780201274198,1
0.9713378310316619,1
0.9411764705882353,1
0.7694837640638656,1
0.5047146145152359,1
0.6515837655350015,1
0.4686157551265355,1
0.6688560540599385,1
0.6688560540599385,1
0.5047146145152359,1
0.4686157551265355,1
0.4461089081095969,1
0.4686157551265355,1
0.5813776741499453,1
0.6350852961085883,1
0.6228410989030497,1
0.49852724275079074,1
0.49852724275079074,1
0.5813776741499453,1
0.6228410989030497,1
0.6719840027857806,1
0.6228410989030497,1
0.5680375574437544,1
0.594225082166566,1
0.5487954724560282,1
0.5487954724560282,1
0.6400000000000002,1
0.594225082166566,1
0.6010407640085653,1
0.594225082166566,1
0.5274096316339224,1
0.48708818704705226,1
0.48708818704705226,1
0.5680375574437544,1
0.5274096316339224,1
0.5020790110464022,1
0.5274096316339224,1
0.5095438042387855,1
0.5095438042387855,1
0.594225082166566,1
0.6896551724137929,1
0.6893587725135435,1
0.6896551724137929,1
0.7352941176470588,1
0.5487954724560282,1
0.5095438042387855,1
0.5153882032022076,1
0.5095438042387855,1
0.5487954724560282,1
0.5095438042387855,1
0.5153882032022076,1
0.5095438042387855,1
0.594225082166566,1
0.6010407640085653,1
0.594225082166566,1
0.6893587725135435,1
0.6896551724137929,1
0.6893587725135435,1
0.0,0
0.17965354504348066,0
0.6406990580755274,0
0.149270358506633,0
0.0,0
0.5402224336120982,0
0.5943978663567121,0
0.04559607525875532,0
0.27366345312940216,0
0.2025478734167333,0
0.15396007178390017,0
0.6338656910463876,0
0.0,0
0.5258139054436414,0
0.6670526433937293,0
0.14798330657478742,0
0.19999999999999998,0
0.0,0
0.16414266736368965,0
0.33377866864659544,0
0.5996669441874926,0
0.018983159915049976,0
0.1391988669258348,0
0.15516017737161647,0
0.19039525731320975,0
0.08112138513416678,0
0.0837707816583391,0
0.039528470752104736,0
0.22061437581565405,0
0.11464735595372676,0
0.24170993598574314,0
0.18087392356784493,0
0.19033534855664525,0
0.24182123283640544,0
0.2227384185558818,0
0.0,0
0.05479966243511909,0
0.6338656910463876,0
0.5402224336120982,0
0.2435980171202109,0
0.0,0
0.4376881095324085,0
0.15240168871531806,0
0.5597134381014341,0
0.0,0
0.778934112267835,0
0.2797154638927579,0
0.14389058683066655,0
0.5246313898711124,0
0.561979444039004,0
0.5665747474468347,0
0.08917204687580273,0
0.216855173951104,0
0.09524241471993242,0
0.4126536306249159,0
0.24686980467612776,0
0.10614897848685505,0
0.20102558659485567,0
0.13308332601090694,0
0.3132259010942088,0
0.019920476822239894,0
0.0,0
0.20033416898825337,0
0.0,0
0.07062245515464488,0
0.19999999999999998,0
0.0,0
0.0,0
0.0,0
0.29814239699997197,0
0.05193141273747964,0
0.0,0
0.05308383581200282,0
0.0,0
0.10540925533894595,0
0.09768308314557043,0
0.0,0
0.44798933519052053,0
0.15121459472728346,0
0.3132259010942088,0
0.5809475019311124,0
0.0,0
0.24651472039504885,0
0.6338656910463873,0
0.31145784309269225,0
0.15872554441428893,0
0.0,0
0.10690449676496976,0
0.43301270189221935,0
0.11569976902619991,0
0.6615471834464465,0
0.2300894966542111,0
0.15938389443871553,0
0.21535276082326618,0
0.10690449676496976,0
0.6845135300819323,0
0.18232322463624384,0
0.22821773229381923,0
0.15713484026367724,0
0.1551858579786371,0
0.020203050891044214,0
0.6293860187225166,0
0.12547891340709136,0
0.1155625408802561,0
0.0,0
0.5498051602938211,0
0.44798933519052053,0
0.15396007178390017,0
0.0,0
0.1155625408802561,0
0.0,0
0.16062271869085631,0
0.15021124422133214,0
0.1816701442482527,0
0.019374606457303215,0
0.604707897906952,0
0.1315587028960544,0
0.0,0
0.11979699629569006,0
0.05892556509887895,0
0.0,0
0.0,0
0.22821773229381923,0
0.7896204336569743,0
0.32940852305662055,0
0.25502607774974306,0
0.020084532931834775,0
0.0,0
0.0,0
0.5402224336120982,0
0.03834824944236852,0
0.22237817967264806,0
0.1155625408802561,0
0.6615471834464465,0
0.14907119849998596,0
0.08649448975573377,0
0.6121904798350861,0
0.07394687090438305,0
0.06178020632152156,0
0.2821382463434393,0
0.07101088991116374,0
0.158113883008419,0
0.2885342830935783,0
0.6615471834464465,0
0.12125925334353774,0
0.32826608214930636,0
0.5943978663567121,0
0.10927167294163061,0
0.12484086562612379,0
0.07483554251115622,0
0.0,0
0.10745139146012747,0
0.0,0
0.3791847762336499,0
0.5943978663567121,0
0.5885794474047709,0
0.17054776006016165,0
0.13880146207166918,0
0.6733270173082294,0
0.43287181602485175,0
0.2531848417709166,0
0.12257258446136501,0
0.1987727307850366,0
0.07409465668197893,0
0.030528125543633176,0
0.5809475019311124,0
0.12484086562612379,0
0.10927167294163061,0
0.0,0
0.15021124422133214,0
0.06189844605901729,0
0.5950255176737009,0
0.0,0
0.2760262237369417,0
0.0644825880219161,0
0.6790247133967282,0
0.11133499846645921,0
0.34981502277891424,0
0.17457431218879388,0
0.1062627855105564,0
0.23304221240483042,0
0.06812795469643915,0
0.7999999999999999,1
1.0,1
0.801783725737273,1
0.9999999999999997,1
0.9555330859059091,1
0.9405399431259603,1
0.8987170342729169,1
0.47809144373375745,1
0.5039526306789696,1
0.9155216830332328,1
0.9795918367346941,1
0.9574271077563381,1
0.947368421052631,1
1.0,1
0.8819171036881966,1
0.8819171036881966,1
0.6299407883487119,1
0.8888888888888891,1
0.9999999999999998,1
0.9999999999999998,1
0.9999999999999998,1
0.9999999999999998,1
0.9999999999999998,1
0.9999999999999998,1
0.9999999999999998,1
0.9999999999999998,1
0.9999999999999998,1
0.9999999999999998,1
0.9999999999999998,1
0.8183170883849716,1
0.9999999999999999,1
1.0,1
0.960768922830523,1
0.9660917830792959,1
0.8432740427115678,1
0.8999999999999999,1
0.7378647873726218,1
0.7378647873726218,1
0.8888888888888891,1
0.8432740427115678,1
1.0000000000000002,1
1.0000000000000002,1
0.7171371656006361,1
0.8907986681660888,1
0.8593378488473195,1
0.7399400733959438,1
0.77005354108682,1
0.834622326111986,1
0.7514691493021791,1
0.7395739969534468,1
0.8181818181818183,1
0.801783725737273,1
0.8749999999999999,1
0.8944271909999159,1
0.8944271909999159,1
0.7826237921249264,1
0.7826237921249264,1
0.7826237921249264,1
0.8944271909999159,1
0.9999999999999999,1
0.8999999999999999,1
0.8999999999999999,1
1.0000000000000002,1
0.9999999999999998,1
0.9999999999999998,1
0.9999999999999998,1
0.9999999999999998,1
0.9999999999999998,1
0.9999999999999998,1
0.9999999999999998,1
0.9999999999999998,1
0.9999999999999998,1
1.0,1
0.9090909090909092,1
0.85106449634699,1
0.6922443782381184,1
0.9318181818181817,1
0.9135215856578669,1
0.9360504666899517,1
0.9369749612033813,1
0.9496549543277888,1
0.9428090415820634,1
0.6708203932499369,1
0.7378647873726218,1
0.7888106377466155,1
0.9999999999999998,1
0.9948320067476142,1
0.8645299348672512,1
0.8645299348672512,1
0.8260869565217391,1
0.9714285714285716,1
0.9444444444444446,1
0.9999999999999999,1
0.9999999999999998,1
0.6972342241888887,1
0.9432422182837985,1
0.9169344048589307,1
0.9429397669314713,1
0.9019423857605379,1
0.7985074626865676,1
0.7611940298507467,1
0.9626865671641796,1
0.7215539086084303,1
0.6805565274374966,1
0.9549549549549552,1
0.7215539086084303,1
0.6805565274374966,1
0.9019423857605379,1
0.756756756756757,1
0.711711711711712,1
0.6805565274374966,1
0.7215539086084303,1
0.9429397669314713,1
0.711711711711712,1
0.756756756756757,1
0.915407308304997,1
0.9999999999999996,1
0.987420882906575,1
0.9011403472578436,1
0.8891084489487742,1
0.4728662437434604,1
0.5232681184722836,1
0.4834937784152281,1
0.5350284209791207,1
0.9485040136686708,1
0.915407308304997,1
0.9038922925856511,1
0.9844146306046316,1
0.7216878364870323,1
0.9999999999999999,1
0.8660254037844387,1
0.8749999999999999,1
0.7216878364870323,1
0.6889189901577689,1
0.6146149789315618,1
0.6889189901577689,1
0.6146149789315618,1
0.6889189901577689,1
0.6889189901577689,1
0.6889189901577689,1
0.6678230711206282,1
0.6678230711206282,1
0.5555555555555557,1
0.5,1
0.7216878364870323,1
0.8301886792452831,1
0.8301886792452831,1
0.6313358105322217,1
0.7187499999999999,1
0.6313358105322217,1
0.7187499999999999,1
0.7187499999999999,1
0.7187499999999999,1
0.6735753140545634,1
0.6735753140545634,1
0.47628967220784013,1
0.43376380861785446,1
0.849875129562606,1
0.8301886792452831,1
0.6313358105322217,1
0.6313358105322217,1
0.6313358105322217,1
0.5981569643648471,1
0.5981569643648471,1
0.44939589857361506,1
0.6939201375033763,1
0.6313358105322217,1
0.7187499999999999,1
0.7187499999999999,1
0.7187499999999999,1
0.6735753140545634,1
0.6735753140545634,1
0.47628967220784013,1
0.43376380861785446,1
0.849875129562606,1
0.6313358105322217,1
0.6313358105322217,1
0.5981569643648471,1
0.5981569643648471,1
0.44939589857361506,1
0.6939201375033763,1
0.7216878364870323,1
0.8333333333333336,1
0.8660254037844387,1
1.0000000000000002,1
0.7187499999999999,1
0.7187499999999999,1
0.6735753140545634,1
0.6735753140545634,1
0.47628967220784013,1
0.43376380861785446,1
0.8888888888888891,1
0.8888888888888891,1
0.8888888888888891,1
0.8888888888888891,1
0.8888888888888891,1
0.8888888888888891,1
1.0000000000000002,1
0.8888888888888891,1
0.8888888888888891,1
0.8888888888888891,1
0.8888888888888891,1
0.8888888888888891,1
0.8888888888888891,1
0.8301886792452831,1
0.9999999999999997,1
0.7187499999999999,1
0.6735753140545634,1
0.6735753140545634,1
0.47628967220784013,1
0.43376380861785446,1
0.6735753140545634,1
0.6735753140545634,1
0.6804138174397716,1
0.586856917541803,1
0.938971068066885,1
1.0,1
0.938971068066885,1
0.9411764705882353,1
1.0,1
0.9411764705882353,1
0.8831168831168831,1
0.938971068066885,1
1.0000000000000004,1
0.9411764705882353,1
1.0,1
0.833333333333333,1
0.44521538074708544,1
0.41247895569215276,1
0.8888888888888891,1
0.8888888888888891,1
0.8888888888888891,1
0.8888888888888891,1
0.8888888888888891,1
0.8888888888888891,1
1.0000000000000002,1
0.8888888888888891,1
0.8888888888888891,1
0.8888888888888891,1
0.8888888888888891,1
0.8888888888888891,1
0.8888888888888891,1
0.8888888888888891,1
0.8888888888888891,1
0.8888888888888891,1
0.8888888888888891,1
0.8888888888888891,1
1.0000000000000002,1
0.8888888888888891,1
0.8888888888888891,1
0.8888888888888891,1
0.8888888888888891,1
0.8888888888888891,1
0.8888888888888891,1
0.8888888888888891,1
0.8888888888888891,1
0.8888888888888891,1
0.8888888888888891,1
1.0000000000000002,1
0.8888888888888891,1
0.8888888888888891,1
0.8888888888888891,1
0.44521538074708544,1
0.41247895569215276,1
0.987420882906575,1
0.9011403472578436,1
0.8888888888888891,1
0.8888888888888891,1
0.8888888888888891,1
0.8888888888888891,1
0.8888888888888891,1
0.8888888888888891,1
1.0000000000000002,1
0.8888888888888891,1
0.8888888888888891,1
0.8888888888888891,1
0.8888888888888891,1
0.8888888888888891,1
0.8888888888888891,1
0.8888888888888891,1
0.8888888888888891,1
1.0000000000000002,1
0.8888888888888891,1
0.8888888888888891,1
0.8888888888888891,1
0.8888888888888891,1
0.8888888888888891,1
0.8888888888888891,1
0.8888888888888891,1
1.0000000000000002,1
0.9999999999999999,1
0.6565321642986128,1
0.8309489698388166,1
0.9372315102530709,1
1.0,1
0.6565321642986128,1
0.7092081432669752,1
0.64888568452305,1
0.6565321642986128,1
0.9999999999999999,1
0.8944271909999159,1
0.9999999999999999,1
0.8944271909999159,1
0.9626865671641794,1
0.7611940298507467,1
0.9429397669314713,1
0.9019423857605379,1
0.7985074626865676,1
0.9019423857605379,1
0.9429397669314713,1
0.8944271909999159,1
0.9999999999999999,1
0.6805565274374966,1
0.7215539086084303,1
0.8333333333333335,1
0.9428090415820634,1
0.9549549549549552,1
0.8141911742155069,1
0.9354143466934853,1
0.8181818181818183,1
0.9230769230769231,1
0.8141911742155069,1
0.8309489698388166,1
0.7092081432669752,1
0.9372315102530709,1
0.64888568452305,1
0.8931884167327451,1
0.9041118370920369,1
0.7559289460184543,1
0.91761119722808,1
0.921366663715335,1
0.9706267924460197,1
0.6573757351339165,1
0.9230769230769231,1
0.9910312089651153,1
0.9676514687224907,1
0.9233805168766386,1
0.9534625892455926,1
0.9358192003574066,1
0.9999999999999999,1
0.8660254037844387,1
0.8749999999999999,1
0.7216878364870323,1
0.7216878364870323,1
0.8333333333333336,1
0.8660254037844387,1
0.8888888888888891,1
0.8888888888888891,1
0.8888888888888891,1
0.8888888888888891,1
0.8888888888888891,1
0.8888888888888891,1
0.938971068066885,1
0.9411764705882353,1
0.8888888888888891,1
0.8888888888888891,1
0.8888888888888891,1
0.8888888888888891,1
0.8888888888888891,1
0.8888888888888891,1
0.8888888888888891,1
0.8888888888888891,1
0.8888888888888891,1
0.8888888888888891,1
0.8888888888888891,1
0.8888888888888891,1
0.8888888888888891,1
0.8888888888888891,1
0.8888888888888891,1
0.6565321642986128,1
0.8944271909999159,1
0.9354143466934853,1
0.0,0
0.0,0
0.08333333333333333,0
0.0,0
0.0,0
0.0,0
0.2993421700446248,0
0.06328775911610858,0
0.0,0
0.29138575870717925,0
0.0629940788348712,0
0.0,0
0.0,0
0.2696799449852968,0
0.0,0
0.14625448482542613,0
0.8660254037844387,0
0.13363062095621217,0
0.03937877750581266,0
0.05698028822981897,0
0.0,0
0.0,0
0.23867308606453927,0
0.05275349613399974,0
0.26558293865017596,0
0.12499999999999997,0
0.0,0
0.13130643285972254,0
0.09805806756909201,0
0.0,0
0.0,0
0.0,0
0.29462782549439476,0
0.06001200360120042,0
0.0,0
0.0,0
0.05504818825631803,0
0.0,0
0.2879701881589354,0
0.27639499641139104,0
0.0,0
0.0,0
0.41959067914834447,0
0.25197631533948484,0
0.0,0
0.05455447255899809,0
0.09805806756909201,0
0.0,0
0.0,0
0.0,0
0.42766860172384985,0
0.07205628352785282,0
0.3423265984407289,0
0.30820565141176776,0
0.0,0
0.05892556509887897,0
0.5892556509887895,0
0.0,0
0.345547370232544,0
0.03133426293025616,0
0.049029033784546004,0
0.0944911182523068,0
0.11540595721692304,0
0.047338106833115096,0
0.21320071635561041,0
0.05698028822981897,0
0.0,0
0.0,0
0.26419797463373906,0
0.045454545454545456,0
0.1283881477532739,0
0.10606601717798213,0
0.07905694150420949,0
0.14927035850663303,0
0.0,0
0.029834135758067412,0
0.07896787867082608,0
0.0,0
0.08606629658238703,0
0.11826247919781652,0
0.12050719759100867,0
0.0,0
0.04292728552741069,0
0.053300179088902604,0
0.1,0
0.6,0
0.0,0
0.11952286093343936,0
0.0,0
0.0,0
0.0,0
0.0,0
0.0,0
0.04273521617236423,0
0.0,0
0.0,0
0.1178511301977579,0
0.0,0
0.051434449987363975,0
0.0,0
0.0,0
0.5590169943749475,0
0.06085806194501845,0
0.0,0
0.13363062095621217,0
0.0,0
0.026773977630083295,0
0.0,0
0.0,0
0.26558293865017596,0
0.6573757351339165,0
0.07207499701564471,0
0.0,0
0.345547370232544,0
0.07669649888473705,0
0.08687444855261388,0
0.03178208630818641,0
0.47023041057239884,0
0.0,0
0.32659863237109044,0
0.0,0
0.0,0
0.05270462766947299,0
0.0,0
0.3380617018914066,0
0.21437323142813602,0
0.0,0
0.42426406871192845,0
0.1665741511631924,0
0.0,0
0.5345224838248487,0
0.0,0
0.0,0
0.0,0
0.19245008972987526,0
0.0,0
0.0,0
0.0,0
0.0,0
0.0,0
0.33004918099222474,0
0.0,0
0.0,0
0.0944911182523068,0
0.0,0
0.0,0
0.412081691846067,0
0.0,0
0.325,0
0.0,0
0.0,0
0.0,0
0.0,0
0.17654696590094993,0
0.44194173824159216,0
0.44543540318737396,0
0.0,0
0.5866528319330786,0
0.0,0
0.3151267458316272,0
0.0,0
0.24066495746038508,0
0.02822787184688183,0
0.05270462766947299,0
0.0,0
0.0,0
0.10540925533894598,0
0.0,0
0.2721655269759087,0
0.6537204504606133,0
0.07655590023509529,0
0.0,0
0.0,0
0.1019294382875251,0
0.0,0
0.0,0
0.1259881576697424,0
0.09877295966495894,0
0.0,0
0.40422604172722154,0
0.0,0
0.07173421497882157,0
0.1889822365046136,0
0.0,0
0.7968190728895957,0
0.0,0
0.3872983346207417,0
0.18374210381479172,0
0.7559289460184543,0
0.0,0
0.0,0
0.0,0
0.10067340828210364,0
0.0,0
0.028867513459481287,0
0.0,0
0.13834289277321493,0
0.0,0
0.0,0
0.0,0
0.12500000000000003,0
0.0,0
0.6249999999999999,0
0.0,0
0.7205766921228921,0
0.0,0
0.0,0
0.34035164682842056,0
0.0,0
0.0,0
0.5695214286468869,0
0.33471934069760145,0
0.33471934069760145,0
0.09312403943594375,0
0.6348156806865233,0
0.6021972346615037,0
0.03749414199793349,0
0.0,0
0.24210006235312612,0
0.0,0
0.04292728552741069,0
0.0,0
0.0632455532033676,0
0.09078412990032038,0
0.3061862178478973,0
0.04843594796964828,0
0.025949964805384102,0
0.3061862178478973,0
0.4931969619160719,0
0.06900655593423541,0
0.049147318718299055,0
0.0,0
0.0,0
0.0629940788348712,0
0.1690308509457033,0
0.0,0
0.0,0
0.045931521217462544,0
0.10146925788636821,0
0.03937877750581266,0
0.11547005383792516,0
0.0,0
0.031497039417435604,0
0.1457824238052834,0
0.03742405942825599,0
0.1994310088043664,0
0.5830095290711734,0
0.0,0
0.052128603514268686,0
0.19069251784911848,0
0.0,0
0.0,0
0.11764705882352941,0
0.0,0
0.20833333333333331,0
0.0,0
0.08638684255813601,0
0.08451542547285167,0
0.0,0
0.23570226039551587,0
0.0,0
0.7071067811865475,0
0.07372097807744857,0
0.0,0
0.11277677488692019,0
0.0,0
0.2211629342323457,0
0.09375,0
0.0,0
0.0,0
0.0,0
0.0,0
0.03331483023263848,0
0.03178208630818641,0
0.0,0
0.09208185110322617,0
0.1307440900921227,0
0.0,0
0.11111111111111113,0
0.0,0
0.0,0
0.0,0
0.0,0
0.5372131112471095,0
0.21213203435596426,0
0.07585826061362605,0
0.0,0
0.0,0
0.7071067811865475,0
0.5570860145311556,0
0.0,0
0.0,0
0.12435400084345176,0
0.0,0
0.3698001308168194,0
0.060302268915552716,0
0.2201927530252721,0
0.10914955890876363,0
0.0,0
0.07244641371678213,0
0.0,0
0.19802950859533489,0
0.20161945963637795,0
0.0,0
0.291729982995789,0
0.0,0
0.0,0
0.0,0
0.059373936999575945,0
0.047836487323493986,0
0.023508271959274057,0
0.15309310892394865,0
0.0,0
0.0,0
0.17251638983558854,0
0.1259881576697424,0
0.0,0
0.0,0
0.08581943515359346,0
0.0,0
0.0,0
0.0,0
0.06388765649999399,0
0.20412414523193156,0
0.0,0
0.1259881576697424,0
0.0,0
0.02868876552746235,0
0.42491829279939863,0
0.0,0
0.10022296571715913,0
0.5555555555555556,0
0.0,0
0.0,0
0.0,0
0.0657951694959769,0
0.0,0
0.1849000654084097,0
0.0,0
0.23691410519784445,0
0.09672388203287416,0
0.0719194952228076,0
0.0,0
0.21295885499997996,0
0.6245127971196697,0
0.0,0
0.22645540682891918,0
0.0,0
0.0,0
0.0,0
0.0,0
0.0,0
0.07905694150420949,0
0.0,0
0.0,0
0.13074409009212268,0
0.05057217374241736,0
0.0,0
0.0,0
0.08671099695241198,0
0.0,0
0.25048971643405976,0
0.0,0
0.254000254000381,0
0.20919202181046503,0
0.0,0
0.0,0
0.15891043154093204,0
0.0,0
0.7398155472988908,0
0.5389933524563126,0
0.0,0
0.8625483276101613,1
0.955198912261103,1
0.8861469461982086,1
0.8974358974358977,1
0.8974358974358977,1
0.8974358974358977,1
0.8974358974358977,1
0.8974358974358977,1
0.8974358974358977,1
0.8861469461982086,1
0.8861469461982086,1
0.8861469461982086,1
0.8861469461982086,1
0.8861469461982086,1
0.8861469461982086,1
0.8974358974358977,1
0.8974358974358977,1
0.8974358974358977,1
0.8974358974358977,1
0.8974358974358977,1
0.8974358974358977,1
0.8974358974358977,1
0.8974358974358977,1
0.8974358974358977,1
0.8974358974358977,1
0.8974358974358977,1
0.8974358974358977,1
0.8974358974358977,1
0.8974358974358977,1
0.8974358974358977,1
0.9511127086814605,1
0.8214285714285712,1
0.8596310841141073,1
0.8950702475147925,1
0.7716539899851536,1
0.9680945835888837,1
0.9439485462932651,1
0.8669494179217831,1
0.8487162394295875,1
0.9198662110078005,1
0.850782002711452,1
0.8808819893600305,1
0.9175376201981228,1
0.9003261976640279,1
0.9814076159121343,1
0.7018624063435963,1
0.7559289460184543,1
0.7559289460184543,1
0.7559289460184543,1
0.7559289460184543,1
0.7559289460184543,1
0.7427813527082077,1
0.7427813527082077,1
0.7427813527082077,1
0.7427813527082077,1
0.7427813527082077,1
0.8000000000000004,1
0.8000000000000004,1
0.8000000000000004,1
0.8000000000000004,1
0.8000000000000004,1
0.8000000000000004,1
0.8000000000000004,1
0.8000000000000004,1
0.8000000000000004,1
0.8000000000000004,1
0.8666374237070938,1
0.8736209307562349,1
0.401286176952564,1
0.401286176952564,1
0.401286176952564,1
0.401286176952564,1
0.401286176952564,1
0.401286176952564,1
0.401286176952564,1
0.401286176952564,1
0.5370370370370369,1
0.5370370370370369,1
0.5370370370370369,1
0.5370370370370369,1
0.5370370370370369,1
0.5370370370370369,1
0.5370370370370369,1
0.5370370370370369,1
0.5370370370370369,1
0.5370370370370369,1
0.5370370370370369,1
0.5370370370370369,1
0.5370370370370369,1
0.5370370370370369,1
0.5370370370370369,1
0.5370370370370369,1
0.5370370370370369,1
0.5370370370370369,1
0.8464407341698035,1
0.5370370370370369,1
0.5370370370370369,1
0.5370370370370369,1
0.5370370370370369,1
0.5370370370370369,1
0.5370370370370369,1
0.5370370370370369,1
0.5370370370370369,1
0.5370370370370369,1
0.5370370370370369,1
0.9586382747273088,1
0.7909218757885591,1
0.9242113755341183,1
0.8947368421052629,1
0.9189365834726817,1
0.8222064167913468,1
1.0,1
0.950290746588907,1
0.9767617004254978,1
0.8800782326533978,1
0.8918918918918914,1
0.8918918918918914,1
0.8918918918918914,1
0.8918918918918914,1
0.8918918918918914,1
0.8918918918918914,1
0.8800782326533978,1
0.8800782326533978,1
0.8800782326533978,1
0.8800782326533978,1
0.8800782326533978,1
0.8800782326533978,1
0.8918918918918914,1
0.8918918918918914,1
0.8918918918918914,1
0.8918918918918914,1
0.8918918918918914,1
0.8918918918918914,1
0.8918918918918914,1
0.8918918918918914,1
0.8918918918918914,1
0.8918918918918914,1
0.8918918918918914,1
0.8918918918918914,1
0.8918918918918914,1
0.8918918918918914,1
0.8918918918918914,1
0.832042029498593,1
0.9583333333333335,1
0.9583333333333335,1
0.9583333333333335,1
0.9583333333333335,1
0.9583333333333335,1
0.9583333333333335,1
0.9583333333333335,1
0.9583333333333335,1
0.9583333333333335,1
0.9583333333333335,1
0.9583333333333335,1
0.9583333333333335,1
0.9583333333333335,1
0.9583333333333335,1
0.9583333333333335,1
0.9583333333333335,1
0.9583333333333335,1
0.9583333333333335,1
0.9583333333333335,1
0.9583333333333335,1
0.9583333333333335,1
0.9207368843792512,1
0.9207368843792512,1
0.9207368843792512,1
0.9207368843792512,1
0.9207368843792512,1
0.9207368843792512,1
0.9583333333333335,1
0.9583333333333335,1
0.9583333333333335,1
0.9583333333333335,1
0.9583333333333335,1
0.9583333333333335,1
0.9583333333333335,1
0.9583333333333335,1
0.9583333333333335,1
0.9583333333333335,1
0.9583333333333335,1
0.9583333333333335,1
0.9583333333333335,1
0.9583333333333335,1
0.9583333333333335,1
0.9363821838346236,1
0.9363821838346236,1
0.9363821838346236,1
0.9363821838346236,1
0.9363821838346236,1
0.9363821838346236,1
0.9565217391304349,1
0.9565217391304349,1
0.9565217391304349,1
0.9565217391304349,1
0.9565217391304349,1
0.9565217391304349,1
0.9565217391304349,1
0.9565217391304349,1
0.9565217391304349,1
0.9565217391304349,1
0.9565217391304349,1
0.9565217391304349,1
0.9565217391304349,1
0.9565217391304349,1
0.9565217391304349,1
0.9363821838346236,1
0.9363821838346236,1
0.9363821838346236,1
0.9363821838346236,1
0.9363821838346236,1
0.9363821838346236,1
0.9565217391304349,1
0.9565217391304349,1
0.9565217391304349,1
0.9565217391304349,1
0.9565217391304349,1
0.9565217391304349,1
0.9565217391304349,1
0.9565217391304349,1
0.9565217391304349,1
0.9565217391304349,1
0.9565217391304349,1
0.9565217391304349,1
0.9565217391304349,1
0.9565217391304349,1
0.9565217391304349,1
0.9666666666666665,1
0.9666666666666665,1
0.9666666666666665,1
0.9666666666666665,1
0.9666666666666665,1
0.9666666666666665,1
0.9666666666666665,1
0.9666666666666665,1
0.9666666666666665,1
0.9666666666666665,1
0.9666666666666665,1
0.9666666666666665,1
0.9666666666666665,1
0.9666666666666665,1
0.9666666666666665,1
0.9666666666666665,1
0.9666666666666665,1
0.9666666666666665,1
0.9666666666666665,1
0.9666666666666665,1
0.9666666666666665,1
0.9666666666666665,1
0.9666666666666665,1
0.9666666666666665,1
0.9666666666666665,1
0.9666666666666665,1
0.9666666666666665,1
0.9666666666666665,1
0.9558174284463218,1
0.9558174284463218,1
0.9558174284463218,1
0.9558174284463218,1
0.9558174284463218,1
0.9558174284463218,1
0.9558174284463218,1
0.9917210486310514,1
0.9558174284463218,1
0.9558174284463218,1
0.9558174284463218,1
0.9558174284463218,1
0.9558174284463218,1
0.9558174284463218,1
0.9558174284463218,1
0.9782608695652172,1
0.9782608695652172,1
0.9782608695652172,1
0.9782608695652172,1
0.9782608695652172,1
0.9782608695652172,1
0.9677978856435155,1
0.9782608695652172,1
0.9782608695652172,1
0.9782608695652172,1
0.9782608695652172,1
0.9782608695652172,1
0.9782608695652172,1
0.9999999999999997,1
0.9782608695652172,1
0.9782608695652172,1
0.9782608695652172,1
0.9782608695652172,1
0.9782608695652172,1
0.9677978856435155,1
0.9782608695652172,1
0.9782608695652172,1
0.9782608695652172,1
0.9782608695652172,1
0.9782608695652172,1
0.9999999999999997,1
0.9782608695652172,1
0.9782608695652172,1
0.9782608695652172,1
0.9782608695652172,1
0.9782608695652172,1
0.9677978856435155,1
0.9782608695652172,1
0.9782608695652172,1
0.9782608695652172,1
0.9782608695652172,1
0.9999999999999997,1
0.9782608695652172,1
0.9782608695652172,1
0.9782608695652172,1
0.9782608695652172,1
0.9782608695652172,1
0.9677978856435155,1
0.9782608695652172,1
0.9782608695652172,1
0.9782608695652172,1
0.9999999999999999,1
0.9782608695652172,1
0.9782608695652172,1
0.9782608695652172,1
0.9782608695652172,1
0.9782608695652172,1
0.9677978856435155,1
0.9782608695652172,1
0.9782608695652172,1
0.9999999999999999,1
0.9782608695652172,1
0.9782608695652172,1
0.9782608695652172,1
0.9782608695652172,1
0.9782608695652172,1
0.9677978856435155,1
0.9782608695652172,1
0.9999999999999999,1
0.9782608695652172,1
0.9782608695652172,1
0.9782608695652172,1
0.9782608695652172,1
0.9782608695652172,1
0.9677978856435155,1
0.9999999999999998,1
0.9782608695652172,1
0.9782608695652172,1
0.9782608695652172,1
0.9782608695652172,1
0.9782608695652172,1
0.9782608695652172,1
0.9677978856435155,1
0.9677978856435155,1
0.9677978856435155,1
0.9677978856435155,1
0.9677978856435155,1
0.9677978856435155,1
0.9677978856435155,1
0.9782608695652172,1
0.9782608695652172,1
0.9782608695652172,1
0.9782608695652172,1
0.9782608695652172,1
0.9782608695652172,1
0.9782608695652172,1
0.9782608695652172,1
0.9782608695652172,1
0.9782608695652172,1
0.9782608695652172,1
0.9782608695652172,1
0.9782608695652172,1
0.9782608695652172,1
0.9782608695652172,1
0.9782608695652172,1
0.9782608695652172,1
0.9782608695652172,1
0.9782608695652172,1
0.9782608695652172,1
0.9782608695652172,1
0.8333333333333333,1
0.8333333333333333,1
0.8333333333333333,1
0.8333333333333333,1
0.8333333333333333,1
0.8333333333333333,1
0.8171505630757666,1
0.8333333333333333,1
0.9600000000000004,1
0.9600000000000004,1
0.9600000000000004,1
0.9600000000000004,1
0.9600000000000004,1
0.9413574486632834,1
0.9600000000000004,1
0.9600000000000004,1
0.9600000000000004,1
0.9600000000000004,1
0.9600000000000004,1
0.9413574486632834,1
0.9600000000000004,1
0.9600000000000004,1
0.9600000000000004,1
0.9600000000000004,1
0.9413574486632834,1
0.9600000000000004,1
0.9600000000000004,1
0.9600000000000004,1
0.9413574486632834,1
0.9600000000000004,1
0.9600000000000004,1
0.9413574486632834,1
0.9600000000000004,1
0.9413574486632834,1
0.9600000000000004,1
0.9413574486632834,1
0.9816498172140427,1
0.10737509843863187,0
0.11194627867626022,0
0.20207259421636903,0
0.20207259421636903,0
0.3868955281314966,0
0.43041282333094194,0
0.44835883065424403,0
0.09491579957524991,0
0.07325794357582566,0
0.3768673314407159,0
0.1926686588971131,0
0.206418738616856,0
0.11466596451673744,0
0.7370973770897188,0
0.10032154423814099,0
0.09430419201928972,0
0.21526419295572297,0
0.03178208630818641,0
0.23390435267563509,0
0.031083493608010458,0
0.07336739820667779,0
0.02706040365966953,0
0.08977137412326329,0
0.23995690956687135,0
0.16329931618554525,0
0.21281413268968716,0
0.11908137705738524,0
0.2101050788156825,0
0.3768673314407159,0
0.08333333333333334,0
0.1543033499620919,0
0.4886272748799578,0
0.12801546729290467,0
0.9166666666666667,0
0.16847482690308205,0
0.1495371511386448,0
0.08333333333333334,0
0.11242343760332196,0
0.13212766396701017,0
0.11821656093586509,0
0.15389675281277315,0
0.12000000000000002,0
0.11704777297932796,0
0.49580177288238,0
0.2252213082307254,0
0.018349396085439344,0
0.27060403659669535,0
0.06435634802102162,0
0.3836809101689347,0
0.22279878637437303,0
0.3768673314407159,0
0.9363821838346236,0
0.16873229754642147,0
0.09046625460638012,0
0.22063065203045704,0
0.5710402407201607,0
0.6708203932499369,0
0.12203459945389272,0
0.26222491255009456,0
0.2080125735844609,0
0.08610567718228918,0
0.06269931364220768,0
0.19082600930253332,0
0.2614881801842454,0
0.15564320159117262,0
0.0,0
0.07627700713964738,0
0.11242343760332196,0
0.1926686588971131,0
0.031083493608010458,0
0.2614881801842454,0
0.14543584966911588,0
0.9363821838346236,0
0.06793662204867575,0
0.2861617460312277,0
0.2085144140570748,0
0.05556508399324771,0
0.8551633456984034,0
0.3008915324260793,0
0.015310507072487512,0
0.2614881801842454,0
0.8551633456984034,0
0.06711560552140243,0
0.8938193572966862,0
0.16012815380508716,0
0.09430419201928972,0
0.48989794855663565,0
0.22568905807670633,0
0.06793662204867575,0
0.10318787407351646,0
0.17251638983558854,0
0.18073922282301277,0
0.4898979485566357,0
0.3062146989621254,0
0.0335719831132296,0
0.10673521004472301,0
0.12373054103598746,0
0.9166666666666667,0
0.11118739749916517,0
0.206418738616856,0
0.19605723255834873,0
0.8551633456984034,0
0.14446302370292305,0
0.10032154423814099,0
0.5004345937369795,0
0.0,0
0.2063757481470329,0
0.03826918985879519,0
0.5421374765483945,0
0.09953109657524403,0
0.23592020058113897,0
0.14446302370292305,0
0.25819888974716115,0
0.08333333333333334,0
0.23490461932490855,0
0.05264981264926564,0
0.9166666666666667,0
0.43041282333094194,0
0.10032154423814099,0
0.5710402407201607,0
0.6335525936249404,0
0.06711560552140243,0
0.5710402407201607,0
0.01363988678940947,0
0.2551551815399144,0
0.08257228238447706,0
0.15713484026367722,0
0.09607689228305229,0
0.09028938981432692,0
0.12000000000000002,0
0.09078412990032037,0
0.04728662437434604,0
0.45178123045699536,0
0.3768673314407159,0
0.10207520041492879,0
0.14237369936287486,0
0.45178123045699536,0
0.13801311186847082,0
0.206418738616856,0
0.16666666666666666,0
0.14967108502231247,0
0.15386436372416595,0
0.16329931618554525,0
0.09393364366277243,0
0.43817804600413296,0
0.11168711865749101,0
0.12104550653376048,0
0.3768673314407159,0
0.11009637651263604,0
0.43041282333094194,0
0.08218816126224049,0
0.14744195615489714,0
0.3108349360801046,0
0.04303314829119353,0
0.1734944795898721,0
0.17272043058086514,0
0.014220565008492751,0
0.8551633456984034,0
0.9363821838346236,0
0.09320546490018,0
0.03140371465106639,0
0.07390530175619407,0
0.08333333333333334,0
0.12827975757122265,0
0.17391639824998362,0
0.15899075018722336,0
0.037620579089302886,0
0.11458333333333337,0
0.1393195531438382,0
0.06711560552140243,0
0.26064301757134345,0
0.08075728530872482,0
0.0,0
0.06454972243679027,0
0.14245072057454744,0
0.10958925093990117,0
0.30583175995974177,0
0.42135048580019235,0
0.23490461932490855,0
0.6335525936249404,0
0.4895650243261648,0
0.7620634755325444,0
0.26711222531767115,0
0.14543584966911588,0
0.20033416898825335,0
0.15899075018722336,0
0.11113855611859677,0
0.42135048580019235,0
0.4048204523763682,0
0.30851602658597743,0
0.021081851067789197,0
0.08434823356733,0
0.0,0
0.08164965809277261,0
0.01957400731715678,0
0.20207259421636903,0
0.16329931618554525,0
0.17391639824998362,0
0.09733285267845754,0
0.12510864843424488,0
0.06546536707079773,0
0.8938193572966862,0
0.14044168141158106,0
0.20628424925175867,0
0.2520920866827582,0
0.8938193572966862,0
0.09320546490018,0
0.12561485860426555,0
0.0680725148418058,0
0.2367785320221084,0
0.9583333333333335,0
0.22810637940488038,0
0.3768673314407159,0
0.9363821838346236,0
0.05685352436149612,0
0.23463538403416528,0
0.0,0
0.11821656093586509,0
0.06774581282657174,0
0.2282177322938192,0
0.06687338550904234,0
0.09428090415820632,0
0.08218816126224049,0
0.06347794739899404,0
0.38782893245097577,0
0.2595542738092201,0
0.08333333333333334,0
0.26711222531767115,0
0.23490461932490855,0
0.8551633456984034,0
0.20207259421636903,0
0.37354368381881414,0
0.0,0
0.2101050788156825,0
0.009040246360918491,0
0.21526419295572297,0
0.49505250040746673,0
0.9363821838346236,0
0.08798826901281198,0
0.43041282333094194,0
0.9130434782608697,0
0.8938193572966862,0
0.2649064714130089,0
0.12510864843424488,0
0.14272480642961255,0
0.0,0
0.014220565008492751,0
0.04216370213557839,0
0.06107048165524592,0
0.2367785320221084,0
0.43817804600413296,0
0.5464207904830385,0
0.030912233386759316,0
0.09028938981432692,0
0.10540925533894598,0
0.2367785320221084,0
0.1370277251968776,0
0.23490461932490855,0
0.0,0
0.45178123045699536,0
0.11736911946539275,0
0.08512565307587486,0
0.12000000000000002,0
0.2282177322938192,0
0.42135048580019235,0
0.14744195615489714,0
0.9583333333333335,0
0.0763888888888889,0
0.12801546729290467,0
0.18070158058105024,0
0.22071506117436737,0
0.26711222531767115,0
0.3945575695328574,0
0.12160807582267838,0
0.07500586006173493,0
0.10767638041163309,0
0.1695158759052026,0
0.08512565307587486,0
0.12416450892255888,0
0.14744195615489714,0
0.20064308847628198,0
0.052026598171447204,0
0.06774581282657174,0
0.18014417303072303,0
0.1180480411624714,0
0.38782893245097577,0
0.2677847708018314,0
0.42135048580019235,0
0.12247448713915893,0
0.09733285267845754,0
0.1098436937909367,0
0.11466596451673744,0
0.13753186464306208,0
0.07390530175619407,0
0.14967108502231247,0
0.06279901935057532,0
0.4422689813358516,0
0.10032154423814099,0
0.04279604925109129,0
0.03446739311292904,0
0.8938193572966862,0
0.11892065626771292,0
0.2614881801842454,0
0.46153846153846145,0
0.08512565307587486,0
0.06711560552140243,0
0.26711222531767115,0
0.10032154423814099,0
0.10127393670836665,0
0.4514469490716347,0
0.08512565307587486,0
0.38933141071383015,0
0.08512565307587486,0
0.03446739311292904,0
0.030912233386759316,0
0.07206329937749,0
0.3042903097250923,0
0.15488772733285028,0
0.4195731958391368,0
0.2649064714130089,0
0.10958925093990117,0
0.21773242158072695,0
0.4898979485566357,0
0.09953109657524403,0
0.10032154423814099,0
0.11869522585912262,0
0.030912233386759316,0
0.06622661785325219,0
0.43630754900734775,0
0.1668115312456598,0
0.11967656236405338,0
0.018349396085439344,0
0.49580177288238,0
0.48989794855663565,0
0.9166666666666667,0
0.1485667259923031,0
0.224179415327122,0
0.2721655269759087,0
0.08401680504168058,0
0.14744195615489714,0
0.40032038451271784,0
0.14233199897709767,0
0.8551633456984034,0
0.49580177288238,0
0.12247448713915893,0
0.17407765595569782,0
0.2338821384818744,0
0.38269189858795194,0
0.18741784341058304,0
0.43041282333094194,0
0.09430419201928972,0
0.14507966765069372,0
0.06862971855589192,0
0.09428090415820632,0
0.23995690956687135,0
0.3113603758544627,0
0.19355957712870311,0
0.7370973770897188,0
0.42135048580019235,0
0.03826918985879519,0
0.22507034547615987,0
0.3768673314407159,0
0.06711560552140243,0
0.1318760946791574,0
0.48989794855663565,0
0.42135048580019235,0
0.09863939238321438,0
0.06347794739899404,0
0.03214952147802747,0
0.10958925093990117,0
0.11729852221214704,0
0.18257418583505536,0
0.3768673314407159,0
0.6708203932499369,0
0.11935247900657216,0
0.5710402407201607,0
0.11340230290662862,0
0.08846517369293828,0
0.20628424925175867,0
0.04303314829119352,0
0.1416576493949657,0
0.26064301757134345,0
0.9166666666666667,0
0.4886272748799578,0
0.2338821384818744,0
0.08920515501750789,0
0.2338821384818744,0
0.23490461932490855,0
0.16898159235484367,0
0.8938193572966862,0
0.48989794855663565,0
0.9166666666666667,0
0.1898315991504998,0
0.455977953008892,0
0.42135048580019235,0
0.49049892766040426,0
0.33097183623051585,0
0.11997845478343566,0
0.12801546729290467,0
0.11308281825797516,0
0.08164965809277261,0
0.08489527199560176,0
0.17251638983558854,0
0.19611613513818404,0
0.19693159036084407,0
0.8938193572966862,0
0.08164965809277261,0
0.11805626722019105,0
0.0959539531510802,0
0.10540925533894596,0
0.17391639824998362,0
0.2221789563033637,0
1.0,1
0.9999999999999994,1
0.8789224042963268,1
1.0000000000000002,1
0.8907337387831411,1
0.8215838362577494,1
0.8861469461982087,1
0.8215838362577494,1
0.8861469461982087,1
0.8215838362577494,1
0.8861469461982087,1
0.8215838362577494,1
1.0000000000000002,1
0.8861469461982087,1
0.8215838362577494,1
0.8861469461982087,1
0.8215838362577494,1
0.8861469461982087,1
0.8861469461982087,1
0.8215838362577494,1
0.810414521754272,1
0.810414521754272,1
0.810414521754272,1
0.810414521754272,1
0.9231861823449957,1
0.8787878787878787,1
0.8956221510397979,1
0.8956221510397979,1
0.9539590550898286,1
0.9231861823449954,1
0.9999999999999999,1
0.9539590550898286,1
0.9381941874331421,1
0.9485040136686705,1
0.8006407690254358,1
0.9684747092264967,1
0.909241209316635,1
0.898146239020499,1
0.7680294792817213,1
0.9684747092264967,1
0.909241209316635,1
0.898146239020499,1
0.7552593373581468,1
0.9684747092264967,1
0.909241209316635,1
0.898146239020499,1
0.7552593373581468,1
0.9684747092264967,1
0.909241209316635,1
0.898146239020499,1
0.7680294792817213,1
0.8928571428571431,1
0.7453783886776518,1
0.9116561968618411,1
0.9764082219405036,1
0.8485281374238568,1
0.7176435430643551,1
0.9116561968618411,1
0.9764082219405036,1
0.8485281374238568,1
0.7071067811865475,1
0.9116561968618411,1
0.9764082219405036,1
0.8485281374238568,1
0.7071067811865475,1
0.9116561968618411,1
0.9764082219405036,1
0.8485281374238568,1
0.7176435430643551,1
0.7924288517503272,1
0.9168656608439089,1
0.8639187954496622,1
0.929340340988034,1
0.7601520456152052,1
0.9168656608439089,1
0.8639187954496622,1
0.929340340988034,1
0.747512882968636,1
0.9168656608439089,1
0.8639187954496622,1
0.929340340988034,1
0.747512882968636,1
0.9168656608439089,1
0.8639187954496622,1
0.929340340988034,1
0.7601520456152052,1
0.768657724359598,1
0.7163279717599775,1
0.7452413135250995,1
0.9709195467257721,1
0.768657724359598,1
0.7163279717599775,1
0.7452413135250995,1
0.9609690621771021,1
0.768657724359598,1
0.7163279717599775,1
0.7452413135250995,1
0.9609690621771021,1
0.768657724359598,1
0.7163279717599775,1
0.7452413135250995,1
0.9709195467257721,1
0.832050294337844,1
0.9166666666666671,1
0.832050294337844,1
0.9166666666666671,1
0.832050294337844,1
0.9166666666666671,1
0.8215838362577494,1
0.9245003270420489,1
1.0000000000000004,1
0.832050294337844,1
0.9166666666666671,1
0.832050294337844,1
0.832050294337844,1
0.9166666666666671,1
0.8134328358208959,1
0.8134328358208959,1
0.8134328358208959,1
0.8924133096001624,1
0.9095085938862487,1
0.9095085938862487,1
0.9374999999999999,1
0.9539590550898286,1
0.9999999999999999,1
0.9372403389139508,1
0.9282791216329143,1
0.7965821859505253,1
0.9787234042553192,1
0.9188630773666184,1
0.9076506967077383,1
0.7632517222315073,1
0.9787234042553192,1
0.9188630773666184,1
0.9076506967077383,1
0.7632517222315073,1
0.9787234042553192,1
0.9188630773666184,1
0.9076506967077383,1
0.7761570016953836,1
0.873053390247253,1
0.7409585736349484,1
0.9188630773666184,1
0.9841269841269835,1
0.8552359741197582,1
0.7126966450997984,1
0.9188630773666184,1
0.9841269841269835,1
0.8552359741197582,1
0.7126966450997984,1
0.9188630773666184,1
0.9841269841269835,1
0.8552359741197582,1
0.7233167028341163,1
0.8896519492825531,1
0.7723150835218058,1
0.9076506967077383,1
0.8552359741197582,1
0.9800000000000001,1
0.7400000000000001,1
0.9076506967077383,1
0.8552359741197582,1
0.9800000000000001,1
0.7400000000000001,1
0.9076506967077383,1
0.8552359741197582,1
0.9800000000000001,1
0.7525121326622723,1
0.7761570016953836,1
0.7233167028341163,1
0.7525121326622723,1
0.9703445921171405,1
0.7761570016953836,1
0.7233167028341163,1
0.7525121326622723,1
0.9703445921171405,1
0.7761570016953836,1
0.7233167028341163,1
0.7525121326622723,1
0.9803921568627452,1
0.9245003270420489,1
0.8974358974358975,1
0.832050294337844,1
0.8974358974358975,1
0.832050294337844,1
0.8861469461982087,1
0.8974358974358975,1
0.832050294337844,1
1.0,1
0.9245003270420489,1
0.8974358974358975,1
0.8974358974358975,1
0.832050294337844,1
0.832050294337844,1
0.9166666666666671,1
0.832050294337844,1
0.9166666666666671,1
0.8215838362577494,1
0.832050294337844,1
0.9166666666666671,1
0.9245003270420489,1
1.0000000000000004,1
0.832050294337844,1
0.832050294337844,1
0.9166666666666671,1
0.8134328358208959,1
0.8134328358208959,1
0.9553302944424511,1
0.9254762227411245,1
0.9372403389139508,1
0.9282791216329143,1
0.7838801471566832,1
0.9787234042553192,1
0.9188630773666184,1
0.9076506967077383,1
0.7632517222315073,1
0.9787234042553192,1
0.9188630773666184,1
0.9076506967077383,1
0.7761570016953836,1
0.873053390247253,1
0.7305140612272932,1
0.9188630773666184,1
0.9841269841269835,1
0.8552359741197582,1
0.7126966450997984,1
0.9188630773666184,1
0.9841269841269835,1
0.8552359741197582,1
0.7233167028341163,1
0.7600000000000001,1
0.9076506967077383,1
0.8552359741197582,1
0.9800000000000001,1
0.7400000000000001,1
0.9076506967077383,1
0.8552359741197582,1
0.9800000000000001,1
0.7525121326622723,1
0.7632517222315073,1
0.7126966450997984,1
0.7400000000000001,1
0.9800000000000001,1
0.7632517222315073,1
0.7126966450997984,1
0.7400000000000001,1
0.9703445921171405,1
0.9245003270420489,1
0.8974358974358975,1
0.832050294337844,1
0.8861469461982087,1
0.8974358974358975,1
0.832050294337844,1
0.8974358974358975,1
0.832050294337844,1
1.0,1
0.8974358974358975,1
0.832050294337844,1
0.8134328358208959,1
0.832050294337844,1
0.9166666666666671,1
0.8215838362577494,1
0.832050294337844,1
0.9166666666666671,1
0.832050294337844,1
0.9166666666666671,1
0.9245003270420489,1
0.832050294337844,1
0.9166666666666671,1
0.9411764705882353,1
0.9372403389139508,1
0.9282791216329143,1
0.7838801471566832,1
0.9787234042553192,1
0.9188630773666184,1
0.9076506967077383,1
0.7761570016953836,1
0.8730533902472531,1
0.7305140612272933,1
0.9188630773666184,1
0.9841269841269835,1
0.8552359741197582,1
0.7233167028341163,1
0.7600000000000001,1
0.9076506967077383,1
0.8552359741197582,1
0.9800000000000001,1
0.7525121326622723,1
0.7632517222315073,1
0.7126966450997984,1
0.7400000000000001,1
0.9703445921171405,1
0.9245003270420489,1
0.8861469461982087,1
0.8974358974358975,1
0.832050294337844,1
0.8974358974358975,1
0.832050294337844,1
0.8974358974358975,1
1.0,1
0.9245003270420489,1
0.8215838362577494,1
0.832050294337844,1
0.9166666666666671,1
0.832050294337844,1
0.9166666666666671,1
0.832050294337844,1
0.9245003270420489,1
1.0000000000000004,1
0.9231861823449954,1
0.9374999999999999,1
0.9372403389139508,1
0.9282791216329143,1
0.7965821859505253,1
0.873053390247253,1
0.7409585736349484,1
0.7723150835218058,1
1.0,1
1.0,1
1.0,1
1.0,1
1.0,1
1.0,1
0.8861469461982087,1
0.8215838362577494,1
0.8861469461982087,1
0.8215838362577494,1
0.8861469461982087,1
0.8861469461982087,1
0.8215838362577494,1
0.9539590550898286,1
0.9245003270420489,1
0.8974358974358975,1
0.832050294337844,1
0.8974358974358975,1
0.8974358974358975,1
0.832050294337844,1
0.832050294337844,1
0.9166666666666671,1
0.832050294337844,1
0.832050294337844,1
0.9166666666666671,1
0.9245003270420489,1
0.8974358974358975,1
0.8974358974358975,1
0.832050294337844,1
0.832050294337844,1
0.832050294337844,1
0.9166666666666671,1
0.8974358974358975,1
0.832050294337844,1
0.9245003270420489,1
0.9999999999999993,1
0.28577380332470415,0
0.0,0
0.5745242597140698,0
0.0,0
0.27395574196663164,0
0.2715704474415585,0
0.35282284954762905,0
0.044781107551989906,0
0.48418202613504185,0
0.0,0
0.1678362716593378,0
0.256555833148241,0
0.188815805616755,0
0.5702248022984665,0
0.3066220703359333,0
0.09110136110168687,0
0.07417901772340939,0
0.2829582292090551,0
0.4308202184276645,0
0.020174251088960076,0
0.22025456151856676,0
0.0,0
0.06253909915928249,0
0.13159033899195377,0
0.47809144373375734,0
0.5819143739626463,0
0.1199089038364821,0
0.25793063108798087,0
0.0,0
0.28022426915890253,0
0.37674826122551464,0
0.5662208585049306,0
0.0,0
0.10961761428628042,0
0.0,0
0.46225016352102427,0
0.5790660241435861,0
0.368673360891668,0
0.14852213144650114,0
0.0,0
0.1080339539253607,0
0.28022426915890253,0
0.5819143739626463,0
0.15075567228888184,0
0.13229539391466213,0
0.4671418358670517,0
0.1259704116089924,0
0.0,0
0.0,0
0.4898979485566356,0
0.36539204762093475,0
0.10690449676496974,0
0.1950625195948895,0
0.16514456476895412,0
0.09456006471770236,0
0.14461451843272152,0
0.6123724356957945,0
0.1381210611316455,0
0.3069703067574602,0
0.20956448873598016,0
0.26257545381445874,0
0.5819143739626463,0
0.5361612681578527,0
0.3888826592409258,0
0.3888826592409258,0
0.5908391567007971,0
0.3939393939393939,0
0.15650160901149998,0
0.08488746876271652,0
0.09110136110168687,0
0.2914915440650687,0
0.48038446141526137,0
0.16269784336399212,0
0.24664669113198123,0
0.0,0
0.0,0
0.6281486345370074,0
0.28577380332470415,0
0.20956448873598016,0
0.2491009475118111,0
0.010883719140805652,0
0.41559291313308194,0
0.06253909915928249,0
0.21053226681107934,0
0.0425435629811517,0
0.08488746876271652,0
0.0,0
0.0,0
0.0,0
0.4671418358670517,0
0.19866964259464334,0
0.0952380952380952,0
0.6182840223353118,0
0.11852177018919195,0
0.4583333333333334,0
0.43301270189221935,0
0.11026356928399424,0
0.10050378152592122,0
0.4490731195102493,0
0.5567942539842173,0
0.5361612681578527,0
0.41964757415527953,0
0.14153462926807447,0
0.48038446141526137,0
0.38013155617496425,0
0.43026527297494643,0
0.0,0
0.13159033899195377,0
0.6123724356957945,0
0.1950625195948895,0
0.13937366833451514,0
0.0,0
0.5053814873550416,0
0.0425435629811517,0
0.0,0
0.09022811434760543,0
0.0,0
0.625390991592825,0
0.08488746876271652,0
0.15398666668426425,0
0.21748395359886372,0
0.0,0
0.4158269298239914,0
0.11476380835140089,0
0.17037504464696343,0
0.16342704347623882,0
0.06253909915928249,0
0.09022811434760543,0
0.0,0
0.05383819020581655,0
0.1355815361366601,0
0.5336343551534141,0
0.16300321564060863,0
0.0952380952380952,0
0.0,0
0.05242099291379208,0
0.0,0
0.3491282676376716,0
0.31137618438976383,0
0.0,0
0.07219134697070166,0
0.07562376774775248,0
0.1877366424645946,0
0.0,0
0.13159033899195377,0
0.38013155617496425,0
0.0,0
0.3700464507873922,0
0.14247196267732845,0
0.13975424859373686,0
0.0,0
0.08488746876271652,0
0.5118197276397468,0
0.38013155617496425,0
0.0,0
0.2491009475118111,0
0.0,0
0.1862641754758371,0
0.3405638042551667,0
0.1267024534319901,0
0.1877366424645946,0
0.45202694411832933,0
0.0,0
0.04802921064280741,0
0.0,0
0.27407548393101266,0
0.5702248022984665,0
0.1950625195948895,0
0.19814848097530424,0
0.16770509831248423,0
0.0,0
0.12229989761755711,0
0.2729392050957345,0
0.3405638042551667,0
0.32338083338177726,0
0.24535824603285922,0
0.5672816854423363,0
0.6182840223353118,0
0.07680260217894055,0
0.0,0
0.22906770816807231,0
0.07490273259515864,0
0.326637289959244,0
0.16269784336399212,0
0.6063390625908325,0
0.0,0
0.07219134697070166,0
0.15309310892394862,0
0.2491009475118111,0
0.062313914215573994,0
0.11402229353779302,0
0.5053814873550416,0
0.0,0
0.3849741916091626,0
0.018184824186332698,0
0.020174251088960076,0
0.0,0
0.1355815361366601,0
0.0,0
0.06648678462812166,0
0.14852213144650114,0
0.14446302370292308,0
0.3700464507873922,0
0.4244373438135826,0
0.14707472779848219,0
0.04802921064280741,0
0.05242099291379208,0
0.5908391567007971,0
0.0,0
0.4631835565865854,0
0.0,0
0.4631835565865854,0
0.4490731195102493,0
0.5819143739626463,0
0.27407548393101266,0
0.018184824186332698,0
0.06253909915928249,0
0.0,0
0.12216944435630522,0
0.32338083338177726,0
0.04333513900174395,0
0.1234930956058247,0
0.3849741916091626,0
0.10690449676496974,0
0.11852177018919195,0
0.524530528312962,0
0.11026356928399424,0
0.0,0
0.1373087590952724,0
0.6217059141274924,0
0.09542083559526844,0
0.7940523121441772,0
0.524530528312962,0
0.4671418358670517,0
0.5118197276397468,0
0.020174251088960076,0
0.24596747752497689,0
0.06431196942844081,0
0.0,0
0.4671418358670517,0
0.19547111097008837,0
0.21379652762353415,0
0.5341717946249498,0
0.10965861582662814,0
0.3491282676376716,0
0.3405638042551667,0
0.575,0
0.20956448873598016,0
0.020174251088960076,0
0.16954023688483616,0
0.4687499999999999,0
0.04333513900174395,0
0.27395574196663164,0
0.24664669113198123,0
0.04385290096535146,0
0.08488746876271652,0
0.11592895302866986,0
0.3066220703359333,0
0.3071707419893691,0
0.11476380835140089,0
0.24664669113198123,0
0.045475429694312425,0
0.37674826122551464,0
0.48418202613504185,0
0.0,0
0.06431196942844081,0
0.48418202613504185,0
0.20956448873598016,0
0.08362420100070908,0
0.05403432269582992,0
0.16419739435729633,0
0.3317017360018887,0
0.0,0
0.1080339539253607,0
0.10050378152592122,0
0.47809144373375734,0
0.368673360891668,0
0.33627981228365866,0
0.1355815361366601,0
0.35282284954762905,0
0.4179570038185725,0
0.0,0
0.5617765604118756,0
0.6092717958449425,0
0.2107338585137367,0
0.04832976746641416,0
0.0,0
0.16674324221247888,0
0.1430397079704303,0
0.0,0
0.09110136110168687,0
0.021429938177396277,0
0.07128324356402513,0
0.0,0
0.38013155617496425,0
0.37674826122551464,0
0.38013155617496425,0
0.600375351929112,0
0.27395574196663164,0
0.5361612681578527,0
0.5930672165988062,0
0.07680260217894055,0
0.37674826122551464,0
0.258891269910618,0
0.024068800315973672,0
0.0,0
0.3066220703359333,0
0.3849741916091626,0
0.5118197276397468,0
0.5940885257860045,0
0.45175395145262554,0
0.5053814873550416,0
0.1373087590952724,0
0.1355815361366601,0
0.38533731779422625,0
0.7242068243779014,0
0.16770509831248423,0
0.11135885079684348,0
0.0,0
0.018184824186332698,0
0.27884542923804095,0
0.0,0
0.04832976746641416,0
0.020174251088960076,0
0.5263613559678152,0
0.48418202613504185,0
0.575,0
0.5249007842757843,0
0.4612656040144425,0
0.0,0
0.4244650464914204,0
0.5099205755334125,0
0.21053226681107934,0
0.5840122235368794,0
0.37674826122551464,0
0.5401697696268034,0
0.08286780487787665,0
0.34816727416163235,0
0.07490273259515864,0
0.4671418358670517,0
0.600375351929112,0
0.04850712500726659,0
0.1373087590952724,0
0.6000000000000001,0
0.0,0
0.0,0
0.0,0
0.34179296351233157,0
0.0,0
0.5138560194537569,0
0.6013377943029548,0
0.577350269189626,0
0.5118197276397468,0
