0.9491525423728813,1
0.9459034962660449,1
0.9229372330854553,1
0.9229372330854553,1
0.9459034962660449,1
0.9459034962660449,1
0.9206543178783783,1
0.9352149780473449,1
0.9459034962660449,1
0.9459034962660449,1
0.9229372330854553,1
0.9229372330854553,1
0.9459034962660449,1
0.9459034962660449,1
0.9206543178783783,1
0.9352149780473449,1
0.9459034962660449,1
0.9107328926429858,1
0.9107328926429858,1
0.9482758620689654,1
0.9482758620689654,1
0.9224481468728767,1
0.9375605365964536,1
0.9482758620689654,1
0.960352422907489,1
0.9107328926429858,1
0.9107328926429858,1
0.8931886220312049,1
0.9004417951327108,1
0.9107328926429858,1
0.9107328926429858,1
0.9107328926429858,1
0.8931886220312049,1
0.9004417951327108,1
0.9107328926429858,1
0.9482758620689654,1
0.9224481468728767,1
0.9375605365964536,1
0.9482758620689654,1
0.9224481468728767,1
0.9375605365964536,1
0.9482758620689654,1
0.9120246693589679,1
0.9224481468728767,1
0.9375605365964536,1
0.9704142011834319,1
0.9704142011834319,1
0.9704142011834319,1
0.9850021849285566,1
0.8974543364471576,1
0.9385162415490982,1
0.939340272211713,1
0.939340272211713,1
0.939340272211713,1
0.939340272211713,1
0.9305475020526558,1
0.9423270532695154,1
0.916764621309534,1
0.931905476560256,1
0.920033584470318,1
0.920033584470318,1
0.920033584470318,1
0.920033584470318,1
0.9114215361144932,1
0.9229589768589226,1
0.9003634343080728,1
0.8888933680806638,1
0.8888933680806638,1
0.8888933680806638,1
0.8888933680806638,1
0.8805728102246262,1
0.89171974522293,1
0.9295635767403794,1
0.9295635767403794,1
0.9295635767403794,1
0.9295635767403794,1
0.920862322125516,1
0.9325192712476468,1
0.9430379746835443,1
0.9430379746835443,1
0.9430379746835443,1
0.9342105918831333,1
0.9460365131715633,1
0.9430379746835443,1
0.9430379746835443,1
0.9342105918831333,1
0.9460365131715633,1
0.9430379746835443,1
0.9342105918831333,1
0.9460365131715633,1
0.9342105918831333,1
0.9460365131715633,1
0.9560504796724513,1
0.9543147208121827,1
0.9867543820659301,1
0.9867543820659301,1
0.8911327886790069,1
0.8911327886790069,1
0.9199999999999999,1
0.9750086047545852,1
0.955705855797931,1
0.8773369374312076,1
0.9855706699011285,1
0.9718407677991748,1
0.9691644804208959,1
0.9503661744996373,1
0.9638864282551244,1
0.9412012784454314,1
0.8980265101338746,1
0.96,1
0.8621054497285195,1
0.8621054497285195,1
0.967741935483871,1
0.8980265101338746,1
0.7985377734104316,1
0.874020443893348,1
0.8648006465547509,1
0.9284766908852593,1
0.782608695652174,1
0.782608695652174,1
0.7391304347826086,1
0.7391304347826086,1
0.782608695652174,1
0.782608695652174,1
0.8744699354028556,1
0.9820218343381591,1
0.9736842105263157,1
0.8889566369846307,1
0.7410482726333565,1
0.8432740427115678,1
0.7171371656006362,1
0.805313238289739,1
0.805313238289739,1
0.7410482726333565,1
0.7171371656006362,1
0.7006490497453707,1
0.7171371656006362,1
0.7726194953941325,1
0.8329267300725657,1
0.7870417814679405,1
0.7196763181246416,1
0.7196763181246416,1
0.7726194953941325,1
0.7870417814679405,1
0.8073937705142321,1
0.7870417814679405,1
0.7811334658849433,1
0.8201130521752048,1
0.7893862224383408,1
0.7893862224383408,1
0.8474576271186441,1
0.8201130521752048,1
0.8172825052418669,1
0.8201130521752048,1
0.7559289460184545,1
0.7276068751089989,1
0.7276068751089989,1
0.7811334658849433,1
0.7559289460184545,1
0.7385489458759965,1
0.7559289460184545,1
0.7639154141901761,1
0.7639154141901761,1
0.8201130521752048,1
0.8571428571428572,1
0.8529438595319316,1
0.8571428571428572,1
0.8676470588235294,1
0.7893862224383408,1
0.7639154141901761,1
0.7612788283838284,1
0.7639154141901761,1
0.7893862224383408,1
0.7639154141901761,1
0.7612788283838284,1
0.7639154141901761,1
0.8201130521752048,1
0.8172825052418669,1
0.8201130521752048,1
0.8529438595319316,1
0.8571428571428572,1
0.8529438595319316,1
0.26872330656349996,0
0.4537426064865151,0
0.7300956427599692,0
0.4848828330328008,0
0.11314070555035505,0
0.6997828094574492,0
0.6996219952971143,0
0.19089077732167503,0
0.38094923486066246,0
0.3398610013842678,0
0.31049910731634967,0
0.8081679637226793,0
0.3500452050373213,0
0.691875405226949,0
0.8151849389869785,0
0.391119252756403,0
0.33683097655373617,0
0.24706309801445114,0
0.47716350803398533,0
0.6433359936817205,0
0.7324432944468822,0
0.2569740439343986,0
0.5149429486935491,0
0.45575152169601674,0
0.36087515878885346,0
0.24399614070098286,0
0.43241560109111665,0
0.09695723311274396,0
0.5993450971306475,0
0.43170522223747054,0
0.3843668599554346,0
0.45467188543278403,0
0.34567929426187327,0
0.5378624789733594,0
0.3666299552169685,0
0.2343400397654829,0
0.22514716129596513,0
0.8081679637226793,0
0.6997828094574492,0
0.5650068464831998,0
0.16478431946334882,0
0.6972330436578575,0
0.3961661615229939,0
0.6971972475735579,0
0.16287758693937093,0
0.8208738144453034,0
0.5310771514514195,0
0.45956593064267115,0
0.662964403479775,0
0.7738198478433773,0
0.6942474766987893,0
0.40601414484943077,0
0.6062651946933293,0
0.38484506866042434,0
0.5390120654138018,0
0.3745117496865965,0
0.2793650452676897,0
0.5179339514777017,0
0.4753784331787233,0
0.5740759655631985,0
0.2590358413416318,0
0.22156468376279892,0
0.4875545917466205,0
0.10890171046725805,0
0.4816068693391147,0
0.33683097655373617,0
0.1549968516584257,0
0.1699382703252007,0
0.16025502820404658,0
0.431794300167913,0
0.44247467062942036,0
0.11314070555035505,0
0.22295201801997955,0
0.15762208124782007,0
0.4439600458739208,0
0.2656719637461258,0
0.34872510004629564,0
0.5285632955738963,0
0.5339366515837104,0
0.5740759655631985,0
0.7169546728642368,0
0.08111071056538122,0
0.5715005715008573,0
0.7932032913761405,0
0.53648275352272,0
0.5360015950756716,0
0.41247895569215276,0
0.2820047736298581,0
0.6752827320385952,0
0.3335290461375453,0
0.8101837380990394,0
0.3034330424545042,0
0.47108474380400656,0
0.3494665000709454,0
0.2820047736298581,0
0.7493021047791019,0
0.30858049240004637,0
0.3416888482750542,0
0.3131643845906611,0
0.5014063085310765,0
0.2722349764467821,0
0.8006030425060094,0
0.3716850544959843,0
0.396681637889984,0
0.16287758693937093,0
0.7664382497277809,0
0.5919751167305489,0
0.4058888551215276,0
0.206418738616856,0
0.396681637889984,0
0.13076155407271117,0
0.34829888285959554,0
0.3422142365316656,0
0.35306940215201044,0
0.25917987017752675,0
0.7810687717464183,0
0.42426406871192845,0
0.12973162501932323,0
0.42889281246715627,0
0.23624824736844707,0
0.4572004572006858,0
0.22677868380553634,0
0.3416888482750542,0
0.8682346279532264,0
0.5725818308816161,0
0.3439709431544671,0
0.27460601323575695,0
0.15762208124782007,0
0.16287758693937093,0
0.6818502003291679,0
0.09567297464698798,0
0.3546289761400747,0
0.396681637889984,0
0.8101837380990394,0
0.3336230624913197,0
0.47168894643902515,0
0.7817631049941043,0
0.29200765320061184,0
0.2936355294457036,0
0.5061294132158307,0
0.32992863540114736,0
0.2845338648384056,0
0.5802113724356686,0
0.8101837380990394,0
0.49224359156215547,0
0.5169230769230769,0
0.6996219952971143,0
0.2847207731332164,0
0.35947750335308726,0
0.4043314910709951,0
0.23213838936180675,0
0.3998770271279831,0
0.23794319025636257,0
0.551653299962674,0
0.6996219952971143,0
0.6814185279188429,0
0.49266463908214664,0
0.32694446124138077,0
0.7973251719830992,0
0.6606080901244327,0
0.35355339059327373,0
0.37598551485998066,0
0.5342029984716966,0
0.33579019667014587,0
0.287153661502632,0
0.7169546728642368,0
0.35947750335308726,0
0.2829014524383844,0
0.23479148566821317,0
0.3422142365316656,0
0.24180779030171728,0
0.7744821093548492,0
0.23479148566821317,0
0.5013013593306089,0
0.4029114820126902,0
0.698439159041966,0
0.22748167446184375,0
0.5741465317326668,0
0.4480406085522496,0
0.5537160721234005,0
0.6356912151612686,0
0.4920513809100029,0
0.9166666666666667,1
1.0,1
0.8362420100070908,1
1.0,1
0.9802196077675933,1
0.9570011870502855,1
0.9434563530497265,1
0.6123724356957946,1
0.649519052838329,1
0.9842935722392187,1
0.9917355371900827,1
0.9703028940457658,1
0.9655172413793105,1
1.0,1
0.903696114115064,1
0.903696114115064,1
0.6537204504606134,1
0.9333333333333333,1
1.0,1
1.0,1
1.0,1
1.0,1
1.0,1
1.0,1
1.0,1
1.0,1
1.0,1
1.0,1
1.0,1
0.8707384247518026,1
1.0,1
1.0,1
0.8767140075192092,1
0.9786452262557865,1
0.8651809126974002,1
0.9473684210526316,1
0.8111071056538126,1
0.8111071056538126,1
0.9444444444444445,1
0.8651809126974002,1
1.0,1
1.0,1
0.7284927963857741,1
0.8807710121010885,1
0.8082903768654761,1
0.6998964726756152,1
0.7150969419341943,1
0.8001976040538965,1
0.7926290870042667,1
0.675,1
0.9333333333333332,1
0.8362420100070908,1
0.8666666666666667,1
0.9393364366277241,1
0.9128709291752768,1
0.8140915784106943,1
0.8140915784106943,1
0.79115480528524,1
0.9393364366277241,1
0.97182531580755,1
0.8823529411764706,1
0.8574929257125441,1
1.0,1
1.0,1
1.0,1
1.0,1
1.0,1
1.0,1
1.0,1
1.0,1
1.0,1
1.0,1
1.0,1
0.9523809523809523,1
0.9213717213621486,1
0.8008534347238065,1
0.9508196721311475,1
0.9328052770118428,1
0.9527430852397802,1
0.943348393420801,1
0.9508333504193188,1
0.9486832980505138,1
0.7706746355884524,1
0.7833494518006403,1
0.8987044099809316,1
1.0,1
0.9929327736346233,1
0.9233805168766386,1
0.9233805168766386,1
0.8999999999999999,1
0.9833333333333333,1
0.9714285714285714,1
1.0,1
1.0,1
0.828243423318672,1
0.9510441892119876,1
0.9351051699054354,1
0.9516079509481267,1
0.9121403400793103,1
0.8961538461538462,1
0.8615384615384616,1
0.9653846153846153,1
0.8332051183416778,1
0.7937375074728614,1
0.9550000000000001,1
0.8332051183416778,1
0.7937375074728614,1
0.9121403400793103,1
0.8649999999999999,1
0.82,1
0.7937375074728614,1
0.8332051183416778,1
0.9516079509481267,1
0.82,1
0.8649999999999999,1
0.9271376228461704,1
1.0,1
0.9930312739844155,1
0.9192914652146857,1
0.9385964912280702,1
0.8995373959206959,1
0.9224300477447903,1
0.9088109773219402,1
0.9319396358658706,1
0.9550753851439494,1
0.9271376228461704,1
0.9206766547738151,1
0.9915372244226286,1
0.8385254915624212,1
1.0,1
0.8944271909999159,1
0.95,1
0.8385254915624212,1
0.8008104862014862,1
0.7000432138778694,1
0.8008104862014862,1
0.7000432138778694,1
0.8008104862014862,1
0.8008104862014862,1
0.8008104862014862,1
0.7514844452943098,1
0.7514844452943098,1
0.73744167546939,1
0.6246097408298844,1
0.8385254915624212,1
0.8889437636544374,1
0.8889437636544374,1
0.7055656821198122,1
0.8301886792452831,1
0.7055656821198122,1
0.8301886792452831,1
0.8301886792452831,1
0.8301886792452831,1
0.7446830951640662,1
0.7446830951640662,1
0.6732769762827576,1
0.5827715174143584,1
0.8351593788356962,1
0.9010989010989012,1
0.7055656821198122,1
0.7055656821198122,1
0.7055656821198122,1
0.6666766204066606,1
0.6666766204066606,1
0.5966941897186163,1
0.8277284036048963,1
0.7055656821198122,1
0.8301886792452831,1
0.8301886792452831,1
0.8301886792452831,1
0.7446830951640662,1
0.7446830951640662,1
0.6732769762827576,1
0.5827715174143584,1
0.8351593788356962,1
0.7055656821198122,1
0.7055656821198122,1
0.6666766204066606,1
0.6666766204066606,1
0.5966941897186163,1
0.8277284036048963,1
0.8385254915624212,1
0.9375,1
0.8944271909999159,1
1.0,1
0.8301886792452831,1
0.8301886792452831,1
0.7446830951640662,1
0.7446830951640662,1
0.6732769762827576,1
0.5827715174143584,1
0.9583333333333334,1
0.9583333333333334,1
0.9583333333333334,1
0.9583333333333334,1
0.9583333333333334,1
0.9583333333333334,1
1.0,1
0.9583333333333334,1
0.9583333333333334,1
0.9583333333333334,1
0.9583333333333334,1
0.9583333333333334,1
0.9583333333333334,1
0.8988764044943821,1
1.0,1
0.8301886792452831,1
0.7446830951640662,1
0.7446830951640662,1
0.6732769762827576,1
0.5827715174143584,1
0.7446830951640662,1
0.7446830951640662,1
0.8035886491116784,1
0.679900103650085,1
0.977127706483935,1
1.0,1
0.977127706483935,1
0.9696969696969697,1
1.0,1
0.9696969696969697,1
0.9347826086956521,1
0.977127706483935,1
1.0,1
0.9696969696969697,1
1.0,1
0.9021739130434782,1
0.6099269378911029,1
0.5774809949400137,1
0.9583333333333334,1
0.9583333333333334,1
0.9583333333333334,1
0.9583333333333334,1
0.9583333333333334,1
0.9583333333333334,1
1.0,1
0.9583333333333334,1
0.9583333333333334,1
0.9583333333333334,1
0.9583333333333334,1
0.9583333333333334,1
0.9583333333333334,1
0.9583333333333334,1
0.9583333333333334,1
0.9583333333333334,1
0.9583333333333334,1
0.9583333333333334,1
1.0,1
0.9583333333333334,1
0.9583333333333334,1
0.9583333333333334,1
0.9583333333333334,1
0.9583333333333334,1
0.9583333333333334,1
0.9583333333333334,1
0.9583333333333334,1
0.9583333333333334,1
0.9583333333333334,1
1.0,1
0.9583333333333334,1
0.9583333333333334,1
0.9583333333333334,1
0.6099269378911029,1
0.5774809949400137,1
0.9930312739844155,1
0.9192914652146857,1
0.9583333333333334,1
0.9583333333333334,1
0.9583333333333334,1
0.9583333333333334,1
0.9583333333333334,1
0.9583333333333334,1
1.0,1
0.9583333333333334,1
0.9583333333333334,1
0.9583333333333334,1
0.9583333333333334,1
0.9583333333333334,1
0.9583333333333334,1
0.9583333333333334,1
0.9583333333333334,1
1.0,1
0.9583333333333334,1
0.9583333333333334,1
0.9583333333333334,1
0.9583333333333334,1
0.9583333333333334,1
0.9583333333333334,1
0.9583333333333334,1
1.0,1
1.0,1
0.672398177616631,1
0.7629310659817629,1
0.9201247529086886,1
1.0,1
0.672398177616631,1
0.7680652057909508,1
0.6827887419989188,1
0.672398177616631,1
1.0,1
0.9259259259259259,1
1.0,1
0.9259259259259259,1
0.9653846153846153,1
0.8615384615384616,1
0.9516079509481267,1
0.9121403400793103,1
0.8961538461538462,1
0.9121403400793103,1
0.9516079509481267,1
0.9259259259259259,1
1.0,1
0.7937375074728614,1
0.8332051183416778,1
0.8012576919374246,1
0.9428090415820634,1
0.9550000000000001,1
0.7868779086093598,1
0.9576407635274561,1
0.826086956521739,1
0.9198662110078,1
0.7643910260015281,1
0.7629310659817629,1
0.7680652057909508,1
0.9201247529086886,1
0.6827887419989188,1
0.903914277556567,1
0.9197375853746452,1
0.7333333333333334,1
0.9281849263991919,1
0.9554172581909616,1
0.9780707641789196,1
0.7650368522374494,1
0.9523809523809522,1
0.9956426807977282,1
0.9795053547775788,1
0.9649012813540153,1
0.9428090415820634,1
0.9573782631725879,1
1.0,1
0.8944271909999159,1
0.95,1
0.8385254915624212,1
0.8385254915624212,1
0.9375,1
0.8944271909999159,1
0.9583333333333334,1
0.9583333333333334,1
0.9583333333333334,1
0.9583333333333334,1
0.9583333333333334,1
0.9583333333333334,1
0.977127706483935,1
0.9696969696969697,1
0.9583333333333334,1
0.9583333333333334,1
0.9583333333333334,1
0.9583333333333334,1
0.9583333333333334,1
0.9583333333333334,1
0.9583333333333334,1
0.9583333333333334,1
0.9583333333333334,1
0.9583333333333334,1
0.9583333333333334,1
0.9583333333333334,1
0.9583333333333334,1
0.9583333333333334,1
0.9583333333333334,1
0.672398177616631,1
0.9259259259259259,1
0.9576407635274561,1
0.1474419561548972,0
0.18184824186332693,0
0.16182267881254697,0
0.0,0
0.11371470653683546,0
0.0,0
0.543078852951278,0
0.44564969649615005,0
0.0,0
0.4266409168259795,0
0.2722905743185855,0
0.19215378456610455,0
0.30000000000000004,0
0.35711530407560876,0
0.057863756235784436,0
0.18633899812498245,0
0.8944271909999159,0
0.521749194749951,0
0.35865754659843685,0
0.18848425873126295,0
0.11429089766391887,0
0.11785113019775795,0
0.47611228924567617,0
0.3029836793969738,0
0.4219265078446458,0
0.3071475584169756,0
0.1928791874526149,0
0.14806734062641558,0
0.053877245844036525,0
0.1928791874526149,0
0.023063280200722125,0
0.3259879768682912,0
0.6448879772058509,0
0.2826478500936005,0
0.052164053095730134,0
0.09393364366277246,0
0.1264911064067351,0
0.18850492926471674,0
0.22409449036367168,0
0.5334650693692645,0
0.11180339887498947,0
0.19897095972842194,0
0.5486366260639554,0
0.25471335405424667,0
0.12979353291279128,0
0.24514056521435823,0
0.05857074126574224,0
0.020632815353005762,0
0.14784425419091463,0
0.03688555567816587,0
0.44203180137282017,0
0.294405621325319,0
0.3969942227836091,0
0.3783377713451642,0
0.11371470653683546,0
0.27774602993176545,0
0.5933661039639301,0
0.11258799375612027,0
0.5696658939845625,0
0.09893443638884936,0
0.32003787654626514,0
0.1257389226923863,0
0.17982069016479363,0
0.12830983841524524,0
0.3837612894400988,0
0.3729539518570105,0
0.09476225544736294,0
0.16724840200141822,0
0.31052950170405946,0
0.44459061923690013,0
0.3616202853397895,0
0.3149996923832631,0
0.27504566566901156,0
0.26698356781988086,0
0.18609684207969412,0
0.3048800090252213,0
0.36797536900373773,0
0.0,0
0.21821789023599236,0
0.21389631597324932,0
0.4801776786834374,0
0.10801234497346435,0
0.21728579050204444,0
0.1406977442705054,0
0.4001633653325206,0
0.8040302522073697,0
0.10300524052492088,0
0.20412414523193145,0
0.13074409009212262,0
0.1853123291652753,0
0.2727272727272727,0
0.11664236870396083,0
0.3299831645537221,0
0.27824333745610097,0
0.25717224993681986,0
0.18470283861584402,0
0.10846522890932808,0
0.07367094686837572,0
0.329045098264249,0
0.1878672873255448,0
0.1938916835823703,0
0.5594309277855157,0
0.13986355971611486,0
0.16161498378886352,0
0.2581988897471612,0
0.20412414523193156,0
0.07726212840192659,0
0.08819715480567825,0
0.11180339887498947,0
0.4219265078446458,0
0.7505553499465135,0
0.3989418139519557,0
0.0,0
0.5696658939845625,0
0.2357022603955159,0
0.3706246583305506,0
0.3244428422615251,0
0.6142469626328477,0
0.19343955686759162,0
0.6159924028072143,0
0.0,0
0.12156613477096623,0
0.10436361005710992,0
0.13749298523071762,0
0.5006939628599933,0
0.4543166948658699,0
0.053838190205816594,0
0.5229577884350212,0
0.47445571459117764,0
0.0,0
0.6674238124719145,0
0.14907119849998596,0
0.0856485887284415,0
0.14153197131580675,0
0.26352313834736496,0
0.0,0
0.0608299064672474,0
0.22048693185121182,0
0.1968653876669132,0
0.10910894511799618,0
0.5263166562644551,0
0.06937459350943209,0
0.398136559683428,0
0.1257389226923863,0
0.23704354037838393,0
0.0,0
0.5991446895152781,0
0.1819017187772497,0
0.48879502779938755,0
0.16750630254320198,0
0.0,0
0.061545745489666404,0
0.15389675281277315,0
0.38102496404934383,0
0.42401324748473745,0
0.4576043153224294,0
0.2666666666666667,0
0.7513926833493687,0
0.14150982753544494,0
0.3505916979120809,0
0.10540925533894596,0
0.44747971489006666,0
0.19195086686631857,0
0.18786728732554492,0
0.18490006540840964,0
0.0,0
0.28867513459481287,0
0.0,0
0.5320353317242179,0
0.7341196792268381,0
0.10982308328436807,0
0.30962810792528406,0
0.2051524849655546,0
0.22381412908589726,0
0.04376881095324081,0
0.18184824186332693,0
0.17677669529663687,0
0.37614454157571564,0
0.11677484162422846,0
0.6546536707079772,0
0.35721725415588024,0
0.23052307685302242,0
0.241948228618021,0
0.19215378456610455,0
0.7637626158259734,0
0.16431676725154987,0
0.3849001794597505,0
0.2807759084154364,0
0.8672273827165131,0
0.2339438602095163,0
0.04875149494180875,0
0.20913407192853073,0
0.2846049894151541,0
0.09365858115816939,0
0.160375074774896,0
0.22288359934599655,0
0.26311740579210885,0
0.13483997249264845,0
0.09994449069791544,0
0.05025189076296055,0
0.3445015510579288,0
0.1928791874526149,0
0.8104432008587535,0
0.24772017853917938,0
0.833687867845579,0
0.0,0
0.17614096918559585,0
0.6058392513710816,0
0.1267731382092775,0
0.09128709291752768,0
0.44413992611856323,0
0.513888888888889,0
0.513888888888889,0
0.4101380816226272,0
0.7359664433119699,0
0.7429663214405338,0
0.24508686323878648,0
0.0953598053136202,0
0.3075346380392736,0
0.19810721293758182,0
0.1991786412935408,0
0.2872134789517764,0
0.2611164839335467,0
0.36206055717818586,0
0.2552637351213155,0
0.26787649647997935,0
0.09935326726564042,0
0.2552637351213155,0
0.5813776741499453,0
0.5085133809309825,0
0.32071349029490925,0
0.06662966046527696,0
0.18184824186332693,0
0.2504897164340598,0
0.4155714629095063,0
0.04875149494180875,0
0.1879575647393692,0
0.4226583843840199,0
0.3779177732533179,0
0.35865754659843685,0
0.21566554640687685,0
0.16834512458535866,0
0.30783806435974015,0
0.3452122775972818,0
0.1270285864127607,0
0.35606545563372505,0
0.7176840862487598,0
0.10184130213763476,0
0.16724494184476268,0
0.3849001794597505,0
0.0898933149950989,0
0.25620504608813943,0
0.14213381090374033,0
0.17295817388759027,0
0.3250544221488004,0
0.0,0
0.3396831102433787,0
0.23897605969962155,0
0.12979353291279128,0
0.4140393356054125,0
0.13139036155660133,0
0.7398300378117157,0
0.030219894260774982,0
0.14907119849998596,0
0.4456026714633361,0
0.05241424183609589,0
0.2355407651655962,0
0.24595492912420724,0
0.24038098691020582,0
0.06502560887623554,0
0.053838190205816594,0
0.13867504905630734,0
0.23537827088100216,0
0.3244428422615251,0
0.1853123291652753,0
0.1587713240271471,0
0.17860862707794012,0
0.16222142113076254,0
0.2345787158142092,0
0.2902424636042822,0
0.21957751641341994,0
0.07453559924999298,0
0.11180339887498947,0
0.5409279030098944,0
0.41316712200642325,0
0.14655259544013732,0
0.25125945381480297,0
0.23094010767585038,0
0.8807048459279793,0
0.47927068635022496,0
0.13483997249264845,0
0.1638683813361156,0
0.3420668806133791,0
0.048578616755726056,0
0.48656184010095194,0
0.34729099486125337,0
0.3711916231079624,0
0.44047619047619047,0
0.08210708272559597,0
0.3614951355574154,0
0.07767356373806178,0
0.30463589792247125,0
0.3813844509236183,0
0.17476551841063892,0
0.3782443430757201,0
0.3299831645537221,0
0.21448649649626494,0
0.054554472558998146,0
0.3689512162874653,0
0.07496633127898333,0
0.12750711555097238,0
0.18605210188381271,0
0.0,0
0.07295405746286965,0
0.4688682100270648,0
0.07106690545187011,0
0.08807354275501533,0
0.3281650616569469,0
0.05855400437691194,0
0.18837162994395396,0
0.06361817459326069,0
0.0898933149950989,0
0.31642429209266454,0
0.3404274529504214,0
0.023782574707724713,0
0.17677669529663687,0
0.10289915108550529,0
0.15339299776947413,0
0.46746471607681994,0
0.05492350363810894,0
0.28942722045797453,0
0.6445033866354895,0
0.09325048082403142,0
0.08882311833686551,0
0.07041787902195307,0
0.4100721936197326,0
0.052704627669473036,0
0.24753688574416866,0
0.08819715480567825,0
0.4895920490896837,0
0.3944233541898168,0
0.3831938185072934,0
0.3457179898554492,0
0.4351757996718141,0
0.6664957396411496,0
0.09901475429766737,0
0.36313651960128146,0
0.08498890495051103,0
0.19037229509110576,0
0.1698415551216894,0
0.08463642113319159,0
0.3263956049169334,0
0.2611164839335467,0
0.17213259316477403,0
0.08660254037844384,0
0.5135525910130955,0
0.16137430609197567,0
0.0,0
0.15526475085202973,0
0.323575114464717,0
0.0,0
0.23145502494313785,0
0.12803687993289592,0
0.3881029321172459,0
0.5025445456953674,0
0.08815192854425202,0
0.2157277486520024,0
0.3077935056255463,0
0.16666666666666663,0
0.7933609244145117,0
0.6636485755190215,0
0.14580296087995104,0
0.9169659158220539,1
0.9682705197099742,1
0.9056603773584906,1
0.9245283018867925,1
0.9245283018867925,1
0.9245283018867925,1
0.9245283018867925,1
0.9245283018867925,1
0.9245283018867925,1
0.9056603773584906,1
0.9056603773584906,1
0.9056603773584906,1
0.9056603773584906,1
0.9056603773584906,1
0.9056603773584906,1
0.9245283018867925,1
0.9245283018867925,1
0.9245283018867925,1
0.9245283018867925,1
0.9245283018867925,1
0.9245283018867925,1
0.9245283018867925,1
0.9245283018867925,1
0.9245283018867925,1
0.9245283018867925,1
0.9245283018867925,1
0.9245283018867925,1
0.9245283018867925,1
0.9245283018867925,1
0.9245283018867925,1
0.9674876684816028,1
0.883208344648634,1
0.9412311006148278,1
0.9303410479681447,1
0.8684837526714432,1
0.9870363802867282,1
0.9746841812924711,1
0.9305638358273636,1
0.9237988968472491,1
0.9688520009939368,1
0.9250449175977944,1
0.9373298781282905,1
0.962283142727104,1
0.9584142385701913,1
0.9928774078102273,1
0.6939542359352536,1
0.7462025072446367,1
0.7035264706814485,1
0.7035264706814485,1
0.7035264706814485,1
0.7462025072446367,1
0.7846715615207801,1
0.7397954428741079,1
0.7397954428741079,1
0.7397954428741079,1
0.7846715615207801,1
0.7954951288348661,1
0.7954951288348661,1
0.7954951288348661,1
0.84375,1
0.75,1
0.75,1
0.7954951288348661,1
0.75,1
0.7954951288348661,1
0.7954951288348661,1
0.8693182879212226,1
0.8926795659155211,1
0.5576552248712563,1
0.5576552248712563,1
0.5576552248712563,1
0.5576552248712563,1
0.5576552248712563,1
0.5576552248712563,1
0.5576552248712563,1
0.5576552248712563,1
0.6575342465753424,1
0.6575342465753424,1
0.6575342465753424,1
0.6575342465753424,1
0.6575342465753424,1
0.6575342465753424,1
0.6575342465753424,1
0.6575342465753424,1
0.6575342465753424,1
0.6575342465753424,1
0.6575342465753424,1
0.6575342465753424,1
0.6575342465753424,1
0.6575342465753424,1
0.6575342465753424,1
0.6575342465753424,1
0.6575342465753424,1
0.6575342465753424,1
0.914459913718425,1
0.6575342465753424,1
0.6575342465753424,1
0.6575342465753424,1
0.6575342465753424,1
0.6575342465753424,1
0.6575342465753424,1
0.6575342465753424,1
0.6575342465753424,1
0.6575342465753424,1
0.6575342465753424,1
0.9483793966993681,1
0.8212100613803271,1
0.9198526090528103,1
0.9130434782608697,1
0.9316246713681893,1
0.8506138303796512,1
1.0,1
0.9743945654306848,1
0.9797424435785134,1
0.9107142857142856,1
0.9285714285714286,1
0.9285714285714286,1
0.9285714285714286,1
0.9285714285714286,1
0.9285714285714286,1
0.9285714285714286,1
0.9107142857142856,1
0.9107142857142856,1
0.9107142857142856,1
0.9107142857142856,1
0.9107142857142856,1
0.9107142857142856,1
0.9285714285714286,1
0.9285714285714286,1
0.9285714285714286,1
0.9285714285714286,1
0.9285714285714286,1
0.9285714285714286,1
0.9285714285714286,1
0.9285714285714286,1
0.9285714285714286,1
0.9285714285714286,1
0.9285714285714286,1
0.9285714285714286,1
0.9285714285714286,1
0.9285714285714286,1
0.9285714285714286,1
0.8601935165449925,1
0.9398255470157904,1
0.9398255470157904,1
0.9398255470157904,1
0.9398255470157904,1
0.9398255470157904,1
0.9398255470157904,1
0.9705882352941176,1
0.9705882352941176,1
0.9705882352941176,1
0.9705882352941176,1
0.9705882352941176,1
0.9705882352941176,1
0.9705882352941176,1
0.9705882352941176,1
0.9705882352941176,1
0.9705882352941176,1
0.9705882352941176,1
0.9705882352941176,1
0.9705882352941176,1
0.9705882352941176,1
0.9705882352941176,1
0.911764705882353,1
0.911764705882353,1
0.911764705882353,1
0.911764705882353,1
0.911764705882353,1
0.911764705882353,1
0.9705882352941176,1
0.9705882352941176,1
0.9705882352941176,1
0.9705882352941176,1
0.9705882352941176,1
0.9705882352941176,1
0.9705882352941176,1
0.9705882352941176,1
0.9705882352941176,1
0.9705882352941176,1
0.9705882352941176,1
0.9705882352941176,1
0.9705882352941176,1
0.9705882352941176,1
0.9705882352941176,1
0.935483870967742,1
0.935483870967742,1
0.935483870967742,1
0.935483870967742,1
0.935483870967742,1
0.935483870967742,1
0.967741935483871,1
0.967741935483871,1
0.967741935483871,1
0.967741935483871,1
0.967741935483871,1
0.967741935483871,1
0.967741935483871,1
0.967741935483871,1
0.967741935483871,1
0.967741935483871,1
0.967741935483871,1
0.967741935483871,1
0.967741935483871,1
0.967741935483871,1
0.967741935483871,1
0.935483870967742,1
0.935483870967742,1
0.935483870967742,1
0.935483870967742,1
0.935483870967742,1
0.935483870967742,1
0.967741935483871,1
0.967741935483871,1
0.967741935483871,1
0.967741935483871,1
0.967741935483871,1
0.967741935483871,1
0.967741935483871,1
0.967741935483871,1
0.967741935483871,1
0.967741935483871,1
0.967741935483871,1
0.967741935483871,1
0.967741935483871,1
0.967741935483871,1
0.967741935483871,1
0.9857142857142855,1
0.9857142857142855,1
0.9857142857142855,1
0.9857142857142855,1
0.9857142857142855,1
0.9857142857142855,1
0.9857142857142855,1
0.9857142857142855,1
0.9857142857142855,1
0.9857142857142855,1
0.9857142857142855,1
0.9857142857142855,1
0.9857142857142855,1
0.9857142857142855,1
0.9857142857142855,1
0.9857142857142855,1
0.9857142857142855,1
0.9857142857142855,1
0.9857142857142855,1
0.9857142857142855,1
0.9857142857142855,1
0.9857142857142855,1
0.9857142857142855,1
0.9857142857142855,1
0.9857142857142855,1
0.9857142857142855,1
0.9857142857142855,1
0.9857142857142855,1
0.9620924542616803,1
0.9620924542616803,1
0.9620924542616803,1
0.9620924542616803,1
0.9620924542616803,1
0.9620924542616803,1
0.9620924542616803,1
0.967036616344799,1
0.9368167220840241,1
0.9368167220840241,1
0.9368167220840241,1
0.9368167220840241,1
0.9368167220840241,1
0.9368167220840241,1
0.9368167220840241,1
0.9850746268656717,1
0.9850746268656717,1
0.9850746268656717,1
0.9850746268656717,1
0.9850746268656717,1
0.9850746268656717,1
0.943724226705203,1
0.9580230786249788,1
0.9580230786249788,1
0.9580230786249788,1
0.9580230786249788,1
0.9580230786249788,1
0.9580230786249788,1
0.9723219305447545,1
0.9850746268656717,1
0.9850746268656717,1
0.9850746268656717,1
0.9850746268656717,1
0.9850746268656717,1
0.943724226705203,1
0.9580230786249788,1
0.9580230786249788,1
0.9580230786249788,1
0.9580230786249788,1
0.9580230786249788,1
0.9723219305447545,1
0.9580230786249788,1
0.9850746268656717,1
0.9850746268656717,1
0.9850746268656717,1
0.9850746268656717,1
0.943724226705203,1
0.9580230786249788,1
0.9580230786249788,1
0.9580230786249788,1
0.9580230786249788,1
0.9723219305447545,1
0.9580230786249788,1
0.9580230786249788,1
0.9850746268656717,1
0.9850746268656717,1
0.9850746268656717,1
0.943724226705203,1
0.9580230786249788,1
0.9580230786249788,1
0.9580230786249788,1
0.9723219305447545,1
0.9580230786249788,1
0.9580230786249788,1
0.9580230786249788,1
0.9850746268656717,1
0.9850746268656717,1
0.943724226705203,1
0.9580230786249788,1
0.9580230786249788,1
0.9723219305447545,1
0.9580230786249788,1
0.9580230786249788,1
0.9580230786249788,1
0.9580230786249788,1
0.9850746268656717,1
0.943724226705203,1
0.9580230786249788,1
0.9723219305447545,1
0.9580230786249788,1
0.9580230786249788,1
0.9580230786249788,1
0.9580230786249788,1
0.9580230786249788,1
0.943724226705203,1
0.9723219305447545,1
0.9580230786249788,1
0.9580230786249788,1
0.9580230786249788,1
0.9580230786249788,1
0.9580230786249788,1
0.9580230786249788,1
0.9726027397260275,1
0.9726027397260275,1
0.9726027397260275,1
0.9726027397260275,1
0.9726027397260275,1
0.9726027397260275,1
0.9726027397260275,1
0.9863013698630138,1
0.9863013698630138,1
0.9863013698630138,1
0.9863013698630138,1
0.9863013698630138,1
0.9863013698630138,1
0.9863013698630138,1
0.9863013698630138,1
0.9863013698630138,1
0.9863013698630138,1
0.9863013698630138,1
0.9863013698630138,1
0.9863013698630138,1
0.9863013698630138,1
0.9863013698630138,1
0.9863013698630138,1
0.9863013698630138,1
0.9863013698630138,1
0.9863013698630138,1
0.9863013698630138,1
0.9863013698630138,1
0.8186911404266436,1
0.8186911404266436,1
0.8186911404266436,1
0.8186911404266436,1
0.8186911404266436,1
0.8186911404266436,1
0.8186911404266436,1
0.8186911404266436,1
0.9736842105263158,1
0.9736842105263158,1
0.9736842105263158,1
0.9736842105263158,1
0.9736842105263158,1
0.9473684210526316,1
0.9736842105263158,1
0.9736842105263158,1
0.9736842105263158,1
0.9736842105263158,1
0.9736842105263158,1
0.9473684210526316,1
0.9736842105263158,1
0.9736842105263158,1
0.9736842105263158,1
0.9736842105263158,1
0.9473684210526316,1
0.9736842105263158,1
0.9736842105263158,1
0.9736842105263158,1
0.9473684210526316,1
0.9736842105263158,1
0.9736842105263158,1
0.9473684210526316,1
0.9736842105263158,1
0.9473684210526316,1
0.9736842105263158,1
0.9473684210526316,1
0.9838699100999077,1
0.1648079310450148,0
0.1502685767593821,0
0.31475579014585353,0
0.31475579014585353,0
0.5636214801906779,0
0.5255302647930312,0
0.6016362990591416,0
0.3015994781807334,0
0.12683606853740703,0
0.36505103770285574,0
0.4009408088260704,0
0.27309601012430473,0
0.11478278228033134,0
0.8260009854911463,0
0.2191780821917808,0
0.2635885205933399,0
0.24159485970495043,0
0.2994168708202971,0
0.41522120642014326,0
0.15835232412515876,0
0.11206636293610517,0
0.13584552334951683,0
0.13673690773815284,0
0.2640084484055256,0
0.25724787771376323,0
0.22458287520033127,0
0.11274317203325068,0
0.23957871187497748,0
0.36505103770285574,0
0.24828176658071033,0
0.2585438449975096,0
0.5116938880994245,0
0.18764965282931556,0
0.9095085938862486,0
0.3681830472039844,0
0.2463353700772254,0
0.2609410849187026,0
0.21308344883292962,0
0.1575422220501682,0
0.18953562637585886,0
0.14407140891623438,0
0.20073876713674155,0
0.21247510203276032,0
0.5466124914581085,0
0.29280488168368146,0
0.2512850209907045,0
0.26481357066618805,0
0.04994929598134146,0
0.5004889976718835,0
0.2224254625455253,0
0.36505103770285574,0
0.9207509207513811,0
0.3624462611549484,0
0.13289638121822656,0
0.2831969301619155,0
0.4937396093522557,0
0.5944420447258212,0
0.14215568942475088,0
0.31697214764566795,0
0.19839958234472377,0
0.1440859361314183,0
0.13363062095621214,0
0.1888707754294474,0
0.28268570845892727,0
0.2991215208080594,0
0.20216198152058917,0
0.18783532973035655,0
0.21308344883292962,0
0.4009408088260704,0
0.15835232412515876,0
0.28268570845892727,0
0.22439708538128578,0
0.9207509207513811,0
0.07878168645790684,0
0.21375914298285725,0
0.2857502857504286,0
0.2750263841945866,0
0.8918325397005953,0
0.29978928471275423,0
0.25447428288055285,0
0.28268570845892727,0
0.8918325397005953,0
0.06256112470898545,0
0.8932596002688613,0
0.37274965820548744,0
0.2635885205933399,0
0.5564148840746573,0
0.22917462425705282,0
0.07878168645790684,0
0.24134319247861336,0
0.2672612419124244,0
0.3564655231196032,0
0.5266851623825876,0
0.44340167672570074,0
0.12495932975327517,0
0.19452678699741788,0
0.23013458646513518,0
0.9095085938862486,0
0.1711905958155815,0
0.27309601012430473,0
0.18355577455358807,0
0.8923693177597599,0
0.24965349948697735,0
0.2191780821917808,0
0.5827165467480651,0
0.20216198152058917,0
0.2385439703837673,0
0.1409849781459378,0
0.6118523740854682,0
0.2227672017075889,0
0.3109902598421821,0
0.24965349948697735,0
0.25912856608735,0
0.2609410849187026,0
0.2750095491084634,0
0.06629935441317958,0
0.8932596002688613,0
0.5046724388973218,0
0.2191780821917808,0
0.4937396093522557,0
0.5739440431835514,0
0.06256112470898545,0
0.4937396093522557,0
0.16252895016723878,0
0.28068044571191986,0
0.18410202992625901,0
0.3866297245538921,0
0.0971285862357264,0
0.2304707554022809,0
0.20073876713674155,0
0.08798117404291672,0
0.11690867273693073,0
0.5305892259424583,0
0.36505103770285574,0
0.14549003550639772,0
0.25444400240265064,0
0.5305892259424583,0
0.19138975058773822,0
0.3090321162863734,0
0.3077287274483318,0
0.26294989890045106,0
0.30562492275106323,0
0.25724787771376323,0
0.3374346853105864,0
0.42656170388121484,0
0.1179866380385397,0
0.33282011773513753,0
0.39169459727477296,0
0.4597012195216488,0
0.5255302647930312,0
0.14040522597976823,0
0.19437039575580606,0
0.296048226894869,0
0.18046872246266044,0
0.2733814624131552,0
0.22462018567510444,0
0.1564745967976342,0
0.8923693177597599,0
0.9240616554505461,0
0.08559209850218252,0
0.12810252304406966,0
0.1353773349321269,0
0.252254527100655,0
0.3866667525568337,0
0.34972731899533294,0
0.31326095805861776,0
0.12327374018554926,0
0.24465515700301466,0
0.2061574110172042,0
0.06256112470898545,0
0.29394817562610775,0
0.36505103770285574,0
0.2761073959850534,0
0.06430735193624804,0
0.30214784801906636,0
0.1742330131092924,0
0.43778792369026376,0
0.4818933976593145,0
0.2750095491084634,0
0.5739440431835514,0
0.5305356534740466,0
0.819288030372914,0
0.27137754132029657,0
0.22439708538128578,0
0.31188214354787913,0
0.31326095805861776,0
0.26992341173213186,0
0.4818933976593145,0
0.4609415108045618,0
0.31200998447925754,0
0.17538407320066007,0
0.15774914461488565,0
0.19277263893659968,0
0.1708792310603796,0
0.17299778414206302,0
0.31475579014585353,0
0.25,0
0.34972731899533294,0
0.08908708063747484,0
0.20953951903123746,0
0.13453455879926246,0
0.8932596002688613,0
0.4613722683813124,0
0.3455321125939348,0
0.29323029000461487,0
0.8932596002688613,0
0.09960238411119948,0
0.3845043082071631,0
0.1255874686576658,0
0.24000768036865971,0
0.9705882352941176,0
0.18059500340835766,0
0.39169459727477296,0
0.9240616554505461,0
0.329423396271879,0
0.4259022809008237,0
0.19171622497271934,0
0.18953562637585886,0
0.1457788592249587,0
0.27386127875258304,0
0.1196013423739466,0
0.30550504633038933,0
0.14040522597976823,0
0.1188459894544579,0
0.5387440974698798,0
0.26310068027921696,0
0.2609410849187026,0
0.27137754132029657,0
0.2750095491084634,0
0.8923693177597599,0
0.31475579014585353,0
0.4923349016384122,0
0.3848561883538911,0
0.23957871187497748,0
0.11513588775027395,0
0.2341677241572565,0
0.39165201946093176,0
0.9207509207513811,0
0.19132746444156423,0
0.5046724388973218,0
0.935483870967742,0
0.8932596002688613,0
0.2528608687120868,0
0.20953951903123746,0
0.3696036227246229,0
0.19277263893659968,0
0.1564745967976342,0
0.20728624764485015,0
0.13013106058296853,0
0.24000768036865971,0
0.42656170388121484,0
0.5037478583199185,0
0.1597115964737107,0
0.2304707554022809,0
0.23483410915693104,0
0.24000768036865971,0
0.4501161438970299,0
0.236227795630767,0
0.19277263893659968,0
0.5305892259424583,0
0.15381430211108738,0
0.252254527100655,0
0.18925832465255632,0
0.27386127875258304,0
0.50450905420131,0
0.21457543652623934,0
0.967741935483871,0
0.32171820547613383,0
0.18764965282931556,0
0.347727315168489,0
0.2757316821228851,0
0.27137754132029657,0
0.5852992294287811,0
0.1915249194956531,0
0.2573356895783172,0
0.1967477507351859,0
0.31439099675674376,0
0.252254527100655,0
0.17774534197386604,0
0.19437039575580606,0
0.28767123287671237,0
0.11441088814070732,0
0.1457788592249587,0
0.1798471947990542,0
0.34852485592984395,0
0.51612927884913,0
0.380979119225338,0
0.5018097786898127,0
0.2222502222503333,0
0.07819290527140299,0
0.23544080467400552,0
0.11478278228033134,0
0.32505790033447757,0
0.1353773349321269,0
0.26294989890045106,0
0.13365845299493784,0
0.5277504136509363,0
0.2191780821917808,0
0.2218216617690426,0
0.12156613477096623,0
0.8932596002688613,0
0.148892270329831,0
0.28268570845892727,0
0.5285941398709244,0
0.252254527100655,0
0.06256112470898545,0
0.27137754132029657,0
0.15728737111753377,0
0.18786728732554492,0
0.5028452845140674,0
0.252254527100655,0
0.5636214801906779,0
0.252254527100655,0
0.12156613477096623,0
0.1597115964737107,0
0.10338000668294334,0
0.28268570845892727,0
0.14129879473517948,0
0.4649478149085501,0
0.2528608687120868,0
0.1742330131092924,0
0.2658121372050348,0
0.5266851623825876,0
0.20346201030345212,0
0.2191780821917808,0
0.21934507504053347,0
0.1597115964737107,0
0.08628387846605379,0
0.5713952548922969,0
0.22422074186848417,0
0.35918394296162837,0
0.2512850209907045,0
0.5466124914581085,0
0.5564148840746573,0
0.9411764705882354,0
0.4106593661206066,0
0.228934273247815,0
0.2134304585735135,0
0.5012813913567576,0
0.1832541665344578,0
0.47342166530977114,0
0.12565392306397904,0
0.8923693177597599,0
0.5466124914581085,0
0.20953951903123746,0
0.41518467482142096,0
0.22984818615609148,0
0.5224185187586713,0
0.47459178168237437,0
0.5255302647930312,0
0.2635885205933399,0
0.22015870464692588,0
0.28312884579257913,0
0.30550504633038933,0
0.2640084484055256,0
0.26481457614836657,0
0.3237044723325537,0
0.8260009854911463,0
0.4818933976593145,0
0.14953715113864474,0
0.2075471698113207,0
0.36505103770285574,0
0.06256112470898545,0
0.2943068829527836,0
0.5564148840746573,0
0.5018097786898127,0
0.08908708063747484,0
0.13365845299493784,0
0.30075729573306065,0
0.1742330131092924,0
0.22789803132115205,0
0.3380617018914066,0
0.36505103770285574,0
0.5493502655735357,0
0.36684992687172324,0
0.4937396093522557,0
0.31694892491467175,0
0.21800350970458993,0
0.3455321125939348,0
0.21993378350716497,0
0.21214556447903543,0
0.29394817562610775,0
0.9095085938862486,0
0.5116938880994245,0
0.22984818615609148,0
0.09032775043542896,0
0.22984818615609148,0
0.2750095491084634,0
0.2159894945264731,0
0.8932596002688613,0
0.5564148840746573,0
0.9095085938862486,0
0.17546560158589908,0
0.4443936478908248,0
0.5018097786898127,0
0.5305356534740466,0
0.3886501653787775,0
0.16217712456020172,0
0.18764965282931556,0
0.20242220952832157,0
0.1708792310603796,0
0.13418626003042333,0
0.2672612419124244,0
0.3190767223586377,0
0.29831980992671103,0
0.8890008890013334,0
0.1708792310603796,0
0.17596234808583344,0
0.24178986075477937,0
0.27779299806094726,0
0.34972731899533294,0
0.3334819438326171,0
1.0,1
1.0,1
0.8988645523557809,1
1.0,1
0.9428314635243851,1
0.9080252220734668,1
0.9342824988521438,1
0.9080252220734668,1
0.9342824988521438,1
0.9080252220734668,1
0.9342824988521438,1
0.9080252220734668,1
1.0,1
0.9342824988521438,1
0.9080252220734668,1
0.9342824988521438,1
0.9080252220734668,1
0.9342824988521438,1
0.9342824988521438,1
0.9080252220734668,1
0.8962972467643932,1
0.8962972467643932,1
0.8962972467643932,1
0.8962972467643932,1
0.9414756947947212,1
0.8793609016906588,1
0.9256514468702007,1
0.9256514468702007,1
0.9602765994967196,1
0.9521084059426566,1
1.0,1
0.9602765994967196,1
0.959818325068496,1
0.9613633076432138,1
0.8751130125933031,1
0.9679232492243762,1
0.929188572051649,1
0.9103312268767854,1
0.8426505562964097,1
0.9679232492243762,1
0.929188572051649,1
0.9103312268767854,1
0.8301627447922899,1
0.9679232492243762,1
0.929188572051649,1
0.9103312268767854,1
0.8301627447922899,1
0.9679232492243762,1
0.929188572051649,1
0.9103312268767854,1
0.8426505562964097,1
0.9284671679985684,1
0.8419556549847228,1
0.9335866366316337,1
0.9757142403137057,1
0.8939803125353485,1
0.8149041820428529,1
0.9335866366316337,1
0.9757142403137057,1
0.8939803125353485,1
0.806225774829855,1
0.9335866366316337,1
0.9757142403137057,1
0.8939803125353485,1
0.806225774829855,1
0.9335866366316337,1
0.9757142403137057,1
0.8939803125353485,1
0.8149041820428529,1
0.8398250546685182,1
0.9271726499455307,1
0.8961965838094248,1
0.9079733390444813,1
0.8055944737523657,1
0.9271726499455307,1
0.8961965838094248,1
0.9079733390444813,1
0.79115480528524,1
0.9271726499455307,1
0.8961965838094248,1
0.9079733390444813,1
0.79115480528524,1
0.9271726499455307,1
0.8961965838094248,1
0.9079733390444813,1
0.8055944737523657,1
0.8458688387532619,1
0.8141628731879091,1
0.7827994507675122,1
0.9742109644334443,1
0.8458688387532619,1
0.8141628731879091,1
0.7827994507675122,1
0.9583148474999099,1
0.8458688387532619,1
0.8141628731879091,1
0.7827994507675122,1
0.9583148474999099,1
0.8458688387532619,1
0.8141628731879091,1
0.7827994507675122,1
0.9742109644334443,1
0.9244862339418405,1
0.962962962962963,1
0.9244862339418405,1
0.962962962962963,1
0.9244862339418405,1
0.962962962962963,1
0.9080252220734668,1
0.966991348146063,1
1.0,1
0.9244862339418405,1
0.962962962962963,1
0.9244862339418405,1
0.9244862339418405,1
0.962962962962963,1
0.9015748031496063,1
0.9015748031496063,1
0.9015748031496063,1
0.9018162833851082,1
0.9492889050691345,1
0.9492889050691345,1
0.9752399172382472,1
0.9602765994967196,1
1.0,1
0.9587641863262109,1
0.9411965741088038,1
0.8708896333420234,1
0.9868421052631579,1
0.9473503269651847,1
0.9281243994684037,1
0.8463889584616803,1
0.9868421052631579,1
0.9473503269651847,1
0.9281243994684037,1
0.8463889584616803,1
0.9868421052631579,1
0.9473503269651847,1
0.9281243994684037,1
0.8591208545130772,1
0.9184995955403811,1
0.8371270256735711,1
0.9473503269651847,1
0.9900990099009901,1
0.9071600943608702,1
0.8181118081858184,1
0.9473503269651847,1
0.9900990099009901,1
0.9071600943608702,1
0.8181118081858184,1
0.9473503269651847,1
0.9900990099009901,1
0.9071600943608702,1
0.8269181595068201,1
0.9102648765806489,1
0.8067554826272615,1
0.9281243994684037,1
0.9071600943608702,1
0.9870129870129869,1
0.7808124676694845,1
0.9281243994684037,1
0.9071600943608702,1
0.9870129870129869,1
0.7808124676694845,1
0.9281243994684037,1
0.9071600943608702,1
0.9870129870129869,1
0.7950633741833881,1
0.8591208545130772,1
0.8269181595068201,1
0.7950633741833881,1
0.9733285267845752,1
0.8591208545130772,1
0.8269181595068201,1
0.7950633741833881,1
0.9733285267845752,1
0.8591208545130772,1
0.8269181595068201,1
0.7950633741833881,1
0.9894736842105263,1
0.966991348146063,1
0.951219512195122,1
0.9244862339418405,1
0.951219512195122,1
0.9244862339418405,1
0.9342824988521438,1
0.951219512195122,1
0.9244862339418405,1
1.0,1
0.966991348146063,1
0.951219512195122,1
0.951219512195122,1
0.9244862339418405,1
0.9244862339418405,1
0.962962962962963,1
0.9244862339418405,1
0.962962962962963,1
0.9080252220734668,1
0.9244862339418405,1
0.962962962962963,1
0.966991348146063,1
1.0,1
0.9244862339418405,1
0.9244862339418405,1
0.962962962962963,1
0.9015748031496063,1
0.9015748031496063,1
0.939858145324779,1
0.9221249727714812,1
0.9587641863262109,1
0.9411965741088038,1
0.8584802292968473,1
0.9868421052631579,1
0.9473503269651847,1
0.9281243994684037,1
0.8463889584616803,1
0.9868421052631579,1
0.9473503269651847,1
0.9281243994684037,1
0.8591208545130772,1
0.9184995955403811,1
0.8286004211112777,1
0.9473503269651847,1
0.9900990099009901,1
0.9071600943608702,1
0.8181118081858184,1
0.9473503269651847,1
0.9900990099009901,1
0.9071600943608702,1
0.8269181595068201,1
0.7928249671720919,1
0.9281243994684037,1
0.9071600943608702,1
0.9870129870129869,1
0.7808124676694845,1
0.9281243994684037,1
0.9071600943608702,1
0.9870129870129869,1
0.7950633741833881,1
0.8463889584616803,1
0.8181118081858184,1
0.7808124676694845,1
0.9888888888888888,1
0.8463889584616803,1
0.8181118081858184,1
0.7808124676694845,1
0.9733285267845752,1
0.966991348146063,1
0.951219512195122,1
0.9244862339418405,1
0.9342824988521438,1
0.951219512195122,1
0.9244862339418405,1
0.951219512195122,1
0.9244862339418405,1
1.0,1
0.951219512195122,1
0.9244862339418405,1
0.9015748031496063,1
0.9244862339418405,1
0.962962962962963,1
0.9080252220734668,1
0.9244862339418405,1
0.962962962962963,1
0.9244862339418405,1
0.962962962962963,1
0.966991348146063,1
0.9244862339418405,1
0.962962962962963,1
0.9666666666666668,1
0.9587641863262109,1
0.9411965741088038,1
0.8584802292968473,1
0.9868421052631579,1
0.9473503269651847,1
0.9281243994684037,1
0.8591208545130772,1
0.9184995955403811,1
0.8286004211112777,1
0.9473503269651847,1
0.9900990099009901,1
0.9071600943608702,1
0.8269181595068201,1
0.7928249671720919,1
0.9281243994684037,1
0.9071600943608702,1
0.9870129870129869,1
0.7950633741833881,1
0.8463889584616803,1
0.8181118081858184,1
0.7808124676694845,1
0.9733285267845752,1
0.966991348146063,1
0.9342824988521438,1
0.951219512195122,1
0.9244862339418405,1
0.951219512195122,1
0.9244862339418405,1
0.951219512195122,1
1.0,1
0.966991348146063,1
0.9080252220734668,1
0.9244862339418405,1
0.962962962962963,1
0.9244862339418405,1
0.962962962962963,1
0.9244862339418405,1
0.966991348146063,1
1.0,1
0.9521084059426566,1
0.9752399172382472,1
0.9587641863262109,1
0.9411965741088038,1
0.8708896333420234,1
0.9184995955403811,1
0.8371270256735711,1
0.8067554826272615,1
1.0,1
1.0,1
1.0,1
1.0,1
1.0,1
1.0,1
0.9342824988521438,1
0.9080252220734668,1
0.9342824988521438,1
0.9080252220734668,1
0.9342824988521438,1
0.9342824988521438,1
0.9080252220734668,1
0.9602765994967196,1
0.966991348146063,1
0.951219512195122,1
0.9244862339418405,1
0.951219512195122,1
0.951219512195122,1
0.9244862339418405,1
0.9244862339418405,1
0.962962962962963,1
0.9244862339418405,1
0.9244862339418405,1
0.962962962962963,1
0.966991348146063,1
0.951219512195122,1
0.951219512195122,1
0.9244862339418405,1
0.9244862339418405,1
0.9244862339418405,1
0.962962962962963,1
0.951219512195122,1
0.9244862339418405,1
0.966991348146063,1
1.0,1
0.5578655678293358,0
0.3223291856101521,0
0.6905276963087599,0
0.0,0
0.5262130792719169,0
0.5379833992142921,0
0.5757929360284594,0
0.3771682545706787,0
0.648312504955087,0
0.0,0
0.4406186993451763,0
0.5225032285039255,0
0.44789650692025307,0
0.6840880682693675,0
0.5797655118929443,0
0.5132649025747364,0
0.49322524870972817,0
0.5429864712791679,0
0.5409836065573771,0
0.0979302742865189,0
0.5566760334244367,0
0.2962474591918478,0
0.37273742978774016,0
0.4064483272427708,0
0.6367689259955844,0
0.7085314871997589,0
0.4534134496738905,0
0.5422008023667101,0
0.0,0
0.5346108565598205,0
0.6375848040870385,0
0.6711932056813287,0
0.0,0
0.25272649560932037,0
0.0,0
0.6088013519512722,0
0.700708014884254,0
0.6082734029424619,0
0.4099457958749615,0
0.0,0
0.3307342033546099,0
0.5346108565598205,0
0.7085314871997589,0
0.406571699025015,0
0.45938755196601666,0
0.6207008751242216,0
0.37654120799477586,0
0.4384889045722973,0
0.0,0
0.6031223870464548,0
0.5813264083319061,0
0.3593238161349177,0
0.5134084133592897,0
0.15861031714362883,0
0.44861249728659325,0
0.3536025054633576,0
0.7058584479756145,0
0.41981883871960046,0
0.569745420286618,0
0.5416167121862421,0
0.5166949927725848,0
0.7085314871997589,0
0.7486743412022924,0
0.5355644389732042,0
0.5355644389732042,0
0.6552733146429183,0
0.48076197382041164,0
0.46734670533685607,0
0.35047115704568477,0
0.5132649025747364,0
0.5551717401885469,0
0.6388934206907096,0
0.20100756305184242,0
0.532511669160443,0
0.0,0
0.0,0
0.7634795457695421,0
0.5578655678293358,0
0.5416167121862421,0
0.5471037316861695,0
0.1421976323780587,0
0.6117483051155665,0
0.37273742978774016,0
0.4705918538536189,0
0.3245763303734317,0
0.35047115704568477,0
0.0,0
0.0,0
0.33345514343545635,0
0.6207008751242216,0
0.4778781528715992,0
0.3039361756766328,0
0.7276809868538064,0
0.38882014140500065,0
0.6062651489641888,0
0.5444444444444444,0
0.3390750591813183,0
0.30400310785862195,0
0.5811906638811293,0
0.6936772439772558,0
0.7486743412022924,0
0.6213324129689551,0
0.4205107231601626,0
0.6388934206907096,0
0.5562342005550127,0
0.5914874974279314,0
0.0,0
0.4064483272427708,0
0.7058584479756145,0
0.5134084133592897,0
0.4100399333006963,0
0.0,0
0.7486285128827683,0
0.3245763303734317,0
0.33345514343545635,0
0.31027565968796234,0
0.0,0
0.7552448191428428,0
0.35047115704568477,0
0.49056658709446577,0
0.5639270933103667,0
0.3458694279583794,0
0.6117799945302382,0
0.3907712074515013,0
0.44418587881526606,0
0.5168148024821183,0
0.37273742978774016,0
0.31027565968796234,0
0.0,0
0.07516460280028292,0
0.4060812243681229,0
0.6806970076984273,0
0.43938757456028055,0
0.3039361756766328,0
0.0,0
0.4231525518042518,0
0.43461349368017665,0
0.5647543477813912,0
0.5938509378837672,0
0.0,0
0.504893442107893,0
0.20582857330483195,0
0.5128362871202584,0
0.0,0
0.4064483272427708,0
0.5562342005550127,0
0.0,0
0.6118550240991074,0
0.3565370164061462,0
0.4130232866245167,0
0.0,0
0.35047115704568477,0
0.7621999231652122,0
0.5562342005550127,0
0.0,0
0.5471037316861695,0
0.0,0
0.5209017060057308,0
0.6294336366796591,0
0.44494439865085633,0
0.5128362871202584,0
0.6006438921545227,0
0.0,0
0.3929197945030012,0
0.41410935155849704,0
0.6200763373615228,0
0.6840880682693675,0
0.5134084133592897,0
0.44951146268844966,0
0.15161960871578062,0
0.3492063492063492,0
0.33841317837021423,0
0.5330032109563655,0
0.6294336366796591,0
0.5627314338711377,0
0.5822668847642064,0
0.6960099313669335,0
0.7276809868538064,0
0.45469754584366995,0
0.44249232535105043,0
0.4860251767562509,0
0.4847179141631549,0
0.5773502691896257,0
0.20100756305184242,0
0.7061878636037996,0
0.0,0
0.504893442107893,0
0.4169539239683968,0
0.5471037316861695,0
0.43030962147358576,0
0.41592641092754823,0
0.7486285128827683,0
0.0,0
0.5663178166863173,0
0.0853320185982861,0
0.0979302742865189,0
0.0,0
0.4060812243681229,0
0.0,0
0.48316195382289606,0
0.4099457958749615,0
0.4665859494358171,0
0.6118550240991074,0
0.5454731740485111,0
0.5146330641450573,0
0.3929197945030012,0
0.4231525518042518,0
0.6552733146429183,0
0.3270624390500223,0
0.6181150999636872,0
0.0,0
0.6181150999636872,0
0.5811906638811293,0
0.7085314871997589,0
0.6200763373615228,0
0.0853320185982861,0
0.37273742978774016,0
0.0,0
0.3954671210391205,0
0.5627314338711377,0
0.05869672708837492,0
0.343715013084567,0
0.5663178166863173,0
0.3593238161349177,0
0.38882014140500065,0
0.6702892000383104,0
0.3390750591813183,0
0.0,0
0.4869994171355685,0
0.7392212709545728,0
0.3644749012727946,0
0.8331690399575391,0
0.6702892000383104,0
0.6207008751242216,0
0.7621999231652122,0
0.0979302742865189,0
0.5373622334465277,0
0.3812237142827296,0
0.09289773523888234,0
0.6207008751242216,0
0.4894334039150695,0
0.4820249015140379,0
0.7442918196011403,0
0.35189800184188513,0
0.5647543477813912,0
0.6294336366796591,0
0.6883328119514257,0
0.5416167121862421,0
0.0979302742865189,0
0.4145653226931324,0
0.5716102432682235,0
0.05869672708837492,0
0.5262130792719169,0
0.532511669160443,0
0.3854343923184502,0
0.35047115704568477,0
0.3812824990555186,0
0.5797655118929443,0
0.6201079731023337,0
0.4752381029339785,0
0.532511669160443,0
0.3895376983120955,0
0.6375848040870385,0
0.648312504955087,0
0.0,0
0.3812237142827296,0
0.648312504955087,0
0.5416167121862421,0
0.30337873398710546,0
0.43038645276371623,0
0.4011904788227938,0
0.5913770167636583,0
0.43461349368017665,0
0.3307342033546099,0
0.30400310785862195,0
0.6367689259955844,0
0.6082734029424619,0
0.6182262068842368,0
0.47832811096459527,0
0.5757929360284594,0
0.5325352101035198,0
0.0,0
0.7065231188657235,0
0.7231782483220536,0
0.4765746668911295,0
0.05220402045168593,0
0.0,0
0.41143528879424496,0
0.45414141478274606,0
0.44249232535105043,0
0.5132649025747364,0
0.39931042923725113,0
0.49590352247721836,0
0.0,0
0.5562342005550127,0
0.6375848040870385,0
0.5562342005550127,0
0.7404360971988655,0
0.5262130792719169,0
0.7486743412022924,0
0.738032160582753,0
0.45469754584366995,0
0.6375848040870385,0
0.5453933763893662,0
0.4471220216129377,0
0.0,0
0.5797655118929443,0
0.5663178166863173,0
0.7621999231652122,0
0.7262411172176585,0
0.5886508336200407,0
0.7486285128827683,0
0.4869994171355685,0
0.4060812243681229,0
0.6372332198423024,0
0.8081220356417687,0
0.15161960871578062,0
0.3363881890407965,0
0.3458694279583794,0
0.0853320185982861,0
0.5311255135333152,0
0.4204113938276892,0
0.05220402045168593,0
0.0979302742865189,0
0.6752277234339176,0
0.648312504955087,0
0.6883328119514257,0
0.6589777502721058,0
0.6096489371969633,0
0.0,0
0.6430721171653884,0
0.7577382267455065,0
0.4705918538536189,0
0.7196550319214071,0
0.6375848040870385,0
0.6936772439772557,0
0.41145028689098906,0
0.5058875031275659,0
0.4847179141631549,0
0.6207008751242216,0
0.7404360971988655,0
0.3914537831560394,0
0.4869994171355685,0
0.6711932056813287,0
0.0,0
0.0,0
0.0,0
0.5277580676986035,0
0.0,0
0.6460356047211285,0
0.7134481606094224,0
0.6982375043891673,0
0.7621999231652122,0
