0.9318181818181817,1
0.9272643212412679,1
0.9107822424770059,1
0.9107822424770059,1
0.9272643212412679,1
0.9272643212412679,1
0.9132140492509813,1
0.9132140492509813,1
0.9272643212412679,1
0.9272643212412679,1
0.9107822424770059,1
0.9107822424770059,1
0.9272643212412679,1
0.9272643212412679,1
0.9132140492509813,1
0.9132140492509813,1
0.9272643212412679,1
0.8949886705729058,1
0.8949886705729058,1
0.9302325581395354,1
0.9302325581395354,1
0.9161373102617941,1
0.9161373102617941,1
0.9302325581395354,1
0.949720670391062,1
0.8949886705729058,1
0.8949886705729058,1
0.8814274518764486,1
0.8814274518764486,1
0.8949886705729058,1
0.8949886705729058,1
0.8949886705729058,1
0.8814274518764486,1
0.8814274518764486,1
0.8949886705729058,1
0.9302325581395354,1
0.9161373102617941,1
0.9161373102617941,1
0.9302325581395354,1
0.9161373102617941,1
0.9161373102617941,1
0.9302325581395354,1
0.9022556390977445,1
0.9161373102617941,1
0.9161373102617941,1
0.9662162162162166,1
0.9662162162162166,1
0.9662162162162166,1
0.9794661144068356,1
0.8558905895607811,1
0.9132515299544464,1
0.9148809980249142,1
0.9148809980249142,1
0.9148809980249142,1
0.9148809980249142,1
0.910859523620594,1
0.9272727272727269,1
0.884780470907964,1
0.9055812151181798,1
0.8894088210172194,1
0.8894088210172194,1
0.8894088210172194,1
0.8894088210172194,1
0.8854993127681468,1
0.9014555389231054,1
0.859807729428996,1
0.8444527847600491,1
0.8444527847600491,1
0.8444527847600491,1
0.8444527847600491,1
0.8407408864181862,1
0.8558905895607811,1
0.9010471747938767,1
0.9010471747938767,1
0.9010471747938767,1
0.9010471747938767,1
0.897086508698131,1
0.9132515299544464,1
0.9203539823008852,1
0.9203539823008852,1
0.9203539823008852,1
0.9163084507063631,1
0.9328198411234419,1
0.9203539823008852,1
0.9203539823008852,1
0.9163084507063631,1
0.9328198411234419,1
0.9203539823008852,1
0.9163084507063631,1
0.9328198411234419,1
0.9163084507063631,1
0.9328198411234419,1
0.937649509609435,1
0.9400000000000005,1
0.9849615493669508,1
0.9849615493669508,1
0.9091372900969897,1
0.9091372900969897,1
0.9183673469387755,1
0.9760960935059366,1
0.9542351387568919,1
0.8516203238774593,1
0.9851958542320377,1
0.9734275546731038,1
0.9677880640379083,1
0.9545807293526763,1
0.9638459236991838,1
0.945125985182637,1
0.9165444688834582,1
0.9583333333333334,1
0.8798826901281199,1
0.8798826901281199,1
0.9677419354838712,1
0.9165444688834582,1
0.7825267906836493,1
0.8331715053226159,1
0.8251983888449985,1
0.9135037687169165,1
0.7727272727272726,1
0.7727272727272726,1
0.7272727272727272,1
0.7272727272727272,1
0.7727272727272726,1
0.7727272727272726,1
0.8751723492699257,1
0.9807635970006134,1
0.9701492537313438,1
0.8422348876123156,1
0.6131393394849658,1
0.7715167498104596,1
0.5832118435198043,1
0.7167132003459628,1
0.7167132003459628,1
0.6131393394849658,1
0.5832118435198043,1
0.5634361698190111,1
0.5832118435198043,1
0.6627227564416557,1
0.7580980435789035,1
0.6876819060735034,1
0.5959018763366751,1
0.5959018763366751,1
0.6627227564416557,1
0.6876819060735034,1
0.7197274920657464,1
0.6876819060735034,1
0.6622661785325221,1
0.7259079527665504,1
0.6862103602064364,1
0.6862103602064364,1
0.763157894736842,1
0.7259079527665504,1
0.7254762501100118,1
0.7259079527665504,1
0.629940788348712,1
0.5954913341754138,1
0.5954913341754138,1
0.6622661785325221,1
0.629940788348712,1
0.6085806194501846,1
0.629940788348712,1
0.6527162480791984,1
0.6527162480791984,1
0.7259079527665504,1
0.785714285714286,1
0.7820743005880015,1
0.785714285714286,1
0.8085106382978726,1
0.6862103602064364,1
0.6527162480791984,1
0.6523280730534421,1
0.6527162480791984,1
0.6862103602064364,1
0.6527162480791984,1
0.6523280730534421,1
0.6527162480791984,1
0.7259079527665504,1
0.7254762501100118,1
0.7259079527665504,1
0.7820743005880015,1
0.785714285714286,1
0.7820743005880015,1
0.30795894154484194,0
0.4138898886660099,0
0.6881144050194629,0
0.4377004345007647,0
0.13856849886842332,0
0.6441163063054738,0
0.6474615359100773,0
0.14312107299860882,0
0.3434458006076329,0
0.2713463662707769,0
0.3595506047014154,0
0.737150101639312,0
0.28803576474096326,0
0.6343564038810431,0
0.7552742919197131,0
0.35072130351597697,0
0.24534987303147357,0
0.24101439518201728,0
0.4338890641389979,0
0.5286432214740339,0
0.6432452193519859,0
0.1618889317032706,0
0.4968931055048663,0
0.41714079719338937,0
0.3465545893547446,0
0.24130854453292008,0
0.40883815970729953,0
0.07933288280219176,0
0.5429634628903665,0
0.41657321855179597,0
0.3467172868053073,0
0.4221715892800253,0
0.26495295846634775,0
0.39033098777557296,0
0.31652097680399843,0
0.1324532357065044,0
0.2296656149313139,0
0.737150101639312,0
0.6441163063054738,0
0.5427601613976232,0
0.1980227910625188,0
0.5570117497251352,0
0.3570985768305993,0
0.6794336145864707,0
0.03458572319330373,0
0.8038192003302705,0
0.5250152622934173,0
0.449265600729131,0
0.4992619922176696,0
0.6496226361342333,0
0.6486116039682576,0
0.35890426717764096,0
0.5617372877847836,0
0.27761874873643333,0
0.3886265944791072,0
0.35989544396749507,0
0.19968076595771792,0
0.37242870570191067,0
0.4226533215398422,0
0.5050876477397226,0
0.19867985355975656,0
0.12171612389003693,0
0.45564545641857024,0
0.13099062926556154,0
0.41750130469361574,0
0.24534987303147357,0
0.17722938923964168,0
0.18462482262984373,0
0.18880732309610807,0
0.3343286575352694,0
0.38966263485372593,0
0.13856849886842332,0
0.19737223753565242,0
0.03289758474798845,0
0.4224539808871091,0
0.21116325662533386,0
0.28755406187583576,0
0.41864752547143386,0
0.4008977069011284,0
0.5050876477397226,0
0.6653729256748657,0
0.03490555553037292,0
0.5558710921187893,0
0.6871484977890631,0
0.4852246612956295,0
0.5007629885828386,0
0.3815836220359315,0
0.20056236303005484,0
0.5477225575051662,0
0.3250955425736291,0
0.7548294124240689,0
0.217689644749893,0
0.42614042180387945,0
0.28203803740888306,0
0.20056236303005484,0
0.7266600278507365,0
0.2472128449077058,0
0.27852424952911653,0
0.36370739718583117,0
0.45294392142464934,0
0.19501801703965732,0
0.7339098657263521,0
0.3723341311728574,0
0.27671314198805325,0
0.03458572319330373,0
0.6409413198575193,0
0.42508863487591414,0
0.3553345272593508,0
0.15228622596829314,0
0.27671314198805325,0
0.14962640041614494,0
0.3275738469404449,0
0.32334733584451775,0
0.2945722350569019,0
0.16376054222433503,0
0.6680289112475795,0
0.31705518980318903,0
0.09304842103984708,0
0.31328056503783747,0
0.20958202780955892,0
0.43618430492216764,0
0.12598815766974242,0
0.27852424952911653,0
0.8610194506062027,0
0.5190156381017728,0
0.3122630941165868,0
0.1773404394085891,0
0.03289758474798845,0
0.03458572319330373,0
0.6343564038810431,0
0.07813983916059347,0
0.3263446175535173,0
0.27671314198805325,0
0.7548294124240689,0
0.30463589792247125,0
0.41155138614683506,0
0.6706239501611673,0
0.2513487270291371,0
0.2753800572577618,0
0.40451991747794525,0
0.269397959430255,0
0.20648404033902637,0
0.447773662839645,0
0.7548294124240689,0
0.4396133154171361,0
0.5177672386525596,0
0.6474615359100773,0
0.20327890704543541,0
0.34475889495729317,0
0.3368830232919195,0
0.23305555497966385,0
0.3556504195366129,0
0.24025428786683894,0
0.5553301796153424,0
0.6474615359100773,0
0.5405624776173353,0
0.44697497551204934,0
0.2887378015085208,0
0.7453154568848145,0
0.5420591718469977,0
0.2624453295839119,0
0.305887645160749,0
0.4920031042440261,0
0.33556451355170597,0
0.17937400083354382,0
0.6653729256748657,0
0.34475889495729317,0
0.20327890704543541,0
0.23664123561937497,0
0.32334733584451775,0
0.21693800887276218,0
0.6647843099684919,0
0.23664123561937497,0
0.39911406314264364,0
0.3321361106966265,0
0.5863527298559492,0
0.17963872380678222,0
0.5221978562277042,0
0.4304998914855783,0
0.4131468160600106,0
0.6179464826031428,0
0.4556902892383414,0
0.916666666666667,1
0.9999999999999996,1
0.8040302522073697,1
1.0000000000000002,1
0.9802196077675932,1
0.9570011870502858,1
0.9434563530497261,1
0.5443310539518175,1
0.5017452060042544,1
0.9613975934133038,1
0.9904761904761905,1
0.9689627902499092,1
0.9583333333333333,1
1.0000000000000002,1
0.8970852271450606,1
0.8970852271450606,1
0.6804138174397719,1
0.9285714285714285,1
0.9999999999999997,1
0.9999999999999997,1
0.9999999999999997,1
0.9999999999999997,1
0.9999999999999997,1
0.9999999999999997,1
0.9999999999999997,1
0.9999999999999997,1
0.9999999999999997,1
0.9999999999999997,1
0.9999999999999997,1
0.8536102970333703,1
0.9999999999999998,1
0.9999999999999997,1
0.9036961141150636,1
0.9822994862575027,1
0.8888888888888892,1
0.9444444444444448,1
0.8333333333333336,1
0.8333333333333336,1
0.9444444444444448,1
0.8888888888888892,1
1.0000000000000002,1
1.0000000000000002,1
0.662266178532522,1
0.8748177652797063,1
0.8426648406178137,1
0.7171371656006361,1
0.7409585736349483,1
0.7807200583588265,1
0.7592566023652967,1
0.6666666666666667,1
0.923076923076923,1
0.8040302522073697,1
0.8864052604279182,1
0.9354143466934852,1
0.9354143466934852,1
0.8153742483272114,1
0.8291561975888502,1
0.8291561975888502,1
0.9198662110078001,1
1.0,1
0.9013878188659976,1
0.9013878188659976,1
1.0000000000000002,1
0.9999999999999997,1
0.9999999999999997,1
0.9999999999999997,1
0.9999999999999997,1
0.9999999999999997,1
0.9999999999999997,1
0.9999999999999997,1
0.9999999999999997,1
0.9999999999999997,1
1.0,1
0.9375,1
0.9166666666666669,1
0.78067086829745,1
0.944606427885211,1
0.916855748679943,1
0.945473462360108,1
0.9346672890266731,1
0.9482824979289409,1
0.9473729613781,1
0.7581753965757456,1
0.7735267838285932,1
0.8733766346567304,1
0.9999999999999997,1
0.9968895725584536,1
0.9095085938862485,1
0.9095085938862485,1
0.8823529411764706,1
0.9821428571428574,1
0.9642857142857141,1
1.0000000000000002,1
0.9999999999999998,1
0.7926290870042665,1
0.9433045006743214,1
0.9181982745294945,1
0.9450323140226163,1
0.9193520880980888,1
0.8810572687224673,1
0.8590308370044056,1
0.9779735682819387,1
0.8063590940301671,1
0.7806788681056396,1
0.9700598802395212,1
0.8063590940301671,1
0.7806788681056396,1
0.9193520880980888,1
0.8383233532934136,1
0.8083832335329344,1
0.7806788681056396,1
0.8063590940301671,1
0.9450323140226163,1
0.8083832335329344,1
0.8383233532934136,1
0.9073080588403084,1
1.0000000000000004,1
0.9912407071619304,1
0.8970941342575661,1
0.9064467328797735,1
0.6738064258520844,1
0.7366641576986838,1
0.6913363993863797,1
0.7537783614444091,1
0.9506390298135711,1
0.9073080588403084,1
0.8993606818585862,1
0.9887426056858818,1
0.8189230248533256,1
1.0000000000000002,1
0.8819171036881968,1
0.9444444444444448,1
0.8189230248533256,1
0.7644707871564383,1
0.6457765999379483,1
0.7644707871564383,1
0.6457765999379483,1
0.7644707871564383,1
0.7644707871564383,1
0.7644707871564383,1
0.7354991780818256,1
0.7354991780818256,1
0.6457765999379483,1
0.5527899928227821,1
0.8189230248533256,1
0.8888888888888891,1
0.8888888888888891,1
0.6791021264999362,1
0.7999999999999999,1
0.6791021264999362,1
0.7999999999999999,1
0.7999999999999999,1
0.7999999999999999,1
0.7257965464099608,1
0.7257965464099608,1
0.5714395942499463,1
0.506171068243531,1
0.8281733249999219,1
0.8888888888888891,1
0.6791021264999362,1
0.6791021264999362,1
0.6791021264999362,1
0.6667853645518176,1
0.6667853645518176,1
0.4814814814814814,1
0.7680294792817208,1
0.6791021264999362,1
0.7999999999999999,1
0.7999999999999999,1
0.7999999999999999,1
0.7257965464099608,1
0.7257965464099608,1
0.5714395942499463,1
0.506171068243531,1
0.8281733249999219,1
0.6791021264999362,1
0.6791021264999362,1
0.6667853645518176,1
0.6667853645518176,1
0.4814814814814814,1
0.7680294792817208,1
0.8189230248533256,1
0.9285714285714286,1
0.8819171036881968,1
1.0,1
0.7999999999999999,1
0.7999999999999999,1
0.7257965464099608,1
0.7257965464099608,1
0.5714395942499463,1
0.506171068243531,1
0.9500000000000003,1
0.9500000000000003,1
0.9500000000000003,1
0.9500000000000003,1
0.9500000000000003,1
0.9500000000000003,1
1.0000000000000002,1
0.9500000000000003,1
0.9500000000000003,1
0.9500000000000003,1
0.9500000000000003,1
0.9500000000000003,1
0.9500000000000003,1
0.8888888888888891,1
1.0,1
0.7999999999999999,1
0.7257965464099608,1
0.7257965464099608,1
0.5714395942499463,1
0.506171068243531,1
0.7257965464099608,1
0.7257965464099608,1
0.7205107927499322,1
0.614636297152859,1
0.971472630143311,1
1.0000000000000002,1
0.971472630143311,1
0.964285714285714,1
0.9999999999999997,1
0.964285714285714,1
0.9274193548387096,1
0.971472630143311,1
1.0,1
0.964285714285714,1
0.9999999999999997,1
0.8846153846153841,1
0.528395949267478,1
0.5217732845620353,1
0.9500000000000003,1
0.9500000000000003,1
0.9500000000000003,1
0.9500000000000003,1
0.9500000000000003,1
0.9500000000000003,1
1.0000000000000002,1
0.9500000000000003,1
0.9500000000000003,1
0.9500000000000003,1
0.9500000000000003,1
0.9500000000000003,1
0.9500000000000003,1
0.9500000000000003,1
0.9500000000000003,1
0.9500000000000003,1
0.9500000000000003,1
0.9500000000000003,1
1.0000000000000002,1
0.9500000000000003,1
0.9500000000000003,1
0.9500000000000003,1
0.9500000000000003,1
0.9500000000000003,1
0.9500000000000003,1
0.9500000000000003,1
0.9500000000000003,1
0.9500000000000003,1
0.9500000000000003,1
1.0000000000000002,1
0.9500000000000003,1
0.9500000000000003,1
0.9500000000000003,1
0.528395949267478,1
0.5217732845620353,1
0.9912407071619304,1
0.8970941342575661,1
0.9500000000000003,1
0.9500000000000003,1
0.9500000000000003,1
0.9500000000000003,1
0.9500000000000003,1
0.9500000000000003,1
1.0000000000000002,1
0.9500000000000003,1
0.9500000000000003,1
0.9500000000000003,1
0.9500000000000003,1
0.9500000000000003,1
0.9500000000000003,1
0.9500000000000003,1
0.9500000000000003,1
1.0000000000000002,1
0.9500000000000003,1
0.9500000000000003,1
0.9500000000000003,1
0.9500000000000003,1
0.9500000000000003,1
0.9500000000000003,1
0.9500000000000003,1
1.0000000000000002,1
1.0000000000000004,1
0.650443635587991,1
0.7693304869868516,1
0.9327531340557953,1
0.9999999999999999,1
0.650443635587991,1
0.7680652057909509,1
0.6933752452815364,1
0.650443635587991,1
0.9999999999999999,1
0.9130434782608696,1
1.0,1
0.9130434782608696,1
0.977973568281939,1
0.8590308370044056,1
0.9450323140226162,1
0.9193520880980885,1
0.8810572687224674,1
0.9193520880980885,1
0.9450323140226162,1
0.9130434782608696,1
1.0,1
0.7806788681056396,1
0.8063590940301671,1
0.7882407813680821,1
0.9428090415820634,1
0.9700598802395215,1
0.7833494518006401,1
0.9537476351189641,1
0.7894736842105259,1
0.936585811581694,1
0.7762427564244374,1
0.7693304869868516,1
0.7680652057909509,1
0.9327531340557953,1
0.6933752452815364,1
0.9187285524915135,1
0.9295803361350238,1
0.7590721152765897,1
0.9089970290107849,1
0.9423234763024096,1
0.9757541292467684,1
0.7554973565193743,1
0.9500000000000001,1
0.9941690465022803,1
0.9763224491089487,1
0.9230769230769231,1
0.9526610232449336,1
0.953451670005454,1
0.9999999999999999,1
0.8819171036881968,1
0.9444444444444448,1
0.8189230248533256,1
0.8189230248533256,1
0.9285714285714286,1
0.8819171036881968,1
0.9500000000000003,1
0.9500000000000003,1
0.9500000000000003,1
0.9500000000000003,1
0.9500000000000003,1
0.9500000000000003,1
0.971472630143311,1
0.964285714285714,1
0.9500000000000003,1
0.9500000000000003,1
0.9500000000000003,1
0.9500000000000003,1
0.9500000000000003,1
0.9500000000000003,1
0.9500000000000003,1
0.9500000000000003,1
0.9500000000000003,1
0.9500000000000003,1
0.9500000000000003,1
0.9500000000000003,1
0.9500000000000003,1
0.9500000000000003,1
0.9500000000000003,1
0.650443635587991,1
0.9130434782608696,1
0.9537476351189641,1
0.10814761408717502,0
0.1276884796138123,0
0.1320676359488436,0
0.0,0
0.09128709291752769,0
0.0,0
0.49453535504684043,0
0.3258155596261055,0
0.0,0
0.3928371006591931,0
0.18090680674665816,0
0.21483446221182986,0
0.2882999880625789,0
0.3082444853628338,0
0.0450605909059333,0
0.20016019225635895,0
0.8819171036881968,0
0.4629100498862758,0
0.3292872851164576,0
0.0757614408414158,0
0.049690399499995326,0
0.12909944487358058,0
0.462463395594021,0
0.22228757209048453,0
0.3701935181710198,0
0.2459549291242073,0
0.09128709291752769,0
0.1355261854357877,0
0.060858061945018464,0
0.09128709291752769,0
0.025416428388767443,0
0.3310423554409472,0
0.5333333333333333,0
0.2742178902166201,0
0.059131239598908265,0
0.07188851546895896,0
0.036369648372665396,0
0.21382379153622294,0
0.20989253928803775,0
0.40730653998127836,0
0.1315587028960544,0
0.0757614408414158,0
0.42732738696715195,0
0.2056290302881662,0
0.060858061945018464,0
0.25374459187822046,0
0.06839855680567694,0
0.023728949893812478,0
0.08283153665625823,0
0.03892494720807615,0
0.4120816918460671,0
0.07202240245128538,0
0.38372093023255816,0
0.35736058005926125,0
0.09128709291752769,0
0.11695217633781754,0
0.5270462766947299,0
0.11867816581938531,0
0.5194456550460842,0
0.07367094686837572,0
0.33746318557325733,0
0.07647191129018724,0
0.21719012330009818,0
0.14523687548277814,0
0.4285714285714286,0
0.18009006755629928,0
0.022011272658140596,0
0.0,0
0.28529870107872785,0
0.3565929832876473,0
0.19245008972987526,0
0.2961436978509845,0
0.30499714066520933,0
0.2787208196087848,0
0.09759000729485331,0
0.3022679614376111,0
0.3085262225191269,0
0.0,0
0.12909944487358058,0
0.19364916731037085,0
0.4478094142654362,0
0.0967279040667671,0
0.19825037643924306,0
0.14333552726125529,0
0.3638034375544995,0
0.7371541402007415,0
0.0,0
0.2165063509461097,0
0.0,0
0.08006407690254358,0
0.191662969499982,0
0.0,0
0.11826247919781653,0
0.2263009527424072,0
0.158113883008419,0
0.20739033894608508,0
0.11812488464372366,0
0.0,0
0.20044593143431824,0
0.16854996561581054,0
0.0445435403187374,0
0.5406205059012896,0
0.09365858115816941,0
0.12562972690740154,0
0.21320071635561044,0
0.13867504905630731,0
0.07440653318043246,0
0.06579516949597691,0
0.1315587028960544,0
0.3701935181710198,0
0.7244319066010191,0
0.4054424270396916,0
0.0,0
0.5194456550460842,0
0.2553769592276246,0
0.350329236163592,0
0.22294816068526147,0
0.5561238104357739,0
0.20637574814703294,0
0.4665906358687521,0
0.0,0
0.14962640041614494,0
0.08744460559936335,0
0.1540789086069842,0
0.38844929803367795,0
0.28171808490950556,0
0.0,0
0.4856429311786322,0
0.33596842045264635,0
0.0,0
0.49099025303098287,0
0.15430334996209194,0
0.10667311465869792,0
0.15889162445979146,0
0.28867513459481287,0
0.0,0
0.06997114285413195,0
0.08119979429411503,0
0.18314741859825204,0
0.12309149097933275,0
0.3851644432598215,0
0.02749286996141075,0
0.4070457892053472,0
0.07647191129018724,0
0.17611748841908673,0
0.0,0
0.5962847939999438,0
0.13912166872805048,0
0.39509183865983594,0
0.14824986333222023,0
0.0,0
0.07453559924999298,0
0.11562432251572007,0
0.2766992952647332,0
0.4313310928137537,0
0.4535573676110727,0
0.2188702620658331,0
0.721014400100765,0
0.16918197377512545,0
0.2946278254943948,0
0.11547005383792514,0
0.4493421824696241,0
0.18117436310203067,0
0.07658395810674837,0
0.19245008972987526,0
0.0,0
0.32539568672798425,0
0.0,0
0.5063696835418331,0
0.6880209161537814,0
0.05801193511153214,0
0.19527994725570028,0
0.23918243661746993,0
0.2048220075932285,0
0.0,0
0.10206207261596577,0
0.20225995873897262,0
0.2733040833050606,0
0.0890870806374748,0
0.6020797289396148,0
0.23094010767585027,0
0.254000254000381,0
0.2267786838055364,0
0.22131333406899523,0
0.757614408414158,0
0.17982026955078603,0
0.33436692754521175,0
0.20459830184114203,0
0.8385254915624214,0
0.11433239009500587,0
0.028819520885211745,0
0.1649780043990225,0
0.21887026206583313,0
0.1025978352085154,0
0.19062321291575582,0
0.15289415743128767,0
0.19611613513818402,0
0.1515228816828316,0
0.1118033988749895,0
0.05103103630798288,0
0.18446619684315543,0
0.09128709291752769,0
0.7715167498104598,0
0.23784131253542581,0
0.8386615311747422,0
0.0,0
0.08869375827221777,0
0.5570066518960166,0
0.0,0
0.09622504486493763,0
0.4850712500726658,0
0.5285456130896169,0
0.5285456130896169,0
0.29631887899487686,0
0.707452301256611,0
0.6871294955768228,0
0.21968519179491203,0
0.10955820713295535,0
0.2696799449852968,0
0.15876322406928006,0
0.18069775254972717,0
0.2672612419124244,0
0.27472112789737807,0
0.4054424270396916,0
0.24454174378176669,0
0.22941573387056174,0
0.06160411036336974,0
0.24454174378176669,0
0.5416762627738957,0
0.43886672938755367,0
0.19446111706564928,0
0.07453559924999299,0
0.1276884796138123,0
0.14414999403128945,0
0.4105179752024506,0
0.028819520885211745,0
0.17149858514250885,0
0.3655669616310503,0
0.2821440468234173,0
0.3292872851164576,0
0.1475703340252388,0
0.15713484026367724,0
0.3178208630818641,0
0.25597017015286955,0
0.07150969419341942,0
0.33277916281986086,0
0.6705664989726873,0
0.09259259259259259,0
0.0922531208028885,0
0.45501575519329013,0
0.0975900072948533,0
0.13709809772353745,0
0.1543033499620919,0
0.09284766908852593,0
0.2253744679276044,0
0.0,0
0.2806771133407972,0
0.2581988897471611,0
0.060858061945018464,0
0.25354627641855493,0
0.11440107883060735,0
0.6343350474165464,0
0.030219894260774968,0
0.18860838403857944,0
0.3974167949306143,0
0.0,0
0.24828176658071044,0
0.18565582432658279,0
0.1539600717839002,0
0.07362101738323101,0
0.058470534620468605,0
0.14638501094227999,0
0.2041241452319315,0
0.22294816068526147,0
0.08006407690254358,0
0.17375160649180496,0
0.14409760442605873,0
0.11111111111111113,0
0.1513068831672006,0
0.24301071976203398,0
0.22019275302527216,0
0.0816496580927726,0
0.06448526937784474,0
0.5005959477681419,0
0.28373076085276344,0
0.1683587574253685,0
0.2182178902359924,0
0.06454972243679027,0
0.6577935144802718,0
0.4368104653781177,0
0.14638501094227996,0
0.035533452725935076,0
0.18389242812245682,0
0.02583711946644009,0
0.4778094670393762,0
0.36660661001141953,0
0.21270799391196737,0
0.39690735124866605,0
0.03413943709994594,0
0.3339321541400014,0
0.09376144618769908,0
0.25253813613805265,0
0.2265271266745269,0
0.12201777521731264,0
0.32792380098113805,0
0.30382181012509996,0
0.20588235294117646,0
0.0,0
0.225606302201012,0
0.058520573598065284,0
0.08365079480039574,0
0.10400628679223047,0
0.0,0
0.07843304784240031,0
0.3803194146278325,0
0.07856742013183862,0
0.10166571355506979,0
0.1259881576697424,0
0.07005216937414566,0
0.13295400586957762,0
0.06280742930213279,0
0.0975900072948533,0
0.3207689914617685,0
0.1938287215142766,0
0.02752409412815902,0
0.20225995873897262,0
0.08584797978606536,0
0.1270001270001905,0
0.4028637973587552,0
0.05981486045545792,0
0.3056771797272085,0
0.6172133998483678,0
0.0,0
0.0,0
0.07559289460184544,0
0.4281173407817136,0
0.05270462766947299,0
0.2795084971874737,0
0.037037037037037035,0
0.4442837603395972,0
0.3994455991791636,0
0.4181129057288785,0
0.18111603429195533,0
0.3991107409750379,0
0.6425754631219992,0
0.12403473458920845,0
0.22360679774997894,0
0.09805806756909201,0
0.17457431218879388,0
0.07453559924999298,0
0.06862745098039216,0
0.3314563036811941,0
0.2841790400778027,0
0.18490006540840975,0
0.0,0
0.2812843385630972,0
0.140028008402801,0
0.0,0
0.06338656910463875,0
0.2886751345948129,0
0.0,0
0.25000000000000006,0
0.03603749850782236,0
0.3217447260438934,0
0.4753136785007253,0
0.024225079155575462,0
0.12897053875568948,0
0.26647402004950604,0
0.18057877962865385,0
0.7794371372555351,0
0.6549531463278075,0
0.15386436372416595,0
0.8911004285328511,1
0.9644283540820204,1
0.9032780266006145,1
0.9130434782608692,1
0.9130434782608692,1
0.9130434782608692,1
0.9130434782608692,1
0.9130434782608692,1
0.9130434782608692,1
0.9032780266006145,1
0.9032780266006145,1
0.9032780266006145,1
0.9032780266006145,1
0.9032780266006145,1
0.9032780266006145,1
0.9130434782608692,1
0.9130434782608692,1
0.9130434782608692,1
0.9130434782608692,1
0.9130434782608692,1
0.9130434782608692,1
0.9130434782608692,1
0.9130434782608692,1
0.9130434782608692,1
0.9130434782608692,1
0.9130434782608692,1
0.9130434782608692,1
0.9130434782608692,1
0.9130434782608692,1
0.9130434782608692,1
0.9674876684816023,1
0.8661311391372268,1
0.9135917348653837,1
0.9160180036717882,1
0.8403658068160175,1
0.9824998626174274,1
0.9631879839558704,1
0.911912690510537,1
0.8971872302800804,1
0.9541151698763679,1
0.9103317624206513,1
0.9212363803623975,1
0.9541109827848245,1
0.9426694127511805,1
0.9904795942710566,1
0.7500000000000001,1
0.7954951288348657,1
0.7954951288348657,1
0.7954951288348657,1
0.7954951288348657,1
0.7954951288348657,1
0.7954951288348657,1
0.7954951288348657,1
0.7954951288348657,1
0.7954951288348657,1
0.7954951288348657,1
0.8437499999999999,1
0.8437499999999999,1
0.8437499999999999,1
0.8437499999999999,1
0.8437499999999999,1
0.8437499999999999,1
0.8437499999999999,1
0.8437499999999999,1
0.8437499999999999,1
0.8437499999999999,1
0.8588011920924933,1
0.9223891194955155,1
0.5192169754598108,1
0.5192169754598108,1
0.5192169754598108,1
0.5192169754598108,1
0.5192169754598108,1
0.5192169754598108,1
0.5192169754598108,1
0.5192169754598108,1
0.6478873239436618,1
0.6478873239436618,1
0.6478873239436618,1
0.6478873239436618,1
0.6478873239436618,1
0.6478873239436618,1
0.6478873239436618,1
0.6478873239436618,1
0.6478873239436618,1
0.6478873239436618,1
0.6478873239436618,1
0.6478873239436618,1
0.6478873239436618,1
0.6478873239436618,1
0.6478873239436618,1
0.6478873239436618,1
0.6478873239436618,1
0.6478873239436618,1
0.8879400317589026,1
0.6478873239436618,1
0.6478873239436618,1
0.6478873239436618,1
0.6478873239436618,1
0.6478873239436618,1
0.6478873239436618,1
0.6478873239436618,1
0.6478873239436618,1
0.6478873239436618,1
0.6478873239436618,1
0.9592519490299198,1
0.8296719565922153,1
0.9341987329938277,1
0.9047619047619052,1
0.9258200997725519,1
0.8376467569370707,1
0.9999999999999998,1
0.9697024663311841,1
0.9765012425604778,1
0.9053133151465076,1
0.9148936170212768,1
0.9148936170212768,1
0.9148936170212768,1
0.9148936170212768,1
0.9148936170212768,1
0.9148936170212768,1
0.9053133151465076,1
0.9053133151465076,1
0.9053133151465076,1
0.9053133151465076,1
0.9053133151465076,1
0.9053133151465076,1
0.9148936170212768,1
0.9148936170212768,1
0.9148936170212768,1
0.9148936170212768,1
0.9148936170212768,1
0.9148936170212768,1
0.9148936170212768,1
0.9148936170212768,1
0.9148936170212768,1
0.9148936170212768,1
0.9148936170212768,1
0.9148936170212768,1
0.9148936170212768,1
0.9148936170212768,1
0.9148936170212768,1
0.8664002254439638,1
0.9539590550898287,1
0.9539590550898287,1
0.9539590550898287,1
0.9539590550898287,1
0.9539590550898287,1
0.9539590550898287,1
0.9696969696969698,1
0.9696969696969698,1
0.9696969696969698,1
0.9696969696969698,1
0.9696969696969698,1
0.9696969696969698,1
0.9696969696969698,1
0.9696969696969698,1
0.9696969696969698,1
0.9696969696969698,1
0.9696969696969698,1
0.9696969696969698,1
0.9696969696969698,1
0.9696969696969698,1
0.9696969696969698,1
0.9254762227411246,1
0.9254762227411246,1
0.9254762227411246,1
0.9254762227411246,1
0.9254762227411246,1
0.9254762227411246,1
0.9696969696969698,1
0.9696969696969698,1
0.9696969696969698,1
0.9696969696969698,1
0.9696969696969698,1
0.9696969696969698,1
0.9696969696969698,1
0.9696969696969698,1
0.9696969696969698,1
0.9696969696969698,1
0.9696969696969698,1
0.9696969696969698,1
0.9696969696969698,1
0.9696969696969698,1
0.9696969696969698,1
0.9509474618867317,1
0.9509474618867317,1
0.9509474618867317,1
0.9509474618867317,1
0.9509474618867317,1
0.9509474618867317,1
0.9666666666666665,1
0.9666666666666665,1
0.9666666666666665,1
0.9666666666666665,1
0.9666666666666665,1
0.9666666666666665,1
0.9666666666666665,1
0.9666666666666665,1
0.9666666666666665,1
0.9666666666666665,1
0.9666666666666665,1
0.9666666666666665,1
0.9666666666666665,1
0.9666666666666665,1
0.9666666666666665,1
0.9509474618867317,1
0.9509474618867317,1
0.9509474618867317,1
0.9509474618867317,1
0.9509474618867317,1
0.9509474618867317,1
0.9666666666666665,1
0.9666666666666665,1
0.9666666666666665,1
0.9666666666666665,1
0.9666666666666665,1
0.9666666666666665,1
0.9666666666666665,1
0.9666666666666665,1
0.9666666666666665,1
0.9666666666666665,1
0.9666666666666665,1
0.9666666666666665,1
0.9666666666666665,1
0.9666666666666665,1
0.9666666666666665,1
0.9838709677419352,1
0.9838709677419352,1
0.9838709677419352,1
0.9838709677419352,1
0.9838709677419352,1
0.9838709677419352,1
0.9838709677419352,1
0.9838709677419352,1
0.9838709677419352,1
0.9838709677419352,1
0.9838709677419352,1
0.9838709677419352,1
0.9838709677419352,1
0.9838709677419352,1
0.9838709677419352,1
0.9838709677419352,1
0.9838709677419352,1
0.9838709677419352,1
0.9838709677419352,1
0.9838709677419352,1
0.9838709677419352,1
0.9838709677419352,1
0.9838709677419352,1
0.9838709677419352,1
0.9838709677419352,1
0.9838709677419352,1
0.9838709677419352,1
0.9838709677419352,1
0.9673530324555359,1
0.9673530324555359,1
0.9673530324555359,1
0.9673530324555359,1
0.9673530324555359,1
0.9673530324555359,1
0.9673530324555359,1
0.96523417813168,1
0.9398953991506386,1
0.9398953991506386,1
0.9398953991506386,1
0.9398953991506386,1
0.9398953991506386,1
0.9398953991506386,1
0.9398953991506386,1
0.983870967741935,1
0.983870967741935,1
0.983870967741935,1
0.983870967741935,1
0.983870967741935,1
0.983870967741935,1
0.9479191551169756,1
0.9548637106322307,1
0.9548637106322307,1
0.9548637106322307,1
0.9548637106322307,1
0.9548637106322307,1
0.9548637106322307,1
0.9702647382230732,1
0.983870967741935,1
0.983870967741935,1
0.983870967741935,1
0.983870967741935,1
0.983870967741935,1
0.9479191551169756,1
0.9548637106322307,1
0.9548637106322307,1
0.9548637106322307,1
0.9548637106322307,1
0.9548637106322307,1
0.9702647382230732,1
0.9548637106322307,1
0.983870967741935,1
0.983870967741935,1
0.983870967741935,1
0.983870967741935,1
0.9479191551169756,1
0.9548637106322307,1
0.9548637106322307,1
0.9548637106322307,1
0.9548637106322307,1
0.9702647382230732,1
0.9548637106322307,1
0.9548637106322307,1
0.983870967741935,1
0.983870967741935,1
0.983870967741935,1
0.9479191551169756,1
0.9548637106322307,1
0.9548637106322307,1
0.9548637106322307,1
0.9702647382230731,1
0.9548637106322307,1
0.9548637106322307,1
0.9548637106322307,1
0.983870967741935,1
0.983870967741935,1
0.9479191551169756,1
0.9548637106322307,1
0.9548637106322307,1
0.9702647382230731,1
0.9548637106322307,1
0.9548637106322307,1
0.9548637106322307,1
0.9548637106322307,1
0.983870967741935,1
0.9479191551169756,1
0.9548637106322307,1
0.9702647382230731,1
0.9548637106322307,1
0.9548637106322307,1
0.9548637106322307,1
0.9548637106322307,1
0.9548637106322307,1
0.9479191551169756,1
0.9702647382230731,1
0.9548637106322307,1
0.9548637106322307,1
0.9548637106322307,1
0.9548637106322307,1
0.9548637106322307,1
0.9548637106322307,1
0.9781282471435875,1
0.9781282471435875,1
0.9781282471435875,1
0.9781282471435875,1
0.9781282471435875,1
0.9781282471435875,1
0.9781282471435875,1
0.9852941176470584,1
0.9852941176470584,1
0.9852941176470584,1
0.9852941176470584,1
0.9852941176470584,1
0.9852941176470584,1
0.9852941176470584,1
0.9852941176470584,1
0.9852941176470584,1
0.9852941176470584,1
0.9852941176470584,1
0.9852941176470584,1
0.9852941176470584,1
0.9852941176470584,1
0.9852941176470584,1
0.9852941176470584,1
0.9852941176470584,1
0.9852941176470584,1
0.9852941176470584,1
0.9852941176470584,1
0.9852941176470584,1
0.8360385750433401,1
0.8360385750433401,1
0.8360385750433401,1
0.8360385750433401,1
0.8360385750433401,1
0.8360385750433401,1
0.8249647275001719,1
0.8360385750433401,1
0.9729729729729726,1
0.9729729729729726,1
0.9729729729729726,1
0.9729729729729726,1
0.9729729729729726,1
0.9600853447127975,1
0.9729729729729726,1
0.9729729729729726,1
0.9729729729729726,1
0.9729729729729726,1
0.9729729729729726,1
0.9600853447127975,1
0.9729729729729726,1
0.9729729729729726,1
0.9729729729729726,1
0.9729729729729726,1
0.9600853447127975,1
0.9729729729729726,1
0.9729729729729726,1
0.9729729729729726,1
0.9600853447127975,1
0.9729729729729726,1
0.9729729729729726,1
0.9600853447127975,1
0.9729729729729726,1
0.9600853447127975,1
0.9729729729729726,1
0.9600853447127975,1
0.9915610305527968,1
0.16344409643642258,0
0.14747990286924434,0
0.3194892255323487,0
0.3194892255323487,0
0.42592367185227087,0
0.5313689313240572,0
0.46054685728553374,0
0.2925121882617716,0
0.09953109657524403,0
0.4032258064516129,0
0.3812824990555185,0
0.27868520085657683,0
0.11984031929054417,0
0.7742383085148125,0
0.2302694650013615,0
0.23190036174568107,0
0.2619684159977919,0
0.2847473987257496,0
0.3721042037676254,0
0.1794267501365025,0
0.11666666666666667,0
0.12336437823012983,0
0.1309015183130176,0
0.2396806385810884,0
0.27695585470349865,0
0.23974571083775958,0
0.11367471543078543,0
0.2593482142316004,0
0.4032258064516129,0
0.188815805616755,0
0.2611164839335468,0
0.534051746187234,0
0.2136636934835759,0
0.9231861823449955,0
0.33184673899333494,0
0.2508362781206987,0
0.2065921691896022,0
0.20004082882557592,0
0.15227739752537622,0
0.21300321680756457,0
0.13952022959375626,0
0.20343336780168372,0
0.20896322223077318,0
0.4648790509038984,0
0.2711768715696459,0
0.18576071235199632,0
0.28171808490950556,0
0.05337605126836238,0
0.38632179161009517,0
0.21312067103033536,0
0.4032258064516129,0
0.9359709753334589,0
0.3432996987991575,0
0.1356338741182029,0
0.293887343348258,0
0.5332997301241935,0
0.6411286480138038,0
0.1576614194529377,0
0.308160380691244,0
0.21869176243407468,0
0.13997100070251758,0
0.16532994148367586,0
0.17461743292853732,0
0.28232985128663995,0
0.2741937303522462,0
0.2130130514321656,0
0.21575886996427301,0
0.20004082882557592,0
0.3812824990555185,0
0.1794267501365025,0
0.28232985128663995,0
0.23333333333333328,0
0.9359709753334589,0
0.08456376143646728,0
0.21866828883743816,0
0.2904737509655562,0
0.26874192494328497,0
0.8560263829258065,0
0.30607995852911585,0
0.1966537928736981,0
0.28232985128663995,0
0.8560263829258065,0
0.06924395859292144,0
0.8898984166292194,0
0.3288967572401359,0
0.23190036174568107,0
0.5437456166805353,0
0.225140756973417,0
0.08456376143646728,0
0.2492707811399023,0
0.2847081421737294,0
0.34962992804883897,0
0.5454678828928479,0
0.35505437186385613,0
0.14494698828703267,0
0.21096325392232299,0
0.23602991735496687,0
0.9231861823449955,0
0.1892583246525563,0
0.27868520085657683,0
0.20837855928270646,0
0.8572611395410674,0
0.2599376224550182,0
0.2302694650013615,0
0.570285213928281,0
0.2130130514321656,0
0.24618298195866545,0
0.10298019071022767,0
0.6003002251876642,0
0.22335370565104648,0
0.26309334274337837,0
0.2599376224550182,0
0.27931019386546413,0
0.2065921691896022,0
0.25391835805951285,0
0.07236930202519401,0
0.9066928292470475,0
0.5101127853361852,0
0.2302694650013615,0
0.5332997301241935,0
0.6190207635995346,0
0.06924395859292144,0
0.5332997301241935,0
0.18742597095374494,0
0.29565619799454135,0
0.17516226243634267,0
0.3510709783675562,0
0.10425720702853737,0
0.23935677693908455,0
0.20343336780168372,0
0.09968895725584535,0
0.11622588703830845,0
0.543492976389406,0
0.4032258064516129,0
0.16544025804918888,0
0.2701477336195845,0
0.543492976389406,0
0.2146693953705459,0
0.3141404312187716,0
0.3069703067574602,0
0.28747024264793863,0
0.28141058827257937,0
0.27695585470349865,0
0.34719488163500056,0
0.45933122986262787,0
0.12113592796308723,0
0.3575061550345308,0
0.43122877254358827,0
0.39705755328221237,0
0.5313689313240572,0
0.16451641389755436,0
0.20205596478012175,0
0.31298431857438064,0
0.20032733246124987,0
0.2726216804385911,0
0.22418936095456762,0
0.15384772883966685,0
0.8572611395410674,0
0.9216805029374058,0
0.09862273454430757,0
0.11094003924504584,0
0.15777127397525476,0
0.1918370503437694,0
0.31769746146079536,0
0.31651498475544365,0
0.26703560975577234,0
0.13533197049094167,0
0.24733069438997185,0
0.2254780169649666,0
0.06924395859292144,0
0.31008683647302104,0
0.2857502857504286,0
0.2712804334873299,0
0.06924395859292144,0
0.31228802334353056,0
0.173066547755567,0
0.4324499820938683,0
0.48637345711392005,0
0.25391835805951285,0
0.6190207635995346,0
0.4599069394901963,0
0.7552632224670202,0
0.26919095102908275,0
0.23333333333333328,0
0.3170375695604868,0
0.26703560975577234,0
0.26605321596532183,0
0.48637345711392005,0
0.47916752605593527,0
0.2929430027102191,0
0.15984050327275148,0
0.14288690166235204,0
0.18410202992625907,0
0.17559513248367792,0
0.1506990716965775,0
0.3194892255323487,0
0.24999999999999994,0
0.31651498475544365,0
0.10206207261596575,0
0.22592402852876597,0
0.10700645625096325,0
0.8898984166292194,0
0.4431435483460417,0
0.32543187598314016,0
0.2830937656361937,0
0.8898984166292194,0
0.09342836717341034,0
0.33128447824196866,0
0.1257507575008922,0
0.23717082451262844,0
0.9696969696969698,0
0.18330889377669163,0
0.43122877254358827,0
0.9216805029374058,0
0.33154947006671825,0
0.41027636201357204,0
0.19758299278793973,0
0.21300321680756457,0
0.16182267881254697,0
0.24445885613079654,0
0.1105157927991075,0
0.3128423586596782,0
0.16451641389755436,0
0.11951124718799747,0
0.4075471937925149,0
0.2790404591875126,0
0.2065921691896022,0
0.26919095102908275,0
0.25391835805951285,0
0.8572611395410674,0
0.3194892255323487,0
0.49403646332968654,0
0.38418872429343975,0
0.2593482142316004,0
0.06817008191902674,0
0.2547550855426267,0
0.42652831902044547,0
0.9359709753334589,0
0.21278709095045883,0
0.5101127853361852,0
0.9333333333333331,0
0.8898984166292194,0
0.26860765467512676,0
0.22592402852876597,0
0.3115088160374424,0
0.18410202992625907,0
0.15384772883966685,0
0.21621621621621623,0
0.15832169445618904,0
0.23717082451262844,0
0.45933122986262787,0
0.496197663448873,0
0.17882363330352086,0
0.23935677693908455,0
0.24013333552230393,0
0.23717082451262844,0
0.4024729873044754,0
0.2320697804082285,0
0.18410202992625907,0
0.543492976389406,0
0.1576614194529377,0
0.19500812550784774,0
0.20343336780168372,0
0.24445885613079654,0
0.5227282102428386,0
0.23581055457094963,0
0.9677419354838712,0
0.2576119476668574,0
0.2136636934835759,0
0.3424938726253709,0
0.24273969375147303,0
0.26919095102908275,0
0.43164102394005166,0
0.20229397438441254,0
0.2512031024812772,0
0.19788525981431748,0
0.29633362966711113,0
0.19500812550784774,0
0.17621671011759737,0
0.20205596478012175,0
0.302228672814287,0
0.11649387422147173,0
0.16182267881254697,0
0.20033416898825335,0
0.3410955201203233,0
0.38915202572247376,0
0.3927317594534419,0
0.5066403971048988,0
0.2222502222503334,0
0.08183170883849714,0
0.2434322477800738,0
0.11984031929054417,0
0.2316503300834885,0
0.15777127397525476,0
0.28747024264793863,0
0.13486547673978883,0
0.5397918963594132,0
0.2302694650013615,0
0.20417237758657358,0
0.14339670854557643,0
0.8898984166292194,0
0.17004879210898627,0
0.28232985128663995,0
0.5285941398709244,0
0.19500812550784774,0
0.06924395859292144,0
0.26919095102908275,0
0.16579356344332763,0
0.18588083481513235,0
0.5084813415281891,0
0.19500812550784774,0
0.42712109808862453,0
0.19500812550784774,0
0.14339670854557643,0
0.17882363330352086,0
0.09501192571463304,0
0.29841883878119624,0
0.14532212879847695,0
0.48850421045919723,0
0.26860765467512676,0
0.173066547755567,0
0.27314798386349903,0
0.5454678828928479,0
0.20049566370935085,0
0.2302694650013615,0
0.24177284024512188,0
0.17882363330352086,0
0.09156219276643894,0
0.4445969386827435,0
0.23308661869922598,0
0.27426887247447856,0
0.18576071235199632,0
0.4648790509038984,0
0.5437456166805353,0
0.9393939393939396,0
0.3593976442141304,0
0.20851441405707474,0
0.21771450342889795,0
0.4866017907526723,0
0.20205596478012175,0
0.38404640187871386,0
0.12746098211055676,0
0.8572611395410674,0
0.4648790509038984,0
0.2222502222503334,0
0.38638581249431114,0
0.26215206019559845,0
0.4032795663087216,0
0.46480003176456247,0
0.5313689313240572,0
0.23190036174568107,0
0.23982564472816717,0
0.2278600201893403,0
0.3128423586596782,0
0.2396806385810884,0
0.2718859526576663,0
0.31426968052735443,0
0.7742383085148125,0
0.48637345711392005,0
0.10298019071022767,0
0.23409554595865584,0
0.4032258064516129,0
0.06924395859292144,0
0.2945137539309163,0
0.5437456166805353,0
0.5066403971048988,0
0.10314212462587934,0
0.13585351541930596,0
0.28669313288971016,0
0.173066547755567,0
0.2081665999466133,0
0.31430927854685603,0
0.4032258064516129,0
0.5837172315870183,0
0.3108427537618774,0
0.5332997301241935,0
0.30912451077777214,0
0.22604860754486628,0
0.32543187598314016,0
0.20486098789762425,0
0.22053397863370156,0
0.31008683647302104,0
0.9231861823449955,0
0.534051746187234,0
0.26215206019559845,0
0.09829463743659808,0
0.26215206019559845,0
0.25391835805951285,0
0.1702513061517497,0
0.8898984166292194,0
0.5437456166805353,0
0.9231861823449955,0
0.19668431441216497,0
0.46734258409553353,0
0.5066403971048988,0
0.46149806748088856,0
0.3869918757085306,0
0.17390208591006312,0
0.2136636934835759,0
0.2133048945765139,0
0.17559513248367792,0
0.14372504678206122,0
0.2847081421737294,0
0.323875137815648,0
0.30669939049341494,0
0.9036961141150637,0
0.17559513248367792,0
0.09759000729485333,0
0.2491491489829632,0
0.2221804357752868,0
0.31651498475544365,0
0.2761381035863255,0
0.9999999999999999,1
0.9999999999999994,1
0.8979059754404422,1
1.0,1
0.9236808293505954,1
0.9140158933408429,1
0.9448030564181313,1
0.9140158933408429,1
0.9448030564181313,1
0.9140158933408429,1
0.9448030564181313,1
0.9140158933408429,1
1.0,1
0.9448030564181313,1
0.9140158933408429,1
0.9448030564181313,1
0.9140158933408429,1
0.9448030564181313,1
0.9448030564181313,1
0.9140158933408429,1
0.8961322048048872,1
0.8961322048048872,1
0.8961322048048872,1
0.8961322048048872,1
0.955789639296465,1
0.9088109773219402,1
0.939165942672853,1
0.939165942672853,1
0.9734894474315846,1
0.9644394955982756,1
1.0000000000000002,1
0.9734894474315846,1
0.9591211706105857,1
0.9470034388817546,1
0.8769081332905017,1
0.9804130980300036,1
0.9411785978994027,1
0.9079733390444809,1
0.8580519265135029,1
0.9804130980300036,1
0.9411785978994027,1
0.9079733390444809,1
0.8455857861606326,1
0.9804130980300036,1
0.9411785978994027,1
0.9079733390444809,1
0.8455857861606326,1
0.9804130980300036,1
0.9411785978994027,1
0.9079733390444809,1
0.8580519265135029,1
0.9039264337226759,1
0.8431720539054293,1
0.9426950146303281,1
0.9852336290568345,1
0.8689261647220443,1
0.8272199623332379,1
0.9426950146303281,1
0.9852336290568345,1
0.8689261647220443,1
0.8186523512300492,1
0.9426950146303281,1
0.9852336290568345,1
0.8689261647220443,1
0.8186523512300492,1
0.9426950146303281,1
0.9852336290568345,1
0.8689261647220443,1
0.8272199623332379,1
0.8405717832850937,1
0.9263622833583193,1
0.8850982362619353,1
0.9325175821912906,1
0.8208873361512248,1
0.9263622833583193,1
0.8850982362619353,1
0.9325175821912906,1
0.8064118913591698,1
0.9263622833583193,1
0.8850982362619353,1
0.9325175821912906,1
0.8064118913591698,1
0.9263622833583193,1
0.8850982362619353,1
0.9325175821912906,1
0.8208873361512248,1
0.8591208545130772,1
0.8269181595068203,1
0.8055944737523655,1
0.9841407596042577,1
0.8591208545130772,1
0.8269181595068203,1
0.8055944737523655,1
0.9679060415469872,1
0.8591208545130772,1
0.8269181595068203,1
0.8055944737523655,1
0.9679060415469872,1
0.8591208545130772,1
0.8269181595068203,1
0.8055944737523655,1
0.9841407596042577,1
0.919640659620007,1
0.9611650485436893,1
0.919640659620007,1
0.9611650485436893,1
0.919640659620007,1
0.9611650485436893,1
0.9140158933408429,1
0.9634330719828644,1
1.0,1
0.919640659620007,1
0.9611650485436893,1
0.919640659620007,1
0.919640659620007,1
0.9611650485436893,1
0.8979591836734696,1
0.8979591836734696,1
0.8979591836734696,1
0.9168894559922718,1
0.947514248563855,1
0.947514248563855,1
0.973012459711204,1
0.9734894474315846,1
1.0000000000000002,1
0.958764186326211,1
0.9271726499455306,1
0.8755097699185567,1
0.9868421052631577,1
0.9473503269651845,1
0.9139273263748802,1
0.8511306704001456,1
0.9868421052631577,1
0.9473503269651845,1
0.9139273263748802,1
0.8511306704001456,1
0.9868421052631577,1
0.9473503269651845,1
0.9139273263748802,1
0.8636785568115491,1
0.8847068840169963,1
0.8415680490161929,1
0.9473503269651845,1
0.9900990099009903,1
0.8732171842245677,1
0.8226951034770573,1
0.9473503269651845,1
0.9900990099009903,1
0.8732171842245677,1
0.8226951034770573,1
0.9473503269651845,1
0.9900990099009903,1
0.8732171842245677,1
0.8313050240281905,1
0.9079791181362785,1
0.8217780411620705,1
0.9139273263748802,1
0.8732171842245677,1
0.9866666666666664,1
0.7955870797707358,1
0.9139273263748802,1
0.8732171842245677,1
0.9866666666666664,1
0.7955870797707358,1
0.9139273263748802,1
0.8732171842245677,1
0.9866666666666664,1
0.8098682144785623,1
0.8636785568115491,1
0.8313050240281905,1
0.8098682144785623,1
0.9730408576407765,1
0.8636785568115491,1
0.8313050240281905,1
0.8098682144785623,1
0.9730408576407765,1
0.8636785568115491,1
0.8313050240281905,1
0.8098682144785623,1
0.9893617021276593,1
0.9634330719828644,1
0.9506172839506173,1
0.919640659620007,1
0.9506172839506173,1
0.919640659620007,1
0.9448030564181313,1
0.9506172839506173,1
0.919640659620007,1
1.0000000000000002,1
0.9634330719828644,1
0.9506172839506173,1
0.9506172839506173,1
0.919640659620007,1
0.919640659620007,1
0.9611650485436893,1
0.919640659620007,1
0.9611650485436893,1
0.9140158933408429,1
0.919640659620007,1
0.9611650485436893,1
0.9634330719828644,1
1.0,1
0.919640659620007,1
0.919640659620007,1
0.9611650485436893,1
0.8979591836734696,1
0.8979591836734696,1
0.9561020707587988,1
0.9377154924749758,1
0.958764186326211,1
0.9271726499455306,1
0.8632896799772904,1
0.9868421052631577,1
0.9473503269651845,1
0.9139273263748802,1
0.8511306704001456,1
0.9868421052631577,1
0.9473503269651845,1
0.9139273263748802,1
0.8636785568115491,1
0.8847068840169963,1
0.8332424765985582,1
0.9473503269651845,1
0.9900990099009903,1
0.8732171842245677,1
0.8226951034770573,1
0.9473503269651845,1
0.9900990099009903,1
0.8732171842245677,1
0.8313050240281905,1
0.8078268809979781,1
0.9139273263748802,1
0.8732171842245677,1
0.9866666666666664,1
0.7955870797707358,1
0.9139273263748802,1
0.8732171842245677,1
0.9866666666666664,1
0.8098682144785623,1
0.8511306704001456,1
0.8226951034770573,1
0.7955870797707358,1
0.9887640449438205,1
0.8511306704001456,1
0.8226951034770573,1
0.7955870797707358,1
0.9730408576407765,1
0.9634330719828644,1
0.9506172839506173,1
0.919640659620007,1
0.9448030564181313,1
0.9506172839506173,1
0.919640659620007,1
0.9506172839506173,1
0.919640659620007,1
1.0,1
0.9506172839506173,1
0.919640659620007,1
0.8979591836734696,1
0.919640659620007,1
0.9611650485436893,1
0.9140158933408429,1
0.919640659620007,1
0.9611650485436893,1
0.919640659620007,1
0.9611650485436893,1
0.9634330719828644,1
0.919640659620007,1
0.9611650485436893,1
0.9655172413793106,1
0.9587641863262109,1
0.9271726499455306,1
0.8632896799772904,1
0.9868421052631577,1
0.9473503269651845,1
0.9139273263748802,1
0.8636785568115491,1
0.8847068840169963,1
0.8332424765985581,1
0.9473503269651845,1
0.9900990099009903,1
0.8732171842245677,1
0.8313050240281905,1
0.807826880997978,1
0.9139273263748802,1
0.8732171842245677,1
0.9866666666666664,1
0.8098682144785623,1
0.8511306704001456,1
0.8226951034770573,1
0.7955870797707358,1
0.9730408576407765,1
0.9634330719828644,1
0.9448030564181313,1
0.9506172839506173,1
0.919640659620007,1
0.9506172839506173,1
0.919640659620007,1
0.9506172839506173,1
1.0000000000000002,1
0.9634330719828644,1
0.9140158933408429,1
0.919640659620007,1
0.9611650485436893,1
0.919640659620007,1
0.9611650485436893,1
0.919640659620007,1
0.9634330719828644,1
1.0,1
0.9644394955982756,1
0.973012459711204,1
0.958764186326211,1
0.9271726499455306,1
0.8755097699185567,1
0.8847068840169963,1
0.8415680490161929,1
0.8217780411620705,1
1.0,1
1.0,1
1.0,1
1.0,1
1.0,1
1.0,1
0.9448030564181313,1
0.9140158933408429,1
0.9448030564181313,1
0.9140158933408429,1
0.9448030564181313,1
0.9448030564181313,1
0.9140158933408429,1
0.9734894474315846,1
0.9634330719828644,1
0.9506172839506173,1
0.919640659620007,1
0.9506172839506173,1
0.9506172839506173,1
0.919640659620007,1
0.919640659620007,1
0.9611650485436893,1
0.919640659620007,1
0.919640659620007,1
0.9611650485436893,1
0.9634330719828644,1
0.9506172839506173,1
0.9506172839506173,1
0.919640659620007,1
0.919640659620007,1
0.919640659620007,1
0.9611650485436893,1
0.9506172839506173,1
0.919640659620007,1
0.9634330719828644,1
0.9999999999999996,1
0.5744458202792913,0
0.267339836603702,0
0.6880329612324523,0
0.0,0
0.5526024603048176,0
0.5202478725938166,0
0.5496312600456182,0
0.3631311242223336,0
0.6523021580265485,0
0.0,0
0.329526282140695,0
0.5282220874988318,0
0.45516274395723866,0
0.6853386565564319,0
0.5739640213948523,0
0.506714919484813,0
0.4913453643676966,0
0.5589592536327209,0
0.5486940521887114,0
0.047377936967913425,0
0.5701240736627576,0
0.30984603629874896,0
0.3803023367681365,0
0.15531518604934888,0
0.6483125049550871,0
0.7059162789908893,0
0.4421256757101672,0
0.5204991110250441,0
0.0,0
0.5560095799897408,0
0.6279919672087896,0
0.6882472016116854,0
0.0,0
0.1297747735173976,0
0.0,0
0.6204520273913623,0
0.6914306755318845,0
0.5646271615877795,0
0.4269542399363955,0
0.0,0
0.13997312773896353,0
0.5560095799897408,0
0.7059162789908893,0
0.4306831687264093,0
0.4284639654766807,0
0.6245206088698624,0
0.34689095308660517,0
0.4309055716168978,0
0.0,0
0.5688801239885742,0
0.5415463084201511,0
0.14770978917519925,0
0.5101021877508014,0
0.1328422328310143,0
0.45711620391383756,0
0.3170260258097708,0
0.7005166394541485,0
0.4143002105556388,0
0.566501775702599,0
0.5681800555886823,0
0.5167705252633085,0
0.7059162789908893,0
0.7113392766290455,0
0.5201828764272469,0
0.5201828764272469,0
0.642364054837573,0
0.4822262328647029,0
0.3650657495688901,0
0.3533808834395089,0
0.506714919484813,0
0.5615515674075653,0
0.649096722618042,0
0.12097167578182677,0
0.538631095268481,0
0.0,0
0.0,0
0.7547223547528769,0
0.5744458202792913,0
0.5681800555886823,0
0.5535544484477657,0
0.08853581185851928,0
0.5730803195291032,0
0.3803023367681365,0
0.4654169753821441,0
0.31526414437773137,0
0.3533808834395089,0
0.0,0
0.0,0
0.3245919085879113,0
0.6245206088698624,0
0.43210082353039064,0
0.10607132087662174,0
0.7255250645184139,0
0.385887572823948,0
0.6175878089818899,0
0.5420231246867354,0
0.1222789970111296,0
0.3173395018173256,0
0.5461249190290313,0
0.6842710155210932,0
0.7113392766290455,0
0.5761205547600444,0
0.4305875564144615,0
0.649096722618042,0
0.5100613704506705,0
0.5388602512436507,0
0.0,0
0.15531518604934888,0
0.7005166394541485,0
0.5101021877508014,0
0.42679375949873627,0
0.0,0
0.6984659290593528,0
0.31526414437773137,0
0.3245919085879113,0
0.30416608424135827,0
0.0,0
0.7530940414109724,0
0.3533808834395089,0
0.524994727266211,0
0.566637043559279,0
0.36333620975637976,0
0.5862733440486595,0
0.35628941713209855,0
0.4602860870134194,0
0.42846396547668064,0
0.3803023367681365,0
0.30416608424135827,0
0.0,0
0.0425435629811517,0
0.4205107231601625,0
0.6779297261030778,0
0.4454884406827322,0
0.10607132087662174,0
0.0,0
0.42991578966920546,0
0.4166547104932135,0
0.5460505622545987,0
0.5790660241435862,0
0.0,0
0.48568950626954777,0
0.14272840255459715,0
0.510565190695617,0
0.0,0
0.15531518604934888,0
0.5100613704506705,0
0.0,0
0.5657782884944093,0
0.3142811600693205,0
0.4279539686731926,0
0.0,0
0.3533808834395089,0
0.7027642214999338,0
0.5100613704506705,0
0.0,0
0.5535544484477657,0
0.0,0
0.508056255656129,0
0.6047192269666324,0
0.4153047567632132,0
0.510565190695617,0
0.5901688908506538,0
0.0,0
0.40771830414349153,0
0.4137600887026638,0
0.5623828567250775,0
0.6853386565564319,0
0.5101021877508014,0
0.4602832499602864,0
0.1267731382092775,0
0.35190767153889346,0
0.14218055775943728,0
0.5514781408078298,0
0.6047192269666324,0
0.5792850446739107,0
0.5456123773525645,0
0.6805570473787205,0
0.7255250645184139,0
0.4392052305789415,0
0.41921876368168826,0
0.47380354147934284,0
0.4939519893666806,0
0.5872952300814673,0
0.12097167578182677,0
0.712612160964169,0
0.0,0
0.48568950626954777,0
0.43451153884852173,0
0.5535544484477657,0
0.4106854104114779,0
0.4163683142356239,0
0.6984659290593528,0
0.0,0
0.5132002392796673,0
0.042014581590156766,0
0.047377936967913425,0
0.0,0
0.4205107231601625,0
0.0,0
0.4514347582844845,0
0.4269542399363955,0
0.44207967605590864,0
0.5657782884944093,0
0.5439433649162873,0
0.4340524328372491,0
0.40771830414349153,0
0.42991578966920546,0
0.642364054837573,0
0.32247728081006793,0
0.6216376084990834,0
0.0,0
0.6216376084990834,0
0.5461249190290313,0
0.7059162789908893,0
0.5623828567250775,0
0.042014581590156766,0
0.3803023367681365,0
0.0,0
0.39271797163844363,0
0.5792850446739107,0
0.03333333333333333,0
0.14293483656840128,0
0.5132002392796673,0
0.14770978917519925,0
0.385887572823948,0
0.6744140955867705,0
0.1222789970111296,0
0.0,0
0.48880881334855936,0
0.7286164968756517,0
0.3630067205194694,0
0.8543868609234455,0
0.6744140955867705,0
0.6245206088698624,0
0.7027642214999338,0
0.047377936967913425,0
0.5501687625684607,0
0.3914029098572613,0
0.04570452650794565,0
0.6245206088698624,0
0.4943616972745477,0
0.4695540965242261,0
0.7098919927764799,0
0.149270358506633,0
0.5460505622545987,0
0.6047192269666324,0
0.6943650748294133,0
0.5681800555886823,0
0.047377936967913425,0
0.3340098390112239,0
0.5714285714285714,0
0.03333333333333333,0
0.5526024603048176,0
0.538631095268481,0
0.3699978320503042,0
0.3533808834395089,0
0.3611371150264879,0
0.5739640213948523,0
0.5832676947232475,0
0.45653293784293386,0
0.538631095268481,0
0.3696745537410791,0
0.6279919672087896,0
0.6523021580265485,0
0.0,0
0.3914029098572613,0
0.6523021580265485,0
0.5681800555886823,0
0.31117335200622437,0
0.4375255094603874,0
0.42224549328178324,0
0.5925157347934388,0
0.4166547104932135,0
0.13997312773896353,0
0.3173395018173256,0
0.6483125049550871,0
0.5646271615877795,0
0.6010206037265402,0
0.48581912895224605,0
0.5496312600456182,0
0.5391508189418228,0
0.0,0
0.7055358336498684,0
0.7082005278281704,0
0.4768136363204124,0
0.030906696371450236,0
0.0,0
0.4259988603693731,0
0.4301615871349979,0
0.41921876368168826,0
0.506714919484813,0
0.361569209028046,0
0.48271890038296417,0
0.0,0
0.5100613704506705,0
0.6279919672087896,0
0.5100613704506705,0
0.7380321605827529,0
0.5526024603048176,0
0.7113392766290455,0
0.7357672073819589,0
0.4392052305789415,0
0.6279919672087896,0
0.5215602723937124,0
0.46840472358274404,0
0.0,0
0.5739640213948523,0
0.5132002392796673,0
0.7027642214999338,0
0.7332240822960836,0
0.555776397432036,0
0.6984659290593528,0
0.48880881334855936,0
0.4205107231601625,0
0.6143345440100666,0
0.788186084491334,0
0.1267731382092775,0
0.14245072057454744,0
0.36333620975637976,0
0.042014581590156766,0
0.49530749068290725,0
0.40572041296678973,0
0.030906696371450236,0
0.047377936967913425,0
0.6853386565564319,0
0.6523021580265485,0
0.6943650748294133,0
0.6544116992819665,0
0.6207008751242212,0
0.0,0
0.5975635856008368,0
0.701334384369672,0
0.4654169753821441,0
0.7292845505553167,0
0.6279919672087896,0
0.692470355248945,0
0.39395949237536226,0
0.4607493991767466,0
0.4939519893666806,0
0.6245206088698624,0
0.7380321605827529,0
0.4054979785131372,0
0.48880881334855936,0
0.648074069840786,0
0.0,0
0.0,0
0.0,0
0.4796009737449394,0
0.0,0
0.6500112459665914,0
0.704727419292113,0
0.7024473819340957,0
0.7027642214999338,0
