0.921281030665578,1
0.8967975758876687,1
0.9059694155465605,1
0.9059694155465605,1
0.896783942816119,1
0.8967701114453465,1
0.8621833304910862,1
0.8622420652308088,1
0.896811014894143,1
0.8967975758876687,1
0.9059694155465605,1
0.9059694155465605,1
0.896783942816119,1
0.8967701114453465,1
0.8621833304910862,1
0.8622420652308088,1
0.896811014894143,1
0.8818160699246238,1
0.8818160699246238,1
0.9175724637680942,1
0.9175791733762529,1
0.8821085297212994,1
0.8820412298134006,1
0.9175593362738707,1
0.9254079254080072,1
0.8818237072029511,1
0.8818314501875532,1
0.8478317708336018,1
0.8477562372467319,1
0.8818085362026126,1
0.8818237072029511,1
0.8818314501875532,1
0.8478317708336018,1
0.8477562372467319,1
0.8818085362026126,1
0.917585983127817,1
0.8821187013429901,1
0.8820504462539895,1
0.9175658521104195,1
0.8821290214555084,1
0.8820597907006981,1
0.9175724637680942,1
0.8479390761999254,1
0.8820985034084899,1
0.882032138766561,1
0.9529936729936729,1
0.9522504296373644,1
0.9524334251606978,1
0.8993888457439276,1
0.6735022305782532,1
0.8190238858296676,1
0.8312011515075477,1
0.8312207279756307,1
0.831240680914254,1
0.8311819409547558,1
0.831240680914254,1
0.8310931980614383,1
0.7924196738201386,1
0.7925584379332005,1
0.7384971863621028,1
0.738652186020578,1
0.7388101664417159,1
0.738345083893506,1
0.7388101664417159,1
0.7397248991021869,1
0.699935446289188,1
0.6518353950179904,1
0.6520845860962774,1
0.6523389151349416,1
0.651591187761269,1
0.6523389151349416,1
0.653714992171414,1
0.791961193510363,1
0.7921059800371114,1
0.7922537213909365,1
0.7918192740435502,1
0.7922537213909365,1
0.7930672584554481,1
0.8687831965233908,1
0.8688542343512822,1
0.8686449607501966,1
0.8688542343512822,1
0.8693075070783775,1
0.8689265999890408,1
0.8687134502923699,1
0.8689265999890408,1
0.8693823600095852,1
0.8687831965233908,1
0.869000331016191,1
0.8694585927183269,1
0.8687831965233908,1
0.869233996800644,1
0.8729709175779236,1
0.8534927953535275,1
0.9872606263311622,1
0.987260626331162,1
0.8546527771872938,1
0.8546715426662137,1
0.8824360865290068,1
0.9752598915558572,1
0.8966573924108573,1
0.8055749536673934,1
0.9855347926932453,1
0.9647153961395856,1
0.9507772997604319,1
0.8809673846772607,1
0.9517201143809232,1
0.8595197576186902,1
0.9165444688834582,1
0.9583333333333334,1
0.8798826901281199,1
0.8798826901281199,1
0.9677419354838713,1
0.9165444688834582,1
0.7115530804969248,1
0.758030756739089,1
0.7538447250832891,1
0.8965945198343376,1
0.7727272727272726,1
0.7727272727272726,1
0.7272727272727272,1
0.7272727272727272,1
0.7727272727272727,1
0.7727272727272726,1
0.9802704185644803,1
0.9998332625119334,1
0.974683544303797,1
0.8157332406233886,1
0.7538703114126378,1
0.7538703114126378,1
0.6929347826086956,1
0.8465659340659341,1
0.8465659340659341,1
0.7540872034116382,1
0.6933333333333332,1
0.693131868131868,1
0.692741935483871,1
0.725373489413722,1
0.725373489413722,1
0.7418573276048874,1
0.666586621651615,1
0.666586621651615,1
0.7255837814677127,1
0.7418929308535286,1
0.7418749457073077,1
0.7418400654237279,1
0.8190789473684209,1
0.7546145133643632,1
0.7542970436863801,1
0.7542970436863801,1
0.8202015455304926,1
0.7550453946319107,1
0.7545615943965297,1
0.7544064172976501,1
0.7530531834164037,1
0.7532502554625543,1
0.7532502554625543,1
0.8192857142857141,1
0.75345201970028,1
0.7532502554625543,1
0.7528606417621186,1
0.6939403546115788,1
0.6939403546115788,1
0.7548274488744884,1
0.8467251461988302,1
0.8463908896227544,1
0.8464427437641722,1
0.8468421052631577,1
0.7545087493827657,1
0.6943433408799103,1
0.6939114088027131,1
0.6937450932238305,1
0.7545087493827657,1
0.6943433408799103,1
0.6939114088027131,1
0.6937450932238305,1
0.7552685295740332,1
0.7547764124542112,1
0.7546145133643632,1
0.8465800574870683,1
0.8466290509259258,1
0.8462992309668498,1
0.916666666666667,1
1.0000000000000002,1
0.8183555106295879,1
0.9999999999999997,1
0.980219607767593,1
0.9570011870502858,1
0.9434563530497262,1
0,1
0.6092717958449425,1
0.9720277476750053,1
0.9871296745993197,1
0.9750014136787393,1
0.9558673469387755,1
0.9999999999999997,1
0.8970852271450607,1
0.8970852271450606,1
0.6804138174397719,1
0.9285714285714286,1
0.9999999999999998,1
0.9999999999999998,1
0.9999999999999998,1
0.9999999999999998,1
0.9999999999999998,1
0.9999999999999998,1
0.9999999999999998,1
0.9999999999999998,1
0.9999999999999998,1
0.9999999999999998,1
0.9999999999999998,1
0.945536387396447,1
0.9999999999999998,1
1.0,1
0.9144771530507795,1
1.0000000000000002,1
0.9428090415820631,1
0.9399875621890548,1
0.8838834764831842,1
0.8838834764831842,1
0.9444444444444448,1
0.9428090415820631,1
1.0000000000000002,1
1.0000000000000002,1
0.7284927963857742,1
0.7801288894303944,1
0.782539785987775,1
0.6894837955012785,1
0.701561065197429,1
0.8033430044137176,1
0.7341162091280776,1
0.7153846153846157,1
0.9200000000000003,1
0.8183555106295879,1
0.8864052604279182,1
0.9354143466934851,1
0.9354143466934852,1
0.8153742483272114,1
0.8291561975888502,1
0.8291561975888502,1
0.9198662110078,1
1.0,1
0.9013878188659976,1
0.9013878188659975,1
1.0000000000000002,1
0.9999999999999998,1
0.9999999999999998,1
0.9999999999999998,1
0.9999999999999998,1
0.9999999999999998,1
0.9999999999999998,1
0.9999999999999998,1
0.9999999999999998,1
0.9999999999999998,1
1.0,1
0.9320771253286592,1
0.919254719740988,1
0.7878385971583356,1
0.8642553145288532,1
0.9999999999999996,1
0.8823387111995443,1
1.0000000000003375,1
0.8816190702883874,1
0.9460998335825322,1
0.7442084075352507,1
0.7627700713964738,1
0.9462973856090637,1
0.9999999999999998,1
1.0000000000000002,1
0.9389038634321654,1
0.9384082271406217,1
0.9384082271406217,1
0.9510362692797519,1
0.9450516089860355,1
1.0000000000000002,1
0.9999999999999998,1
0.9289363833754598,1
0.8915239350022532,1
0.8888291932596202,1
0.9599727174581375,1
0.8653898361023343,1
0.9665687003968245,1
0.8779630149374738,1
0.9113926499033237,1
0.9237131539418945,1
0.8522054076894181,1
0.8990191387559833,1
0.9237131539418945,1
0.8291262175857738,1
0.8653898361023343,1
0.9620957292964736,1
0.8423632553798651,1
0.8291262175857738,1
0.9236672575022449,1
0.9599796484178684,1
0.8611125015500815,1
0.9410740651584533,1
0.9264552796945524,1
1.0000000000063134,1
1.0000000000063134,1
0.9264552796945524,1
0.8305555555555556,1
0.814210213912643,1
0.7853588995231452,1
0.8483664983447142,1
0.8155566999496825,1
0.9380664382066728,1
0.9264552796945524,1
0.9264552796945524,1
1.000000000000023,1
0.8385254915624212,1
1.0000000000000002,1
0.8944271909999161,1
0.9500000000000002,1
0.8385254915624212,1
0.8836090082661943,1
0.810856514938258,1
0.8836090082661943,1
0.8108619790964087,1
0.8836207345263536,1
0.8835971724148185,1
0.8836090082661943,1
0.8830193602660097,1
0.8830049707720253,1
0.8663638994358535,1
0.7903054131257317,1
0.8385254915624212,1
0.9579186991869925,1
0.9579288025889974,1
0.8717912815010797,1
0.9494047619047198,1
0.8717971525850083,1
0.9494232475598517,1
0.9493860437256241,1
0.9494047619047198,1
0.94872918492582,1
0.9487066431514056,1
0.9160830029962835,1
0.8365989720663218,1
0.9187961461225751,1
0.9579388083735916,1
0.8717971525850083,1
0.8717853458997449,1
0.8717912815010797,1
0.864744336374553,1
0.8647004054309345,1
0.8398826339379304,1
0.9308425784712234,1
0.8717971525850083,1
0.9494232475598517,1
0.9493860437256241,1
0.9494047619047198,1
0.94872918492582,1
0.9487066431514056,1
0.9160830029962835,1
0.8365989720663218,1
0.9187714865860195,1
0.8717912815010797,1
0.8717971525850083,1
0.864787797468507,1
0.864744336374553,1
0.8399375121363215,1
0.9308828185187267,1
0.8385254915624212,1
0.9375,1
0.894427190999916,1
1.0,1
0.9494047619047198,1
0.9494232475598517,1
0.9487514518005463,1
0.94872918492582,1
0.9161536572674682,1
0.8366533200774375,1
0.958333333333333,1
0.958333333333333,1
0.9583333333333331,1
0.9583333333333331,1
0.958333333333333,1
0.9583333333333331,1
0.9999999999999997,1
0.958333333333333,1
0.958333333333333,1
0.9583333333333331,1
0.9583333333333331,1
0.958333333333333,1
0.9583333333333331,1
0.9579186991869925,1
1.0000000000000002,1
0.9493860437256241,1
0.9487066431514056,1
0.9486838213549487,1
0.9160114311371612,1
0.8365440099533858,1
0.94872918492582,1
0.9487066431514056,1
0.9203840782652595,1
0.8412806200060406,1
0.976773534890016,1
1.0,1
0.976773534890016,1
0.9687499999999999,1
0.9999999999999999,1
0.9687499999999999,1
0.9583570300156834,1
0.976773534890016,1
1.0000000000000009,1
0.9687499999999999,1
0.9999999999999999,1
0.9500721500721764,1
0.9135890860961057,1
0.8314889714345247,1
0.9583333333333331,1
0.958333333333333,1
0.958333333333333,1
0.9583333333333331,1
0.958333333333333,1
0.958333333333333,1
0.9999999999999997,1
0.9583333333333331,1
0.958333333333333,1
0.958333333333333,1
0.9583333333333331,1
0.958333333333333,1
0.958333333333333,1
0.958333333333333,1
0.9583333333333331,1
0.958333333333333,1
0.958333333333333,1
0.9583333333333331,1
0.9999999999999998,1
0.958333333333333,1
0.958333333333333,1
0.9583333333333331,1
0.958333333333333,1
0.958333333333333,1
0.958333333333333,1
0.958333333333333,1
0.9583333333333331,1
0.958333333333333,1
0.958333333333333,1
0.9999999999999997,1
0.958333333333333,1
0.958333333333333,1
0.958333333333333,1
0.9135029970311057,1
0.8314065364644053,1
1.0000000000063134,1
0.9264552796945524,1
0.958333333333333,1
0.958333333333333,1
0.9583333333333331,1
0.958333333333333,1
0.958333333333333,1
0.958333333333333,1
0.9999999999999997,1
0.958333333333333,1
0.958333333333333,1
0.958333333333333,1
0.958333333333333,1
0.9583333333333331,1
0.9583333333333331,1
0.958333333333333,1
0.958333333333333,1
0.9999999999999997,1
0.958333333333333,1
0.9583333333333331,1
0.958333333333333,1
0.958333333333333,1
0.958333333333333,1
0.958333333333333,1
0.958333333333333,1
0.9999999999999997,1
1.0000000000000004,1
0.8287419301647448,1
0.8639326180998321,1
0.9230040153768785,1
1.0,1
0.8287419301647448,1
0.9615384615384613,1
0.8559209850218258,1
0.8287419301647448,1
0.9999999999999997,1
0.9259259259259263,1
1.0000000000000004,1
0.9259259259259263,1
0.9114371257485395,1
0.8779630149374738,1
0.9599915826791028,1
0.8878529881569847,1
0.9665280130497513,1
0.8654540672644048,1
0.9803122213899597,1
0.9259259259259263,1
1.0000000000000002,1
0.8291262175857738,1
0.94466022429644,1
0.915389110412997,1
0.9393364366277239,1
0.8795964148685985,1
0.9180330455549588,1
0.9576407635274558,1
0.7894736842105259,1
0.7984724559839025,1
0.9005585427406761,1
0.8639326180998321,1
0.9615384615384613,1
0.9230040153768785,1
0.8559209850218258,1
0.9306777823971208,1
0.9575411293429488,1
0.7590721152765897,1
0.935621090533807,1
0.9314618507501148,1
0.9662343307653817,1
0.9999999999999998,1
0.9104895104895107,1
0.987319615376936,1
1.0000000000000078,1
0.9534550319746348,1
0.9526610232449335,1
1.000000000000032,1
0.9999999999999999,1
0.8944271909999161,1
0.9500000000000002,1
0.8385254915624212,1
0.8385254915624212,1
0.9375,1
0.894427190999916,1
0.958333333333333,1
0.958333333333333,1
0.9583333333333331,1
0.9583333333333331,1
0.958333333333333,1
0.9583333333333331,1
0.976773534890016,1
0.9687499999999999,1
0.9583333333333331,1
0.958333333333333,1
0.958333333333333,1
0.9583333333333331,1
0.958333333333333,1
0.958333333333333,1
0.958333333333333,1
0.9583333333333331,1
0.958333333333333,1
0.958333333333333,1
0.958333333333333,1
0.958333333333333,1
0.958333333333333,1
0.958333333333333,1
0.958333333333333,1
0.8287419301647448,1
0.9259259259259263,1
0.9576407635274558,1
0.9150485727532551,1
0.9919928939353035,1
0.8789895423061247,1
0.8930064084703256,1
0.8930006930006925,1
0.8930121831676232,1
0.8930064084703256,1
0.8930006930006925,1
0.8929950358521783,1
0.8789895423061247,1
0.8790540540540536,1
0.8789243789243785,1
0.8789895423061247,1
0.8790540540540536,1
0.8791179238940429,1
0.8930006930006925,1
0.8930121831676232,1
0.8930064084703256,1
0.8930006930006925,1
0.8929950358521783,1
0.8930064084703256,1
0.8930006930006925,1
0.8929950358521783,1
0.8929894361366437,1
0.8930121831676232,1
0.8930064084703256,1
0.8930006930006925,1
0.8930006930006925,1
0.8929950358521783,1
0.8929894361366437,1
0.9999999999999944,1
0.9935897435895399,1
0.941684751921529,1
0.9149441392825257,1
0.9263103407916959,1
1.0000000000000016,1
0.9809740267305349,1
0.9556673570732536,1
0.955704517712769,1
0.9796691738894404,1
0.9542809800454852,1
0.9557416161066713,1
0.9769771271837923,1
0.9769954138182938,1
0.9999999999998581,1
0.8366938611982567,1
0.8385319758083518,1
0.8376064462687617,1
0.8385319758083518,1
0.8385319758083518,1
0.8340311129788381,1
0.9197740112993211,1
0.9190476190475061,1
0.9197740112993211,1
0.9197740112993211,1
0.9162601626015168,1
0.9205128205127057,1
0.9212643678159761,1
0.9212643678159761,1
0.9176308539943793,1
0.9205128205127057,1
0.9205128205127057,1
0.9169398907102724,1
0.9212643678159761,1
0.9176308539943793,1
0.9176308539943793,1
0.8411201817028544,1
0.964130233055932,1
0.5350945746025948,1
0.5363944712826297,1
0.5338205036844149,1
0.5350945746025948,1
0.5350945746025948,1
0.5325714964564288,1
0.5338205036844149,1
0.5313468205380787,1
0.765068040692246,1
0.7633733694949774,1
0.7642110762799907,1
0.7642110762799907,1
0.7625542784162975,1
0.7633733694949774,1
0.7617531893393469,1
0.7642110762799907,1
0.765068040692246,1
0.765068040692246,1
0.7633733694949774,1
0.7642110762799907,1
0.7625542784162975,1
0.7633733694949774,1
0.7633733694949774,1
0.7617531893393469,1
0.7625542784162975,1
0.76096951524233,1
0.9877295966495899,1
0.7642110762799907,1
0.7625542784162975,1
0.7633733694949774,1
0.7617531893393469,1
0.7625542784162975,1
0.7633733694949774,1
0.7617531893393469,1
0.7617531893393469,1
0.7602026943517005,1
0.76096951524233,1
0.9473571490314802,1
0.8320791104285962,1
0.8964927109736339,1
0.9395549422114884,1
0.9117300036733348,1
0.8566888607447707,1
1.0000000000000002,1
0.9702433794209927,1
0.9857113958044261,1
0.8888888888888892,1
0.9008733624454152,1
0.9008695652173915,1
0.9008771929824564,1
0.9008733624454152,1
0.9008695652173915,1
0.900865800865801,1
0.8888888888888892,1
0.8889361702127663,1
0.8888412017167384,1
0.8888888888888892,1
0.8889361702127663,1
0.8889830508474579,1
0.9008695652173915,1
0.9008771929824564,1
0.9008733624454152,1
0.9008695652173915,1
0.900865800865801,1
0.9008733624454152,1
0.9008695652173915,1
0.900865800865801,1
0.9008620689655175,1
0.9008771929824564,1
0.9008733624454152,1
0.9008695652173915,1
0.9008695652173915,1
0.900865800865801,1
0.9008620689655175,1
0.8926369904835794,1
0.917017631474582,1
0.917233272104081,1
0.9171259751889177,1
0.9169082255669686,1
0.917017631474582,1
0.9171259751889177,1
0.9422863485016649,1
0.9422916085865627,1
0.9423022797635802,1
0.9422969187675071,1
0.9422916085865627,1
0.9422811378072357,1
0.9422916085865627,1
0.9422863485016649,1
0.9422811378072357,1
0.9422969187675071,1
0.9422916085865627,1
0.9422863485016649,1
0.9423022797635802,1
0.9422969187675071,1
0.9422916085865627,1
0.8634548842161299,1
0.8636243735162227,1
0.8635400105988342,1
0.8633689839572194,1
0.8634548842161299,1
0.8635400105988342,1
0.9422969187675071,1
0.9423022797635802,1
0.9423131571469169,1
0.9423076923076924,1
0.9423022797635802,1
0.9422916085865627,1
0.9423022797635802,1
0.9422969187675071,1
0.9422916085865627,1
0.9423076923076924,1
0.9423022797635802,1
0.9422969187675071,1
0.9423131571469169,1
0.9423076923076924,1
0.9423022797635802,1
0.9054945054945054,1
0.9057287889775198,1
0.905612244897959,1
0.9053755522827688,1
0.9054945054945054,1
0.905612244897959,1
0.9300911854103342,1
0.9300993124522535,1
0.93011583011583,1
0.9301075268817203,1
0.9300993124522535,1
0.9300831443688586,1
0.9300993124522535,1
0.9300911854103342,1
0.9300831443688586,1
0.9301075268817203,1
0.9300993124522535,1
0.9300911854103342,1
0.93011583011583,1
0.9301075268817203,1
0.9300993124522535,1
0.9052553663952627,1
0.9054945054945054,1
0.9053755522827688,1
0.9051339285714285,1
0.9052553663952627,1
0.9053755522827688,1
0.9301075268817203,1
0.93011583011583,1
0.9301327088212333,1
0.9301242236024845,1
0.93011583011583,1
0.9300993124522535,1
0.93011583011583,1
0.9301075268817203,1
0.9300993124522535,1
0.9301242236024845,1
0.93011583011583,1
0.9301075268817203,1
0.9301327088212333,1
0.9301242236024845,1
0.93011583011583,1
0.9809413961663098,1
0.9809429389733423,1
0.980939861978311,1
0.9809383363373205,1
0.9809413961663098,1
0.9809413961663098,1
0.9809368191721134,1
0.9809444904722453,1
0.9809413961663098,1
0.980939861978311,1
0.9809429389733423,1
0.9809429389733423,1
0.9809383363373205,1
0.9809429389733423,1
0.9809413961663098,1
0.9809444904722453,1
0.9809444904722453,1
0.980939861978311,1
0.9809383363373205,1
0.9809413961663098,1
0.9809413961663098,1
0.9809368191721134,1
0.980939861978311,1
0.980939861978311,1
0.9809353104122536,1
0.9809429389733423,1
0.9809383363373205,1
0.9809383363373205,1
0.883319250450485,1
0.883319250450485,1
0.8835472312289996,1
0.883433781078554,1
0.8832036238355446,1
0.883319250450485,1
0.883433781078554,1
0.8672850705529007,1
0.7787824712230422,1
0.7786977551577301,1
0.7786122510359964,1
0.7787824712230422,1
0.7788664100767458,1
0.7786977551577301,1
0.7786977551577301,1
0.9428412874583599,1
0.9428257284221906,1
0.9428334714167161,1
0.9428491775857065,1
0.9428412874583599,1
0.9428334714167161,1
0.815305778284768,1
0.839153221286981,1
0.8391740052098022,1
0.8391949806895156,1
0.839153221286981,1
0.8391326263089129,1
0.8391740052098022,1
0.8932840765051357,1
0.9428257284221906,1
0.9428334714167161,1
0.9428491775857065,1
0.9428412874583599,1
0.9428334714167161,1
0.815305778284768,1
0.839153221286981,1
0.8391740052098022,1
0.8391949806895156,1
0.839153221286981,1
0.8391326263089129,1
0.8932840765051357,1
0.8391740052098022,1
0.9428180574555209,1
0.9428334714167161,1
0.9428257284221906,1
0.9428180574555209,1
0.8154759681334661,1
0.8391122177107367,1
0.8391326263089129,1
0.839153221286981,1
0.8391122177107367,1
0.8932296573702586,1
0.8391326263089129,1
0.8391326263089129,1
0.9428412874583599,1
0.9428334714167161,1
0.9428257284221906,1
0.8153912497353311,1
0.8391326263089129,1
0.839153221286981,1
0.8391740052098022,1
0.8932566195779932,1
0.8391122177107367,1
0.839153221286981,1
0.839153221286981,1
0.9428491775857065,1
0.9428412874583599,1
0.8152195436962538,1
0.8391740052098022,1
0.8391949806895156,1
0.8933120418938921,1
0.8391740052098022,1
0.839153221286981,1
0.8391949806895156,1
0.8391949806895156,1
0.9428334714167161,1
0.815305778284768,1
0.839153221286981,1
0.8932840765051357,1
0.8391949806895156,1
0.839153221286981,1
0.8391326263089129,1
0.8391740052098022,1
0.8391740052098022,1
0.8153912497353311,1
0.8932566195779932,1
0.839153221286981,1
0.8391740052098022,1
0.8391326263089129,1
0.8391122177107367,1
0.839153221286981,1
0.839153221286981,1
0.9237749546279306,1
0.9236728184096419,1
0.9235697940503245,1
0.9237749546279306,1
0.9238762141404829,1
0.9236728184096419,1
0.9236728184096419,1
0.9487719298245423,1
0.9487781954887026,1
0.9487657196087373,1
0.9487595641084902,1
0.9487719298245423,1
0.9487719298245423,1
0.9487845173471603,1
0.9487719298245423,1
0.9487657196087373,1
0.9487781954887026,1
0.9487781954887026,1
0.9487781954887026,1
0.9487719298245423,1
0.9487845173471603,1
0.9487845173471603,1
0.9487595641084902,1
0.9487719298245423,1
0.9487719298245423,1
0.9487657196087373,1
0.9487657196087373,1
0.9487781954887026,1
0.9273730176970886,1
0.9271968467424142,1
0.9272853185595643,1
0.9273730176970886,1
0.9274599542334171,1
0.9272853185595643,1
0.9117581187010151,1
0.9272853185595643,1
0.9483167377904215,1
0.9483124852489964,1
0.9483082706766911,1
0.9483040935672509,1
0.9483124852489964,1
0.9231121281464525,1
0.9483124852489964,1
0.9483210288163842,1
0.9483167377904215,1
0.9483124852489964,1
0.9483210288163842,1
0.9228993536472755,1
0.9483210288163842,1
0.9483124852489964,1
0.9483082706766911,1
0.9483167377904215,1
0.9230062054700063,1
0.9483167377904215,1
0.9483040935672509,1
0.9483124852489964,1
0.9231121281464525,1
0.9483124852489964,1
0.9483082706766911,1
0.9232171337434489,1
0.9483082706766911,1
0.9230062054700063,1
0.9483167377904215,1
0.9230062054700063,1
0.9999999999999994,1
1.0000000000002138,1
1.0,1
0.8159739202226932,1
0.9999999999999993,1
0.9299680797375385,1
0.907293658724994,1
0.9101861993428156,1
0.907282864428502,1
0.9101861993428156,1
0.907282864428502,1
0.9101796407185526,1
0.907293658724994,1
0.99999999999999,1
0.9101796407185526,1
0.907293658724994,1
0.9101861993428156,1
0.907282864428502,1
0.9101861993428156,1
0.9101796407185526,1
0.907293658724994,1
0.8736542644853323,1
0.8736573463515469,1
0.8736573463515469,1
0.8736542644853323,1
0.9239505012531329,1
0.8239500918028174,1
0.8830009276437848,1
0.8830261136712749,1
0.919491525423686,1
0.9187027557498746,1
0.9999999999999594,1
0.919491525423686,1
0.9783804779855334,1
0.9938183240701046,1
0.946912467511273,1
0.9576559546313731,1
0.9381451435134667,1
0.9525788594131279,1
0.9031867575871371,1
0.9576609075374908,1
0.9381350388737516,1
0.9525619371825815,1
0.9019211366387425,1
0.9576609075374908,1
0.9381350388737516,1
0.9525619371825815,1
0.9019211366387425,1
0.9576559546313731,1
0.9381451435134667,1
0.9525788594131279,1
0.9031867575871371,1
0.9751014803743187,1
0.8914875122901278,1
0.9381451435134667,1
0.9627892432770913,1
0.9360269058359519,1
0.8490806802505397,1
0.9381350388737516,1
0.9627943485086774,1
0.9360081795401428,1
0.8476609507639465,1
0.9381350388737516,1
0.9627943485086774,1
0.9360081795401428,1
0.8476609507639465,1
0.9381451435134667,1
0.9627892432770913,1
0.9360269058359519,1
0.8490806802505397,1
0.9445838354251681,1
0.9512963858913003,1
0.9347739772584465,1
0.9532005326733938,1
0.900803349145343,1
0.9512739594825486,1
0.9347500520888716,1
0.9531865191440392,1
0.8995490802111384,1
0.9512739594825486,1
0.9347500520888716,1
0.9531865191440392,1
0.8995490802111384,1
0.9512963858913003,1
0.9347739772584465,1
0.9532005326733938,1
0.900803349145343,1
0.9031867575871371,1
0.8490806802505397,1
0.9008033491453429,1
0.9576271186440787,1
0.9031442717221642,1
0.8490403753302711,1
0.9007514841914637,1
0.9564243017936658,1
0.9031442717221642,1
0.8490403753302711,1
0.9007514841914637,1
0.9564243017936658,1
0.9031867575871371,1
0.8490806802505397,1
0.9008033491453429,1
0.9576271186440787,1
0.9072828644285027,1
0.9107240065323883,1
0.9072828644285027,1
0.9107240065323883,1
0.9072936587249947,1
0.9107142857142841,1
0.9072936587249947,1
0.9968458975309649,1
0.9999999999999984,1
0.9072828644285027,1
0.9107240065323883,1
0.9072828644285027,1
0.9072936587249947,1
0.9107142857142841,1
0.8736573463515469,1
0.8736573463515469,1
0.8736542644853323,1
0.8239500918028174,1
0.8830009276437848,1
0.8830261136712749,1
0.9187027557498746,1
0.919491525423686,1
0.9999999999999573,1
0.9778354480187821,1
0.9949422930809094,1
0.9455454065888166,1
0.9576609075374908,1
0.9381350388737516,1
0.9525619371825815,1
0.9019211366387425,1
0.9576609075374908,1
0.9381350388737516,1
0.9525619371825815,1
0.9019211366387425,1
0.9576559546313731,1
0.9381451435134667,1
0.9525788594131279,1
0.9031867575871371,1
0.9757370902834188,1
0.8887859565795087,1
0.9381350388737516,1
0.9627943485086774,1
0.9360081795401428,1
0.8476609507639465,1
0.9381350388737516,1
0.9627943485086774,1
0.9360081795401428,1
0.8476609507639465,1
0.9381451435134667,1
0.9627892432770913,1
0.9360269058359519,1
0.8490806802505397,1
0.9185363432789381,1
0.9431808945498561,1
0.9525619371825815,1
0.9360081795401429,1
0.9576224545954679,1
0.8995490802111384,1
0.9525619371825815,1
0.9360081795401429,1
0.9576224545954679,1
0.8995490802111384,1
0.9525788594131279,1
0.9360269058359522,1
0.9576178297405729,1
0.900803349145343,1
0.9031442717221642,1
0.8490403753302711,1
0.9007514841914637,1
0.9564243017936658,1
0.9031442717221642,1
0.8490403753302711,1
0.9007514841914637,1
0.9564243017936658,1
0.9031867575871371,1
0.8490806802505397,1
0.9008033491453429,1
0.9576271186440787,1
0.9968077814890423,1
0.9101928374655545,1
0.9072719396873395,1
0.9101861993428156,1
0.907282864428502,1
0.9101861993428156,1
0.9101861993428156,1
0.907282864428502,1
0.9999999999999897,1
0.9968077814890423,1
0.9101928374655545,1
0.9101861993428156,1
0.907282864428502,1
0.9072719396873402,1
0.9107338444687827,1
0.9072828644285027,1
0.9107240065323883,1
0.9072828644285027,1
0.9072828644285027,1
0.9107240065323883,1
0.996807781489043,1
0.9999999999999984,1
0.9072719396873402,1
0.9072828644285027,1
0.9107240065323883,1
0.8736604624607194,1
0.8736573463515469,1
0.9051238121859934,1
0.8681853756810468,1
0.9778049604246072,1
0.9948986921591931,1
0.9442219433661455,1
0.9576659038901533,1
0.9381248486014965,1
0.9525448690707373,1
0.9018729879737116,1
0.9576609075374908,1
0.9381350388737516,1
0.9525619371825815,1
0.9031442717221642,1
0.9756896245013521,1
0.8873098737887143,1
0.9381248486014965,1
0.9627994955864242,1
0.9359892971918686,1
0.8476145369131052,1
0.9381350388737516,1
0.9627943485086774,1
0.9360081795401428,1
0.8490403753302711,1
0.941859834854035,1
0.9525448690707373,1
0.9359892971918687,1
0.9576271186440485,1
0.899491657240714,1
0.9525619371825815,1
0.9360081795401429,1
0.9576224545954679,1
0.9007514841914638,1
0.9018729879737115,1
0.8476145369131052,1
0.8994916572407139,1
0.9576365663322217,1
0.9019211366387424,1
0.8476609507639465,1
0.8995490802111382,1
0.956424301793669,1
0.9968077814890423,1
0.9101861993428156,1
0.907282864428502,1
0.9101861993428156,1
0.9101861993428156,1
0.907282864428502,1
0.9101928374655545,1
0.9072719396873395,1
0.9999999999999897,1
0.9101861993428156,1
0.907282864428502,1
0.8736573463515469,1
0.9072828644285027,1
0.9107240065323883,1
0.9072828644285027,1
0.9072828644285027,1
0.9107240065323883,1
0.9072719396873402,1
0.9107338444687827,1
0.996807781489043,1
0.9072828644285027,1
0.9107240065323883,1
0.9241355777979983,1
0.9778049604246072,1
0.994898692159193,1
0.9442219433661454,1
0.9576609075374908,1
0.9381350388737516,1
0.9525619371825815,1
0.9031442717221642,1
0.9756896245013521,1
0.8873098737887143,1
0.9381350388737516,1
0.9627943485086774,1
0.9360081795401428,1
0.8490403753302711,1
0.9418598348540349,1
0.9525619371825815,1
0.9360081795401429,1
0.9576224545954679,1
0.9007514841914638,1
0.9019211366387424,1
0.8476609507639465,1
0.8995490802111382,1
0.956424301793669,1
0.9968458975309642,1
0.9101796407185526,1
0.9101796407185526,1
0.907293658724994,1
0.9101861993428156,1
0.907282864428502,1
0.9101861993428156,1
0.9999999999999898,1
0.9968458975309642,1
0.9072936587249947,1
0.9072936587249947,1
0.9107142857142841,1
0.9072828644285027,1
0.9107240065323883,1
0.9072828644285027,1
0.9968458975309649,1
0.9999999999999984,1
0.9187027557498746,1
0.9187027557498746,1
0.9778354480187821,1
0.9949422930809094,1
0.9455454065888166,1
0.9757370902834188,1
0.8887859565795087,1
0.9431808945498561,1
1.0,1
1.0,1
1.0,1
1.0,1
1.0,1
1.0,1
0.9101796407185526,1
0.907293658724994,1
0.9101861993428156,1
0.907282864428502,1
0.9101861993428156,1
0.9101796407185526,1
0.907293658724994,1
0.919491525423686,1
0.9968458975309642,1
0.9101861993428156,1
0.907282864428502,1
0.9101861993428156,1
0.9101796407185526,1
0.907293658724994,1
0.9072828644285027,1
0.9107240065323883,1
0.9072828644285027,1
0.9072936587249947,1
0.9107142857142841,1
0.9968077814890423,1
0.9101928374655545,1
0.9101861993428156,1
0.907282864428502,1
0.9072719396873402,1
0.9072828644285027,1
0.9107240065323883,1
0.9101861993428156,1
0.907282864428502,1
0.9968458975309642,1
1.0000000000000004,1
0,0
0.18174700354510695,0
0.26771215437085116,0
0.5005516548334157,0
0.2437087183379769,0
0.2817180849095055,0
0.0,0
0.06356417261637283,0
0.27850332594800836,0
0.005007677970434715,0
0.1666666666666667,0
0.31264947287896044,0
0,0
0.12411932667297011,0
0.5879447357921312,0
0.6619962354400695,0
0.03891757715268336,0
0.21650635094610968,0
0.4898763589224763,0
0.0,0
0.06963106238227913,0
0.0,0
0.17970728085530335,0
0.0,0
0.40007693788113147,0
0.0,0
0.0,0
0,0
0.4118923111410191,0
0.6107139347183557,0
0.3003757045930553,0
0.2556859453772113,0
0.4435552778639142,0
0.2687645684147963,0
0.40705705439671896,0
0.0036138472363056087,0
0.14586499149789456,0
0,0
0.07978884371139128,0
0.0048701298607949145,0
0.19047619047619047,0
0.17025130615174977,0
0.0975900072948533,0
0.13625318655221463,0
0.16638444025934007,0
0.3211820274187864,0
0.23338001400466826,0
0.14382431823764666,0
0.0,0
0,0
0.1604935172662179,0
0.255281499792589,0
0.6115244643497382,0
0.22499999999999998,0
0.05354104718360296,0
0,0
0.07489998963407515,0
0,0
0,0
0.18463723646899913,0
0.13269998483538092,0
0.2401440724868508,0
0.2564945880212885,0
0.09523809523809525,0
0,0
0,0
0.8458115438054574,0
0.12196734422726126,0
0.005216405303621161,0
0.1952305019992779,0
0.6822422923379534,0
0.1952305019992779,0
0,0
0,0
0.28039778665279413,0
0.08058229640253803,0
0.20412414523193156,0
0.14519856810739398,0
0.35328515517459674,0
0.3174359370957887,0
0,0
0.04065578140908708,0
0.31825796890156577,0
0.3059274258407833,0
0.5061676340491018,0
0.1602030407085406,0
0.5495650063936619,0
0.6998785893892188,0
0.8314021548634842,0
0.321386458711207,0
0.0,0
0.25113978290829053,0
0.6951857926084504,0
0.0,0
0.22673514856536867,0
0.8703882797784891,0
0.12262786789699316,0
0.32935069932586963,0
0.0,0
0.015564816826751477,0
0,0
0.4348282767393363,0
0.22536015980024166,0
0.9773555832305084,0
0.27777777777777785,0
0.37030801469717567,0
0,0
0.32444284226152503,0
0.002400960384153661,0
0.11108111806379095,0
0.2611164839335468,0
0.032124628310161774,0
0.6766649524509586,0
0.7823552404806157,0
0.11989439749557482,0
0.2966954145484633,0
0,0
0.5160523311854335,0
0.08154293487886605,0
0.0320580136546393,0
0.05789388576463469,0
0.21262162778128113,0
0.13921151159742615,0
0.19802950859533489,0
0.6440189480381158,0
0.4767312946227962,0
0.8314236556444345,0
0.8981462390204986,0
0.12213316214505959,0
0.15168171223049762,0
0.20747996779911151,0
0.22090849459488557,0
0.7912328793197442,0
0,0
0.40379926485590906,0
0.14243829994150492,0
0.18421131378760783,0
0.03742405942825599,0
0.7602631123499285,0
0.7485077886319137,0
0.2608745973749754,0
0.1132277034144596,0
0.14285714285714288,0
0.13526997878514607,0
0.0,0
0.6123724356957946,0
0,0
0.2882306768491568,0
0.4191466218133072,0
0.005624604533880318,0
0.5533985905294664,0
0.20966818904344936,0
0.24748737341529162,0
0.5230734933544571,0
0.07852870156612299,0
0.017377654642437908,0
0.0,0
0.7823099060864646,0
0.8981462390204986,0
0.3335621924974955,0
0.06304122065523904,0
0.2870610591037013,0
0,0
0,0
0.1433848336691011,0
0.23031870958997167,0
0.26280172792704165,0
0.0,0
0.3073442924204531,0
0.0800640769025436,0
0.28504385627478446,0
0.8981462390204986,0
0.1614309652633031,0
0.30314566782641783,0
0.16424146668090253,0
0.34718253741470684,0
0.3560344974581559,0
0.11322770341445959,0
0.8458922285025765,0
0.3707695290310999,0
0.19635946707733556,0
0.17941407993153782,0
0.209358947339656,0
0.6742220571986194,0
0.0,0
0.1368935288406729,0
0.11101419393537712,0
0.40702279715274803,0
0.07752239436919456,0
0.0,0
0.25815366480358765,0
0.8981462390204986,0
0.3149448894660932,0
0.0,0
0.17326926644771679,0
0.47628967220784013,0
0.14399829880735152,0
0.408248290463863,0
0.21823449624399424,0
0,0
0.28226724349092913,0
0.12909944487358058,0
0,0
0.10206207261596577,0
0.16439410073217242,0
0.11082408016395194,0
0,0
0.4717170074347302,0
0.22749268457665442,0
0.0,0
0.38729833462074176,0
0.5495650063936619,0
0.2813022956419967,0
0.20661020698307248,0
0.5329387100211931,0
0.20701966780270625,0
0.09983374884595828,0
0.6678230711206283,0
0,0
0.12171612389003691,0
0.14824986333222023,0
0.17688954350174413,0
0.6924799236503533,0
0.20254787341673336,0
0.49282585861777894,0
0.5856975408789658,0
0.5893885544293499,0
0.5756419341601482,0
0.0,0
0.08547043234472845,0
0.0,0
0,0
0.2848275979665248,0
0,0
0,0
0.20412414523193156,0
0.26784055348565733,0
0.16666666666666666,0
0.0028756000632961156,0
0.1822567669994588,0
0.20776743064366643,0
0.8602316602316602,0
0.0,0
0,0
0.41988844408469106,0
0.8017837257372734,0
0,0
0,0
0.17407765595569785,0
0.2905307128574619,0
0.16492447124644155,0
0.041078054941670473,0
0.13502571583157663,0
0.0,0
0.0,0
0.3795448191618399,0
0.06299407883487121,0
0.2475368857441686,0
0.40792405422909284,0
0.41359877556864244,0
0.0,0
0.15724272550828777,0
0.3258082426506173,0
0.447213595499958,0
0,0
0.06379642318328928,0
0.11621691497085627,0
0.12302112607018945,0
0.0,0
0.215365246126974,0
0.18569533817705183,0
0.0792478770871781,0
0.19611613513818404,0
0,0
0.06531101891882723,0
0.24333213169614373,0
0,0
0.2041241452319315,0
0.0,0
0.0,0
0.6010407640085653,0
0.8237393363249753,0
0.13606211178052607,0
0.0,0
0.5599593424608102,0
0.4960733162469013,0
0.08206099398622183,0
0.8164965809277261,0
0.3977475644174329,0
0.0,0
0.536721104824944,0
0.37712361663282534,0
0,0
0.2886751345948129,0
0.24504901470490167,0
0.45464552406361153,0
0.0,0
0,0
0.11826247919781652,0
0.5103103630798288,0
0.236151741668587,0
0.29027641467979126,0
0.19364916731037082,0
0.5582841330639052,0
0.6511477692418617,0
0.26352313834736496,0
0.11493540937500096,0
0.23032424363047058,0
0,0
0.1878672873255448,0
0.2006123683600166,0
0.30847634861956214,0
0.19511481678419787,0
0.09129202487061658,0
0.0,0
0.3299831645537222,0
0,0
0.866840010876177,0
0.064355431789508,0
0.2350497618364117,0
0,0
0.14126984126984127,0
0.2,0
0.09375,0
0.4853626716970755,0
0.3459163477751806,0
0.12105003117656306,0
0.004055479943299802,0
0.17503501050350123,0
0.16310370902867077,0
0.08606629658238703,0
0.18898223650461363,0
0.292306411107734,0
0,0
0.4351975706533323,0
0,0
0.3286167687691141,0
0.45462561807437807,0
0.2969569354582493,0
0.1666666666666667,0
0.3784638740226589,0
0.26519741765271837,0
0.06154574548966637,0
0.14255075983148513,0
0.7810981575361106,0
0.8457958885657179,0
0,0
0,0
0.0,0
0.6000991981489792,0
0.47312407970893317,0
0.1307440900921227,0
0.2711630722733202,0
0.12247448713915893,0
0.0805532420311582,0
0.7823099060864646,0
0.4435552778639142,0
0.702153795337828,0
0.09717483139099976,0
0.9237745514966413,0
0.06299407883487121,0
0.3102632220165228,0
0.2983327323233401,0
0.05143444998736397,0
0.5928648611999249,0
0.0632139541241014,0
0.415631190190329,0
0.0,0
0.28571428571428575,0
0.12080272931742109,0
0.0,0
0.14907119849998596,0
0,0
0.0,0
0.2165063509461097,0
0.6180700462007376,0
0.4546522461296925,0
0.4082482904638631,0
0.17056057308448835,0
0.1952833664712358,0
0,0
0,0
0.31835726998350666,0
0.3952847075210474,0
0.40626937289522047,0
0.0498135481386718,0
0.08484984080542339,0
0.17025130615174974,0
0.29646993025802976,0
0.16412615918823018,0
0,0
0.3053415646032818,0
0.0,0
0.703339941503921,0
0.8006407690254359,0
0,0
0.5061676340491018,0
0.33541019662496846,0
0.816496580927726,0
0.17149858514250882,0
0.8491413128860674,0
0.17448736096493953,0
0.527147622004136,0
0,0
0,0
0.12490707758629631,0
0.09746541286467154,0
0,0
0.3682298471593294,0
0,0
0.005649266192449631,0
0,0
0.3278787144909593,0
0.11009637651263604,0
0.20341905108624309,0
0.21320071635561044,0
0.38188130791298674,0
0.0,0
0.4546388456473103,0
0.08558834427328423,0
0.15609763526361567,0
0.5986677915142136,0
0.24056261216234406,0
0,0
0.1324532357065044,0
0.0033544206513498242,0
0.029172998299578912,0
0.4577548336714802,0
0.504820792258511,0
0.4330522446256831,0
0.06905737089645599,0
0.005646924393141748,0
0.17446725468072727,0
0.0,0
0.24504901470490167,0
0.24145309097566017,0
0.1666666666666667,0
0.8532469179729297,0
0,0
0.6896421713231545,0
0.013520104306942128,0
0.12262786789699316,0
0.5359422007578725,0
0.0005883307273242895,0
0.25412793153565816,0
0.4997266188022552,0
0,0
0.0,0
0.24056261216234406,0
0.0816496580927726,0
0,0
0.07273929674533079,0
0.058834298747446105,0
0.1111873974991652,0
0.0936585811581694,0
0.0,0
0.11547005383792514,0
0.22164533461182118,0
0.6122254838628968,0
0,0
0.1425645707158396,0
0.0,0
0.2258321355737344,0
0.10272935901676938,0
0.05427371898956964,0
0.8807710121010888,0
0.2800493971096533,0
0.21886638465297903,0
0.3055050463303894,0
0.785211009591247,0
0.07862136275414387,0
0.0865352068257029,0
0.10176992572221145,0
0.40709080970304934,0
0.3663967458131496,0
0.27840970120038566,0
0.523033418771553,0
0.17025130615174977,0
0.0023041474211436892,0
0.6976315752707977,0
0.08254115138615986,0
0.19215378456610455,0
0.10846522890932808,0
0.1792808067361055,0
0.08333333333333336,0
0.7086405614118553,0
0.2581988897471611,0
0.17025130615174974,0
0.0035110420351187645,0
0.15811388300841897,0
0.0,0
0.5600857988652828,0
0.16079063580915642,0
0.0,0
0.6441288386528845,0
0.11558798728685976,0
0.19047619047619047,0
0.16847222405288076,0
0.6510383537292251,0
0.7144345083117607,0
0.3027650354097492,0
0.20007126634671146,0
0.4997124668724444,0
0.0,0
0.08058229640253803,0
0,0
0.34128528413458825,0
0.0,0
0.08730167497365394,0
0.8845832171731253,0
0.305887645160749,0
0.350548160085294,0
0.2886751345948129,0
0.328025221385648,0
0.49831099618698294,0
0.10013609338963621,0
0.19611613513818404,0
0.1490062430427287,0
0,0
0.8366300366300367,0
0.0,0
0.3119239602210609,0
0.3027650354097492,0
0.7717436331412897,0
0.08333333333333336,0
0.5484321289943894,0
0.33850160019316505,0
0.2638513469828876,0
0.336799784039072,0
0.0,0
0.22831482556870472,0
0.8981462390204986,0
0.1535829535937548,0
0.15092102533875906,0
0.0,0
0.6912489577792413,0
0.0,0
0.146943671674129,0
0,0
0.23021917957425073,0
0.25870945582364596,0
0.3031437240525814,0
0.07277781371744775,0
0,0
0.6697044159127622,0
0.24678107889564974,0
0.19913835034958946,0
0.14265760206938694,0
0.08673630362611516,0
0,0
0.36084391824351614,0
0.0,0
0.2900588459849727,0
0.12,0
0.3967686274649647,0
0.16035674514745465,0
0.5752790359246146,0
0.9128709291752775,0
0.0756707674607503,0
0.46661325743451204,0
0.13994468367731508,0
0.7071067811865477,0
0.44362716870782154,0
0.0,0
0.34023029089569456,0
0.16581618955514482,0
0.8982953824709536,0
0.21081851067789195,0
0.26114838941901836,0
0.06713150196800816,0
0.18898223650461363,0
0.11746920352908473,0
0.19364916731037082,0
0.07733255687755956,0
0.07715167498104596,0
0.0,0
0.40414518843273806,0
0.058321184351980436,0
0.816496580927726,0
0.08625247067967201,0
0.3380617018914066,0
0.6123724356957946,0
0.6486918316109165,0
0.10765558222233487,0
0.08463115895154111,0
0.43429951810768963,0
0.6434716057893092,0
0.6509279059947712,0
0.0,0
0.3321144335322804,0
0.6440189480381158,0
0.3444801701058882,0
0.0,0
0.1386750490563073,0
0.26130901731279366,0
0.22926956263312243,0
0.21043134877695124,0
0.0,0
0.0021530699783364055,0
0.4042260417272216,0
0.26352313834736496,0
0.5512949422426814,0
0.0,0
0.5499999999999999,0
0.1889822365046136,0
0.26765856277321876,0
0,0
0.285462665862998,0
0.43570460599177563,0
0,0
0.8017837257372734,0
0.20459830184114203,0
0.29772979992649146,0
0.16079606100177474,0
0.16456486977924803,0
0.002484519974960106,0
0.31271642849411446,0
0.6505481291612605,0
0.13483997249264842,0
0.8101914936669335,0
0.07519432554120477,0
0.6030226891555273,0
0.3,0
0.2884859833012053,0
0.16949288836424142,0
0.9629629629629635,0
0.05564148840746572,0
0.1781741612749496,0
0,0
0.19330352157656427,0
0.0,0
0.05544083234987815,0
0.3666473057388138,0
0.20747996779911154,0
0.5689824313581613,0
0.0,0
0.037424059428255996,0
0.1259881576697424,0
0.25,0
0.581583272861504,0
0.8320502943378435,0
0.04052204492365539,0
0.23060009080967467,0
0,0
0.16116459280507606,0
0.1690308509457033,0
0.2756247308353552,0
0.38418443269586333,0
0.0,0
0.3472131990517362,0
0.3994013466338355,0
0.18946618668626833,0
0,0
0.054392829322042126,0
0.08830215713766958,0
0.17424871121889018,0
0.9273930726494872,0
0.16366341767699433,0
0.13257634120512712,0
0.537114049896736,0
0.0778498944161523,0
0.07802743146408704,0
0.15018785229652765,0
0.0,0
0,0
0.03877833671647406,0
0.0861292455399282,0
0.48241815132442184,0
0.0,0
0.39668082850327985,0
0.2727723627949905,0
0.2649421922038224,0
0.2181818181818182,0
0.18257418583505539,0
0.24155733061633913,0
0.16574838603294897,0
0.26907225874419805,0
0.3818813079129867,0
0.15724272550828777,0
0.09738412097417933,0
0.12126781251816648,0
0.07926667776287791,0
0.3118724702341802,0
0,0
0.0,0
0.5357450863297356,0
0.057353933467640436,0
0.6260788987909902,0
0.16070147520167405,0
0.259848309365555,0
0.0,0
0.0,0
0.07856742013183862,0
0.0,0
0.15599516844305109,0
0.1369742504528626,0
0.06243905410544626,0
0.6875516509523286,0
0.8366300366300367,0
0,0
0.06055109792919194,0
0.2669670587638042,0
0.23002500169690926,0
0.18590106213297902,0
0.14028129351351046,0
0.565685424949238,0
0.10924891371818748,0
0.455139864320104,0
0.8982953824709536,0
0.0,0
0.0,0
0.4070739941000796,0
0.31492602902248096,0
0.15288625512946688,0
0.38177893396163937,0
0.1556997888323046,0
0.16539535392599136,0
0.8215838362577497,0
0.32732683535398865,0
0.15365992924694225,0
0.03876676735549253,0
0.4593003898608907,0
0.3975231959999626,0
0.8981462390204986,0
0.03540075230484294,0
0,0
0.5366563145999494,0
0.1600503058106134,0
0.2528249484237158,0
0.1247167102438168,0
0.1944049859436082,0
0.09128709291752769,0
0.6661569562766891,0
0.6726666079413032,0
0.11648581907287349,0
0.31022669373179246,0
0.3580574370197165,0
0,0
0.05802588531856595,0
0.1110349815296408,0
0.3055050463303893,0
0.25225132060946964,0
0.6285393610547089,0
0.23524332572624587,0
0.3086066999241838,0
0.04444282116993398,0
0.09988021556890525,0
0.4767312946227962,0
0.17609569247186319,0
0.26757734047578596,0
0.29417420270727607,0
0.18257418583505539,0
0,0
0.8449946011824947,0
0.7498926985428785,0
0.14577885922495876,0
0.3113761843897638,0
0.7893522173763261,0
0,0
0.21706078553111482,0
0.6976315752707977,0
0.07728724021292485,0
0.1825741858350554,0
0.7561361017772507,0
0.10526495786494747,0
0.40509574683346644,0
0.12706139514691128,0
0.353542903982043,0
0.4050957468334665,0
0.29926103172406804,0
0.2611704092066058,0
0.11020775375559674,0
0.5947477826415208,0
0.8845938375350141,0
0.49224759248542016,0
0.31622776546499654,0
0.4710815303311924,0
0,0
0.2649064714130087,0
0.7499819397636618,0
0.13522468075656266,0
0.24045025343270462,0
0.3102350878560863,0
0.09622504486493763,0
0,0
0.47204235458919586,0
0.5356908778026481,0
0.0,0
0.7893522173763261,0
0.0024639867520265513,0
0.8532469179729297,0
0.6440605875954696,0
0.5773502691896258,0
0.7717436331412898,0
0,0
0.2870561974305353,0
0.19755047978437715,0
0.19888932104393248,0
0.9166666666666665,0
0,0
0.13608276348795434,0
0.5098891493212205,0
0.5357450863297356,0
0.5603252470526271,0
0.20044593143431827,0
0.2856488302920031,0
0.7823324588027468,0
0.2182820625326997,0
0.7500000000000001,0
0.32274861218395134,0
0.755640025293848,0
0.15689290811054724,0
0.35653701640614627,0
0.10527936095153946,0
0,0
0,0
0.18993429409939658,0
0.17878659774359862,0
0.8532469179729297,0
0.7088682401152827,0
0.17407765595569785,0
0.47312407970893317,0
0.6192977781852276,0
0.18831089428867734,0
0,0
0.6467616667635545,0
0,0
0.5693348372115875,0
0.47628967220784013,0
0.07856742013183862,0
0.0,0
0.11152515094738064,0
0.4728468126142893,0
0.21650635094610968,0
0.25197631533948484,0
0,0
0.0,0
0.8817877754939513,0
0.39668082850327985,0
0,0
0.32137849324902273,0
0.0,0
0.37500000000000006,0
0.6518772138120001,0
0.28510732245714754,0
0.11569061736344143,0
0.5879447357921312,0
0.05006261743217588,0
0.08333333333333333,0
0.2883176214383127,0
0.565685424949238,0
0.3278050340535929,0
0.27994625547792706,0
0.1520493835827019,0
0.708868139443499,0
0.20032733246124987,0
0,0
0.28863298335728427,0
0.8602484472049688,0
0.14285714285714288,0
0.3769347533293489,0
0.5597680331232653,0
0.2437087183379769,0
0.8462587852270569,0
0.0936585811581694,0
0.19427024119897224,0
0.2057377999494559,0
0.1874065348839288,0
0.6760659859742277,0
0.08740828899869034,0
0.03553143837911115,0
0.5400617248673216,0
0.11506065484441447,0
0.18506612725934962,0
0.1259881576697424,0
0,0
0.2781106573963628,0
0,0
0.0,0
0.4585472520650203,0
0.11219363880101486,0
0.056911039322447225,0
0.0,0
0.21739597435790914,0
0.2357022603955159,0
0.3327916674265422,0
0.1198780559540391,0
0.4082482904638631,0
0.5103103630798288,0
0.3248918366824551,0
0.24122532033850383,0
0,0
0,0
0.2357022603955159,0
0,0
0.41308918967559255,0
0,0
0.25,0
0.0,0
0.6063850945878703,0
0,0
0.2318409080452033,0
0.0701398266586322,0
0.6456774449760151,0
0.7088492536419201,0
0.2464292200916476,0
0,0
0.17440152164211836,0
0.03231700371001196,0
0.0,0
0,0
0.09556369651349933,0
0.1666666666666667,0
0.6478719064361103,0
0.13155635054247045,0
0.2480694691761894,0
0.2752988806446741,0
0.16366341767699433,0
0.21975182462453566,0
0.11145870545388957,0
0.0,0
0.19007173694884205,0
0.1956559480312316,0
0.12038585308576923,0
0.0865352068257029,0
0.31492602902248096,0
0.47628967220784013,0
0.4137707404843095,0
0.16666666666666669,0
0.14811569637019878,0
0.0,0
0.55,0
0.09245003270420486,0
0.04798624668089472,0
0,0
0.31622776601683794,0
0.32274861218395146,0
0.11900243215183262,0
0.8398826339379304,0
0.0,0
0,0
0.0936585811581694,0
0.1436327141790534,0
0.22360679774997896,0
0.1318911737912525,0
0.650184108220689,0
0.22116293423234576,0
0.1643989873053573,0
0.38893751518591896,0
0.3909911154123046,0
0.3352119050341078,0
0.2733040833050606,0
0.4762896722078402,0
0.14824986333222023,0
0.1887128390240993,0
0.0,0
0.541496056915336,0
0.0,0
0,0
0.030261376633440123,0
0.005288190290781099,0
0.4417249623901581,0
0.32137849324902273,0
0,0
0.10133891838762797,0
0.6431759792703418,0
0.42339236538838243,0
0,0
0.1259881576697424,0
0.25482359571881275,0
0.07692307692307693,0
0.0,0
0.16666666666666666,0
0.47970161180012344,0
0.27931753477275245,0
0.09116561968618409,0
0,0
0.0890870806374748,0
0.20655911179772893,0
0.7551038459588313,0
0.05896111161713419,0
0.09428090415820635,0
0,0
0.3195048252113468,0
0.2703969737124023,0
0.21853536304782453,0
0.12487810821089251,0
0.25873180855923106,0
0.0,0
0.0,0
0.12737673083884396,0
0,0
0.05481888868195297,0
0.40709080970304934,0
0,0
0.2449587099159403,0
0.2742042485535409,0
0.14322297480788662,0
0.9413574486632834,0
0.0,0
0.16120889393891832,0
0.4997230492306735,0
0.27146239704625036,0
0.23524332572624587,0
0,0
0,0
0.4199004204907436,0
0.17316974359835272,0
0.26110369901268327,0
0.21693045781865608,0
0.04976874662464703,0
0.42013074533591305,0
0.053838190205816545,0
0.33996374966628173,0
0.4417187028997801,0
0.05773502691896259,0
0.0,0
0,0
0.6715453327640005,0
0.08625247067967201,0
0.49594097109284163,0
0.25,0
0.08419313934883366,0
0.036084391824351615,0
0.3092701332228549,0
0.17031988674109788,0
0,0
0.25006323177379364,0
0.16666666666666666,0
0.26907225874419805,0
0.046126560401444264,0
0,0
0.0,0
0.16872610981054065,0
0.34921514788478913,0
0.038924947208076155,0
0.0,0
0.1988441279827245,0
0.2259730731464128,0
0.3096698807951863,0
0.15430334996209194,0
0.1608558788018974,0
0.15713484026367724,0
0.1473139127471974,0
0.14459764896434668,0
0.09799912608595521,0
0.0,0
0.0,0
0.08451542547285165,0
0.7823782546245851,0
0.06988565578146122,0
0,0
0.6708203932499368,0
0.14301938838683884,0
0.2165327847843067,0
0.23302069121418523,0
0.0,0
0.5092534540479525,0
0.48048863649215107,0
0.8450206312547884,0
0.0,0
0,0
0.27136021011998723,0
0.9013408022496263,0
0,0
0.6001902919349735,0
0.19999999999999998,0
0.0,0
0,0
0.16554100415365164,0
0.2182178902359924,0
0.5000000000000001,0
0.2727723627949905,0
0.16355666644657962,0
0.27003086243366087,0
0.4728097840006956,0
0.0,0
0.18581282308346647,0
0.07220187203600782,0
0.12309149097933277,0
0,0
0,0
0.22926956263312243,0
0.3222516933177448,0
0.1273427115948788,0
0.860610259316653,0
0.7561361017772507,0
0.5037187182784716,0
0.39999999999999997,0
0.22391255073971594,0
0.03882812199435234,0
0.8981462390204986,0
0.1440277920972476,0
0.2823975173789404,0
0.0668153104781061,0
0.23002500169690926,0
0.0,0
0.1418053292746449,0
0.4411065094151576,0
0.17025130615174974,0
0.2333333333333333,0
0.15309310892394865,0
0.10084192657621115,0
0.644039871915686,0
0.3040043689733879,0
0.0,0
0.04364357804719846,0
0.08133115524954725,0
0.5108039062286248,0
0.3273268353539886,0
0.1953932397170262,0
0.7779454043691796,0
0.0975900072948533,0
0,0
0.0,0
0.5723818405383531,0
0.24764219818702876,0
0.1054002031306085,0
0.820912731673617,0
0.7086384620995426,0
0.19364916731037082,0
0.48048863649215107,0
0.12166606584807191,0
0.40579440111745957,0
0.19245008972987526,0
0.0,0
0.4228857096530396,0
0.3511234415883917,0
0.5504167329230252,0
0.0,0
0.49278518809431576,0
0.15137353951977375,0
0.5765850977726364,0
0.2651650429449553,0
0.882264123625309,0
0.7861776415613132,0
0.08838898106372098,0
0.08601094708422978,0
0.2291746242570528,0
0.31844693546056513,0
0.12598815766974242,0
0.17149858514250882,0
0.7779565137416367,0
0.4652048570784219,0
0.04950737714883371,0
0.005890054918155787,0
0,0
0.14142135623730953,0
0,0
0.17342199390482396,0
0.4853626716970755,0
0.3378859214352391,0
0,0
0.03879769207265977,0
0.2363515791475006,0
0.14173667737846019,0
0,0
0.15724272550828777,0
0.4463036991443367,0
0.1666666666666667,0
0.1535056549688007,0
0.2357022603955159,0
0.10846522890932808,0
0.1519572396328066,0
0.18970003260218127,0
0.0,0
0.13608276348795434,0
0.2480694675673418,0
0.0,0
0.44236499110173577,0
0.0,0
0.24956538975659226,0
0.10375716957991118,0
0.0936585811581694,0
0.6517691943879742,0
0.3102350878560863,0
0.1414213562373095,0
0.0,0
0,0
0,0
0.13093073414159545,0
0.16343011261515333,0
0.3102350878560863,0
0.4799247471531642,0
0.40626937289522047,0
0.05803898866858294,0
0.0,0
0.28110955660943937,0
0.15811388300841897,0
0.13801311186847084,0
0.4990834089450871,0
0.079179394649922,0
0.39131189606246325,0
0.11867816581938533,0
0.0,0
0.0,0
0.32137849324902273,0
0.12463788052714847,0
0.8981462390204986,0
0.3978898597318312,0
0.4436061914542841,0
0.1643989873053573,0
0.15632606621197662,0
0.36004114991154784,0
0,0
0.0,0
0.0,0
0.19802950859533489,0
0.17572050130243813,0
0.0,0
0.27214777944200774,0
0.0,0
0.14158434474929332,0
0.2502444988359418,0
0.2781106573963628,0
0.003203055891687294,0
0.42059551209602997,0
0.23087944580590722,0
0.2581988897471611,0
0.7690153544530924,0
0.056365127289771014,0
0.07715167498104596,0
0.2943434915520049,0
0.684498646888781,0
0.0,0
0.5110273843644111,0
0.23158429332793945,0
0,0
0,0
0.254531800070175,0
0.0,0
0.9093732698511314,0
0.33541019662496846,0
0.2836891125335136,0
0.0,0
0.053452248382484885,0
0.0,0
0.2886751345948129,0
0.8446072871176213,0
0.19223577179967685,0
0.15212296817031037,0
0.3427120603256165,0
0.2480694691784169,0
0.4928176181849203,0
0.0512989176042577,0
0.8845832171731253,0
0,0
0.220112726581406,0
0.6726753233827284,0
0.0,0
0.5345224838248488,0
0.40357461918012566,0
0.18292818093346555,0
0.28305902076481027,0
0.3508565290134527,0
0.5311241277847939,0
0.0,0
0.2666666666666666,0
0.43481317827315213,0
0.9263627277973943,0
0.06030226891555272,0
0.6708203932499368,0
0.3272058496409832,0
0.0,0
0.14685522037046797,0
0.2812474769153784,0
0.45655613526965644,0
0.47311501004436834,0
0.3766610915007588,0
0.5928627194825921,0
0.6652165106466661,0
0.17677669529663687,0
0.5203054822863654,0
0.7302967433402218,0
0,0
0.6450648899777198,0
0.55,0
0.12964074471043288,0
0.04588314677411235,0
0.0,0
0.8734679508161156,0
0,0
0.34357337445241937,0
0.031782086308186415,0
0.7302967433402218,0
0,0
0.21320071635561044,0
0.2681043729213772,0
0.9375,0
0.0668153104781061,0
0.7194014606174091,0
0.0,0
0,0
0.13525044520011487,0
0.775212979908809,0
0.7561361017772507,0
0.21345545614293757,0
0,0
0.0,0
0.1889822365046136,0
0.2808389157364335,0
0.9805806756909202,0
0.6431391750593554,0
0.0,0
0.0,0
0.0,0
0.0,0
0.25482359571881275,0
0.15569978883230465,0
0.0,0
0.273505383503131,0
0.8807744930014424,0
0.7778825883972778,0
0.8164965809277261,0
0.05598925109558543,0
0.6907069439415124,0
0,0
0.0,0
0.21790048222764163,0
