0.9538826281377726,1
0.9434705879478307,1
0.9309553605265732,1
0.9309553605265732,1
0.9435341108871718,1
0.9435982485646356,1
0.9279820472029053,1
0.9266355276918491,1
0.9434076709506773,1
0.9434705879478307,1
0.9309553605265732,1
0.9309553605265732,1
0.9435341108871718,1
0.9435982485646356,1
0.9279820472029053,1
0.9266355276918491,1
0.9434076709506773,1
0.9211306552341582,1
0.9211306552341582,1
0.9531364711632331,1
0.953193652041946,1
0.937513127642163,1
0.9363262130737741,1
0.9530237668225824,1
0.9526183850188286,1
0.9211861531242078,1
0.9212421322098359,1
0.9067177191492218,1
0.90563763834635,1
0.9210756323617123,1
0.9211861531242078,1
0.9212421322098359,1
0.9067177191492218,1
0.90563763834635,1
0.9210756323617123,1
0.9532513962790695,1
0.9376022891798663,1
0.9364080475827471,1
0.953079845438683,1
0.9376923177665587,1
0.936490662707068,1
0.9531364711632331,1
0.9207298136638162,1
0.9374248206878879,1
0.9362451481683337,1
0.9630026900943236,1
0.9624434389140273,1
0.9625816003768759,1
0.969713092000782,1
0.8784920941467619,1
0.931201792189951,1
0.9311687888189383,1
0.9313565329322677,1
0.9315460566106526,1
0.93098279932349,1
0.9315460566106526,1
0.9308542696678698,1
0.911451066620543,1
0.9220482099278475,1
0.9015387305462961,1
0.9018761857905769,1
0.9022168096287011,1
0.9012043998876103,1
0.9022168096287011,1
0.9014232008582919,1
0.8891779880190214,1
0.869140895123354,1
0.869612259275174,1
0.8700881997779824,1
0.8686740416332739,1
0.8700881997779824,1
0.869027016692867,1
0.9215994213848273,1
0.9218824442758509,1
0.922168206098078,1
0.9213190982352125,1
0.922168206098078,1
0.9215370527909857,1
0.9420830458718462,1
0.9422321428561398,1
0.9417889871046724,1
0.9422321428561398,1
0.9419047619037666,1
0.9423826442076324,1
0.9419353336892643,1
0.9423826442076324,1
0.9420525613088191,1
0.9420830458718462,1
0.9425345698621358,1
0.9422017485017122,1
0.9420830458718462,1
0.9417583310117239,1
0.9427394066551846,1
0.925736355781993,1
0.9849615493669508,1
0.9849615493669509,1
0.9005083369650779,1
0.9003058259582258,1
0.9204389574759946,1
0.9756966534200643,1
0.9327775059230555,1
0.8345001562835195,1
0.9806293568013487,1
0.9543399470784215,1
0.8932442466441995,1
0.9099780522283366,1
0.9459681165082222,1
0.8961120664123067,1
0.9165444688834582,1
0.9583333333333334,1
0.8798826901281198,1
0.8798826901281198,1
0.9677419354838711,1
0.9165444688834582,1
0.7754966891715902,1
0.8004114838210995,1
0.7941256825155188,1
0.918528195912374,1
0.7727272727272726,1
0.7727272727272726,1
0.7272727272727272,1
0.7272727272727272,1
0.7727272727272726,1
0.7727272727272726,1
0.8072591071799499,1
0.989177776756173,1
0.9701492537313438,1
0.840559184562477,1
0.7897229210567853,1
0.7897229210567853,1
0.7350000000000001,1
0.8673747276688455,1
0.8673747276688455,1
0.7898588266039147,1
0.7352607709750568,1
0.7351290684624019,1
0.7348734873487349,1
0.7649439970288651,1
0.7649439970288651,1
0.7751943439077679,1
0.7112582497784508,1
0.7112582497784508,1
0.7651005550663139,1
0.7752051771773452,1
0.7751997074382938,1
0.7751890835220597,1
0.848148148148148,1
0.8316977580887881,1
0.8130539156333851,1
0.8130539156333851,1
0.8667140690178232,1
0.8320264660284845,1
0.8229707113362331,1
0.8315380410647976,1
0.7895900024447576,1
0.7893327406150266,1
0.7893327406150266,1
0.8482812499999998,1
0.7898588266039147,1
0.7897229210567853,1
0.7894599733677738,1
0.7796913169580179,1
0.7796913169580179,1
0.8318605367809699,1
0.8760942760942764,1
0.8668953720532067,1
0.8759423139954116,1
0.881280193236715,1
0.8131774203430022,1
0.7799881693494516,1
0.7716846427149551,1
0.7795466536799389,1
0.8131774203430022,1
0.7799881693494516,1
0.7716846427149551,1
0.7795466536799389,1
0.8321956381928886,1
0.8231214457523713,1
0.8316977580887881,1
0.866970077699771,1
0.8760427093760429,1
0.8668590021989581,1
0.0,0
0.1856602192839162,0
0.5688795072476565,0
0.25172639503785343,0
0.0,0
0.4994858633397973,0
0.5728695447692342,0
0.03575992699260758,0
0.2132572405084251,0
0.1348399724926484,0
0.09600307214746386,0
0.6680011218803978,0
0.0,0
0.48780016755817973,0
0.694679747205479,0
0.16066791352870008,0
0.24140227479263376,0
0.26282634662581594,0
0.16238664582237342,0
0.348422326424986,0
0.6774113367492437,0
0.10830632196950878,0
0.3969283100678678,0
0.1763814057740305,0
0.2457611148565761,0
0.17784346225297049,0
0.300348467529638,0
0.07933288280219176,0
0.4078092609443478,0
0.3322298435408315,0
0.21552605827712326,0
0.20015907906768038,0
0.21155435413917806,0
0.3798493224757778,0
0.3099168016385545,0
0.0,0
0.04356068418690321,0
0.6682203703641889,0
0.4994714839468679,0
0.43301270189221935,0
0.15453348185725116,0
0.5855926440173184,0
0.1719343272151223,0
0.6550321351839569,0
0.0,0
0.7927406587726756,0
0.3865104407207887,0
0.18404583356002874,0
0.7422657502268625,0
0.6731748149935671,0
0.4875853033154074,0
0.18759680700150833,0
0.48547051418477466,0
0.24976199393006324,0
0.5722451378482957,0
0.12975360959135354,0
0.0,0
0.3633082474989255,0
0.32248286130124004,0
0.47323650954255503,0
0.14250818252371625,0
0.0,0
0.36271529927679025,0
0.0,0
0.20553273140040762,0
0.24140227479263376,0
0.17541160386140583,0
0.11852177018919195,0
0.15453348185725116,0
0.3208997808480877,0
0.33449275712387466,0
0.0,0
0.16668580066209931,0
0.0,0
0.3269133156549639,0
0.21101398453599896,0
0.056613851707229795,0
0.5728773154066222,0
0.43483148163540486,0
0.4734305734715967,0
0.5384946104262754,0
0.040723148118768406,0
0.5425145676604335,0
0.6895076580925125,0
0.3971231444191626,0
0.28046590807136185,0
0.38722514207834746,0
0.0,0
0.6385110957914735,0
0.22295761794886731,0
0.6775565254881847,0
0.14213381090374028,0
0.15240033247206708,0
0.14213381090374028,0
0.0,0
0.5772699827239103,0
0.16796775328675626,0
0.14213381090374028,0
0.09962709627734359,0
0.1558598223505843,0
0.13162935900056716,0
0.6686652326103327,0
0.22826192265584092,0
0.26134913091380985,0
0.0,0
0.6652547433077199,0
0.5947956649271492,0
0.1091089451179962,0
0.07106690545187014,0
0.26158342586848654,0
0.16289259247507362,0
0.20835074722568894,0
0.21015531601262083,0
0.22938234309220681,0
0.11065953027399641,0
0.6710881642496483,0
0.2661356511058614,0
0.050251890762960605,0
0.30801405780860835,0
0.16099711855703244,0
0.23947373603569988,0
0.0,0
0.14213381090374028,0
0.7546291568355804,0
0.4576228649290511,0
0.1503462721111288,0
0.13775862669985464,0
0.0,0
0.0,0
0.48762592420566625,0
0.07813983916059347,0
0.2701621459459532,0
0.26158342586848654,0
0.6751019535264423,0
0.3046358979224713,0
0.21334818272874276,0
0.6863489285629726,0
0.16428443034608098,0
0.14316993432326983,0
0.35910610717166347,0
0.15627704968820905,0
0.05913123959890826,0
0.38289884294530235,0
0.6780323684349769,0
0.21623676937409833,0
0.3851029122617394,0
0.5728695447692342,0
0.0,0
0.22960569099653574,0
0.1552863069797845,0
0.1959069445345018,0
0.3367497140584832,0
0.20640627484613444,0
0.42440789744848245,0
0.5722926451828659,0
0.6919832738070604,0
0.39829917062373155,0
0.20232632466428588,0
0.6231716768665448,0
0.597510454819279,0
0.34522048239747266,0
0.22070671306255593,0
0.1831480760854106,0
0.23192706196571058,0
0.14214105099632912,0
0.5384946104262754,0
0.22960569099653574,0
0.0,0
0.20330224427150917,0
0.20990839274221634,0
0.16126643458004522,0
0.6998797026602417,0
0.2033022442715092,0
0.3516393442622951,0
0.20599484762552947,0
0.8673747276688455,0
0.20184516893650428,0
0.4871383741344299,0
0.3303737470701059,0
0.3054903188694558,0
0.559122658678769,0
0.3790880639082526,0
0.9166666666666671,1
1.0000000000000002,1
0.8245566416596961,1
0.9999999999999998,1
0.9802196077675931,1
0.9570011870502858,1
0.9434563530497261,1
0,1
0.5017452060042544,1
0.9414976211092722,1
0.9880164395414232,1
0.9740089152364932,1
0.9558962264150942,1
0.9999999999999996,1
0.8970852271450606,1
0.8970852271450607,1
0.6804138174397719,1
0.9285714285714285,1
0.9999999999999998,1
0.9999999999999998,1
0.9999999999999998,1
0.9999999999999998,1
0.9999999999999998,1
0.9999999999999998,1
0.9999999999999998,1
0.9999999999999998,1
0.9999999999999998,1
0.9999999999999998,1
0.9999999999999998,1
0.8229728844961078,1
0.9999999999999999,1
1.0,1
0.9128645109534209,1
0.9999999999999998,1
0.9428090415820631,1
0.9397321428571429,1
0.8838834764831842,1
0.8838834764831842,1
0.9444444444444448,1
0.9428090415820631,1
1.0000000000000002,1
1.0000000000000002,1
0.662266178532522,1
0.8495975024621996,1
0.8240807036329546,1
0.6546092886617186,1
0.6886351098594766,1
0.7317298283096739,1
0.7087639681951878,1
0.7462397372742203,1
0.9200000000000003,1
0.8245566416596961,1
0.8864052604279182,1
0.9354143466934852,1
0.9354143466934852,1
0.8153742483272114,1
0.8291561975888502,1
0.8291561975888502,1
0.9198662110078,1
1.0,1
0.9013878188659976,1
0.9013878188659976,1
1.0000000000000002,1
0.9999999999999998,1
0.9999999999999998,1
0.9999999999999998,1
0.9999999999999998,1
0.9999999999999998,1
0.9999999999999998,1
0.9999999999999998,1
0.9999999999999998,1
0.9999999999999998,1
1.0,1
0.9318367346938776,1
0.916666666666667,1
0.78067086829745,1
0.8823634731590326,1
0.9999999999999919,1
0.9300249412192817,1
1.0000000000107414,1
0.9178091813957734,1
0.9460998335825325,1
0.7442084075352507,1
0.7627700713964738,1
0.8675755060797482,1
0.9999999999999998,1
0.9999999999999997,1
0.9088578088578089,1
0.9082175925925928,1
0.9097417840375587,1
0.9722925420750995,1
0.9538043478260869,1
1.0000000000000002,1
0.9999999999999998,1
0.7200082407709105,1
0.9241630376563933,1
0.8984917087529468,1
0.9848834991048007,1
0.9449377189279269,1
0.8626863261140285,1
0.8262027033329359,1
0.9639596033604722,1
0.8152503608955639,1
0.7747787825568637,1
0.95532700984058,1
0.8152503608955627,1
0.7746888073388266,1
0.9449377189279276,1
0.8381075470032179,1
0.7928442884594266,1
0.7746888073388266,1
0.8145078555580735,1
0.9849592333206534,1
0.7927420963187268,1
0.8374136381382463,1
0.9614152340884252,1
1.0000000000318126,1
1.0000000000318126,1
0.9614152340884252,1
0.8125593918276844,1
0.7036355165574552,1
0.6931573347436673,1
0.7284588800195042,1
0.7176135440340325,1
0.95449180719518,1
0.9614152340884251,1
0.9614152340884251,1
1.0000000000009235,1
0.8189230248533256,1
1.0000000000000002,1
0.8819171036881969,1
0.9444444444444448,1
0.8189230248533256,1
0.8088585733212577,1
0.7580878924768398,1
0.8088585733212577,1
0.758069933766231,1
0.8086711906292378,1
0.8090487737981199,1
0.8088585733212577,1
0.7960666369227424,1
0.7961394799929211,1
0.5826268900936442,1
0.48703449001149113,1
0.8189230248533256,1
0.9161716171617208,1
0.9161354830646214,1
0.8396051965695727,1
0.8895424836593165,1
0.8395925446155433,1
0.8893599481826605,1
0.8897283684107735,1
0.8895424836593165,1
0.8754066649143908,1
0.8754481476626248,1
0.6542900220886998,1
0.5678280670254396,1
0.9533374823733362,1
0.9160997732426349,1
0.8395925446155434,1
0.8396180310037082,1
0.8396051965695728,1
0.7041029137446462,1
0.7041473568728601,1
0.5701858647664914,1
0.7210355909702902,1
0.8395925446155433,1
0.8893599481826605,1
0.8897283684107735,1
0.8895424836593165,1
0.8754066649143908,1
0.8754481476626248,1
0.6542900220886998,1
0.5678280670254396,1
0.9535244139673303,1
0.8396051965695728,1
0.8395925446155434,1
0.7040589662647021,1
0.7041029137446462,1
0.5696074703058422,1
0.7207748590435099,1
0.8189230248533256,1
0.9285714285714286,1
0.8819171036881968,1
1.0,1
0.8895424836593165,1
0.8893599481826605,1
0.8753657365013223,1
0.8754066649143908,1
0.653005321737358,1
0.5672554303126319,1
0.9500000000000003,1
0.9500000000000003,1
0.9500000000000003,1
0.9500000000000003,1
0.9500000000000003,1
0.9500000000000003,1
1.0000000000000002,1
0.9500000000000003,1
0.9500000000000003,1
0.9500000000000003,1
0.9500000000000003,1
0.9500000000000003,1
0.9500000000000003,1
0.9161716171617208,1
1.0,1
0.8897283684107735,1
0.8754481476626248,1
0.8754901960846985,1
0.655600851938713,1
0.5684096511868849,1
0.8754066649143908,1
0.8754481476626248,1
0.7281155254486392,1
0.6530993849703974,1
0.971472630143311,1
1.0000000000000002,1
0.971472630143311,1
0.964285714285714,1
0.9999999999999997,1
0.964285714285714,1
0.9273761064784666,1
0.971472630143311,1
1.0,1
0.964285714285714,1
0.9999999999999997,1
0.9052579887058098,1
0.5671435838720641,1
0.487287975110727,1
0.9500000000000003,1
0.9500000000000003,1
0.9500000000000003,1
0.9500000000000003,1
0.9500000000000003,1
0.9500000000000003,1
1.0000000000000002,1
0.9500000000000003,1
0.9500000000000003,1
0.9500000000000003,1
0.9500000000000003,1
0.9500000000000003,1
0.9500000000000003,1
0.9500000000000003,1
0.9500000000000003,1
0.9500000000000003,1
0.9500000000000003,1
0.9500000000000003,1
1.0000000000000002,1
0.9500000000000003,1
0.9500000000000003,1
0.9500000000000003,1
0.9500000000000003,1
0.9500000000000003,1
0.9500000000000003,1
0.9500000000000003,1
0.9500000000000003,1
0.9500000000000003,1
0.9500000000000003,1
1.0000000000000002,1
0.9500000000000003,1
0.9500000000000003,1
0.9500000000000003,1
0.5674483417588488,1
0.48743434746277603,1
1.0000000000318126,1
0.9614152340884252,1
0.9500000000000003,1
0.9500000000000003,1
0.9500000000000003,1
0.9500000000000003,1
0.9500000000000003,1
0.9500000000000003,1
1.0000000000000002,1
0.9500000000000003,1
0.9500000000000003,1
0.9500000000000003,1
0.9500000000000003,1
0.9500000000000003,1
0.9500000000000003,1
0.9500000000000003,1
0.9500000000000003,1
1.0000000000000002,1
0.9500000000000003,1
0.9500000000000003,1
0.9500000000000003,1
0.9500000000000003,1
0.9500000000000003,1
0.9500000000000003,1
0.9500000000000003,1
1.0000000000000002,1
1.0000000000000004,1
0.7452413135250994,1
0.8638723414016068,1
0.9034561584660661,1
1.0000000000000004,1
0.7452413135250994,1
0.9615384615384612,1
0.8086075400626401,1
0.7452413135250994,1
0.9999999999999999,1
0.9130434782608696,1
1.0,1
0.9130434782608696,1
0.963638068198089,1
0.8262027033329359,1
0.9847241240529755,1
0.944310823886788,1
0.8621159540117962,1
0.9443574374099775,1
0.9847879498550385,1
0.9130434782608696,1
1.0,1
0.7746888073388278,1
0.8146322724911955,1
0.9455779604311243,1
0.939336436627724,1
0.9547280029208607,1
0.9425602862112894,1
0.953747635118964,1
0.7894736842105259,1
0.8778321587745551,1
0.9171903363660329,1
0.8638723414016068,1
0.9615384615384612,1
0.9034561584660661,1
0.8086075400626401,1
0.9548454594958293,1
0.9734474656791002,1
0.7590721152765897,1
0.963508981075875,1
0.9397766911556131,1
0.9781532738178038,1
0.9999999999999998,1
0.9362699156513591,1
0.9916530557583235,1
1.0000000000002283,1
0.9049869954172742,1
0.9526610232449337,1
1.0000000000007179,1
1.0,1
0.8819171036881968,1
0.9444444444444448,1
0.8189230248533256,1
0.8189230248533256,1
0.9285714285714286,1
0.8819171036881968,1
0.9500000000000003,1
0.9500000000000003,1
0.9500000000000003,1
0.9500000000000003,1
0.9500000000000003,1
0.9500000000000003,1
0.971472630143311,1
0.964285714285714,1
0.9500000000000003,1
0.9500000000000003,1
0.9500000000000003,1
0.9500000000000003,1
0.9500000000000003,1
0.9500000000000003,1
0.9500000000000003,1
0.9500000000000003,1
0.9500000000000003,1
0.9500000000000003,1
0.9500000000000003,1
0.9500000000000003,1
0.9500000000000003,1
0.9500000000000003,1
0.9500000000000003,1
0.7452413135250994,1
0.9130434782608696,1
0.953747635118964,1
0.11111111111111113,0
0,0
0.1320676359488436,0
0.0,0
0.0,0
0.0,0
0.7378647873726221,0
0.16127819726332637,0
0,0
0.4629100498862757,0
0.1878672873255448,0
0.21483446221182986,0
0.25197631533948484,0
0.21997067253202995,0
0.03300491809922248,0
0,0
0.8819171036881968,0
0,0
0.18395538047391588,0
0.0944911182523068,0
0.08084520834544431,0
0.12909944487358058,0
0.47053232071382217,0
0.16347080258708754,0
0.3684538471893369,0
0.2858309752375148,0
0,0
0.16302782918784448,0
0.0,0
0,0
0.030499714066520935,0
0.31225312569201275,0
0.7592566023652966,0
0.18294278427281216,0
0,0
0.10814761408717502,0
0.0,0
0.10783277320343841,0
0.1666666666666667,0
0.4536323543632774,0
0,0
0.0757614408414158,0
0.4456249098554612,0
0.09637388493048532,0
0,0
0.2096569673443837,0
0.0,0
0.0,0
0.19069251784911848,0
0.05163977794943222,0
0.26352313834736496,0
0.08594295981916228,0
0.42263985063512255,0
0.2481812334483592,0
0.0,0
0.13044200690282284,0
0.5270462766947299,0
0.11766968108291043,0
0.6758378183830471,0
0.01868577241406308,0
0,0
0.0,0
0.0969169135483888,0
0.05564148840746572,0
0.4285714285714286,0
0.10540925533894598,0
0.0,0
0.0,0
0.3038530100216536,0
0.3464101615137755,0
0.17660431427533918,0
0.16437414021477992,0
0.30499714066520933,0
0.11475996749950493,0
0,0
0.28819657204565,0
0.15418777419777693,0
0,0
0,0
0,0
0.3464537959721527,0
0.09869275424396534,0
0.07937034206837064,0
0.0,0
0.3638034375544995,0
0.7371541402007415,0
0.0,0
0.2165063509461097,0
0.0,0
0,0
0.18389242812245682,0
0,0
0,0
0.11383542535720696,0
0,0
0,0
0.059234887775909226,0
0.0,0
0.0,0
0.23570226039551587,0
0.0625,0
0.5406205059012896,0
0.09901475429766744,0
0,0
0.21320071635561041,0
0,0
0.05487447569403779,0
0.08804509063256238,0
0,0
0.3684538471893369,0
0.9444444444444448,0
0.3629150273454803,0
0,0
0.6758378183830471,0
0.30343304245450414,0
0.3175536744149779,0
0.24343224778007383,0
0.4588535233124856,0
0.11058146711617285,0
0.5663521139548542,0
0.0,0
0,0
0.0,0
0.12632278815997786,0
0.4743416490252569,0
0.412514323662695,0
0,0
0.48564293117863216,0
0.4536323543632774,0
0,0
0.49099025303098287,0
0.13608276348795437,0
0.04045566970313674,0
0.07532435771547094,0
0.3952847075210474,0
0.0,0
0.07188851546895896,0
0.06677805632941779,0
0.20851441405707477,0
0,0
0.412514323662695,0
0.05006261743217588,0
0.3846095790563293,0
0.0,0
0.10482848367219183,0
0.0,0
0.8783100656536795,0
0.11952286093343936,0
0.3894406778792784,0
0.20203050891044214,0
0.0,0
0.08451542547285165,0
0.08206099398622183,0
0.24525573579398632,0
0.4313310928137537,0
0.4535573676110727,0
0,0
0.6608884822844627,0
0.16918197377512545,0
0.29090284296783503,0
0.11547005383792514,0
0.716094056443997,0
0.15097045783999796,0
0.07658395810674837,0
0.19245008972987526,0
0.0,0
0.32539568672798425,0
0.0,0
0.7592566023652966,0
0.7265641461207667,0
0.07214791053658226,0
0.225912997889962,0
0.18650096164806276,0
0.20701966780270625,0
0.0,0
0,0
0.20225995873897262,0
0.3048863735866824,0
0.0890870806374748,0
0.8090398349558907,0
0.23094010767585027,0
0.15223400740727866,0
0.36896402776085446,0
0.22131333406899523,0
0.8962713548942163,0
0.19069251784911845,0
0.33436692754521175,0
0.17549812590584268,0
0.8385254915624213,0
0.2041241452319315,0
0.04335549847620599,0
0,0
0.29012942659282975,0
0.1025978352085154,0
0.14586499149789456,0
0.0,0
0,0
0.1515228816828316,0
0.08084520834544431,0
0.0700140042014005,0
0.18446619684315543,0
0,0
0.7715167498104598,0
0.1671834637726059,0
0.9276125895432156,0
0.0,0
0.15534244150030002,0
0.724568837309472,0
0,0
0.11547005383792518,0
0.5513826083814906,0
0.8154100913168031,0
0.8154100913168031,0
0.3434732248795389,0
0.6145240732063915,0
0.5933481526395311,0
0.04225771273642583,0
0.10012523486435176,0
0.14433756729740643,0
0,0
0.059892122450677585,0
0,0
0.27472112789737807,0
0.25324331189474036,0
0.24454174378176669,0
0.2110317818610874,0
0.10160010160015241,0
0.24454174378176669,0
0.5147591832825575,0
0.18176762993349932,0
0.0,0
0.0,0
0,0
0.14969623771302396,0
0.3149996923832631,0
0.04335549847620599,0
0.2,0
0.3844645254667629,0
0.16342890525296544,0
0.18364569642783274,0
0.2988071523335984,0
0.2182178902359924,0
0.26977079219858136,0
0.16523521339298133,0
0.0912870929175277,0
0.262445329583912,0
0.5985685383018945,0
0.10910894511799618,0
0.09030164299083872,0
0.45501575519329013,0
0.13363062095621217,0
0.12006004503753283,0
0.18333969940564224,0
0.050251890762960605,0
0.22378287052321447,0
0.0,0
0.18399099369837352,0
0,0
0,0
0.33541019662496846,0
0.11363310286178555,0
0.6343350474165464,0
0.030219894260774968,0
0.18860838403857944,0
0.2744788170018608,0
0,0
0.24828176658071047,0
0.07359227188074893,0
0.25048971643405976,0
0.08451542547285165,0
0.0,0
0.14638501094227999,0
0.26462806201248157,0
0.24343224778007386,0
0,0
0.17912443020795962,0
0.2196873875818734,0
0.11785113019775793,0
0.3241018617760822,0
0.21591675854376524,0
0,0
0.08606629658238703,0
0.07385489458759964,0
0.41105217790607135,0
0.28373076085276344,0
0.08574929257125441,0
0.21821789023599242,0
0.06454972243679027,0
0.6577935144802718,0
0.3964962828647721,0
0.14638501094227996,0
0.05,0
0.18446619684315543,0
0.06299407883487121,0
0.7460038465922509,0
0.24445060351935236,0
0.22487239817113241,0
0.27134566553571926,0
0.0,0
0.15614749907630573,0
0.09376144618769908,0
0.25253813613805265,0
0.18242107536339447,0
0.10482848367219184,0
0.5087704005991148,0
0,0
0.16724840200141816,0
0,0
0.059297231100293515,0
0.058520573598065284,0
0.07768818877372854,0
0,0
0,0
0.10495671428119792,0
0.18394180184548975,0
0.0890870806374748,0
0.10012523486435176,0
0.08333333333333333,0
0,0
0.11561466260321601,0
0.0,0
0.13363062095621217,0
0.23343232283798085,0
0.17791499872137212,0
0.0,0
0.20225995873897265,0
0.06827887419989188,0
0.19050019050028574,0
0.4774552605594227,0
0.0899842541331695,0
0,0
0.6172133998483678,0
0,0
0.0,0
0.08512565307587484,0
0.17417876516460734,0
0.06262242910851494,0
0.3726779962499649,0
0.07273929674533079,0
0.716094056443997,0
0.2773995967941599,0
0.19837377179513666,0
0.15986193890144046,0
0.16558016295489203,0
0.8382983467980288,0
0.12403473458920847,0
0,0
0.046524210519923545,0
0.15749984619163154,0
0.07453559924999298,0
0.08362420100070908,0
0.3334864844249579,0
0.15499309721089632,0
0,0
0.0,0
0.2812843385630972,0
0.19802950859533489,0
0.0,0
0.06338656910463875,0
0.2886751345948129,0
0.0,0
0.2553769592276246,0
0.0,0
0.46291004988627577,0
0.3597107361086751,0
0.07412493166611012,0
0.16412198797244362,0
0.2182178902359924,0
0.18057877962865385,0
0.8080967983333327,0
0.4264624437907971,0
0.19402850002906638,0
0.8911004285328511,1
0.8433652604859251,1
0.8949189189189185,1
0.91042471042471,1
0.9103493737640075,1
0.9105006645990249,1
0.91042471042471,1
0.9103493737640075,1
0.910274647116752,1
0.8949189189189185,1
0.894906859050285,1
0.8949310756539669,1
0.8949189189189185,1
0.894906859050285,1
0.8948948948948946,1
0.9103493737640075,1
0.9105006645990249,1
0.91042471042471,1
0.9103493737640075,1
0.910274647116752,1
0.91042471042471,1
0.9103493737640075,1
0.910274647116752,1
0.9102005231037485,1
0.9105006645990249,1
0.91042471042471,1
0.9103493737640075,1
0.9103493737640075,1
0.910274647116752,1
0.9102005231037485,1
0.999999999999896,1
0.861428571424163,1
0.9135917348653837,1
0.9072184232530296,1
0.9200874124564723,1
1.0000000000000246,1
0.9734983456022986,1
0.9439676709532433,1
0.9461171556179355,1
0.935880696567914,1
0.9005393959460835,1
0.9481078179975022,1
0.9740733994342493,1
0.9749959986109171,1
0.9999999999981956,1
0.8037578765477839,1
0.8050089488970318,1
0.803699839844291,1
0.8043467238098057,1
0.8043467238098057,1
0.801859963130683,1
0.874242424241049,1
0.8725663716800179,1
0.8733931240643831,1
0.8733931240643831,1
0.8708154506423632,1
0.8729166666652561,1
0.8737556561071981,1
0.8737556561071981,1
0.8711399711385452,1
0.8720998531557004,1
0.8720998531557004,1
0.8696202531631103,1
0.8729166666652561,1
0.870370370368934,1
0.870370370368934,1
0.7823032360518194,1
0.9340202568684154,1
0.5259668983321985,1
0.5263997532021663,1
0.5255438587654045,1
0.5259668983321985,1
0.5259668983321985,1
0.5251303043906912,1
0.5255438587654045,1
0.5247259197360378,1
0.7621483375950483,1
0.7610972568569837,1
0.761616161615296,1
0.761616161615296,1
0.7605911330040486,1
0.7610972568569837,1
0.7600973236000901,1
0.761616161615296,1
0.7621483375950483,1
0.7621483375950483,1
0.7610972568569837,1
0.761616161615296,1
0.7605911330040486,1
0.7610972568569837,1
0.7610972568569837,1
0.7600973236000901,1
0.7605911330040486,1
0.7596153846144958,1
0.9860132971832698,1
0.761616161615296,1
0.7605911330040486,1
0.7610972568569837,1
0.7600973236000901,1
0.7605911330040486,1
0.7610972568569837,1
0.7600973236000901,1
0.7600973236000901,1
0.759144893110745,1
0.7596153846144958,1
0.9501752155663371,1
0.8486561368113581,1
0.9332111528386599,1
0.8670526606010475,1
0.9298848784745992,1
0.8056726521099565,1
0.9999999999999996,1
0.9691489126875136,1
0.9844593975088625,1
0.90140350877193,1
0.914946619217082,1
0.9148936170212768,1
0.9150000000000001,1
0.914946619217082,1
0.9148936170212768,1
0.9148409893992934,1
0.9013986013986016,1
0.9013937282229967,1
0.90140350877193,1
0.9013986013986016,1
0.9013937282229967,1
0.901388888888889,1
0.9148409893992934,1
0.914946619217082,1
0.9148936170212768,1
0.9148409893992934,1
0.9147887323943664,1
0.9148936170212768,1
0.9148409893992934,1
0.9147887323943664,1
0.9147368421052633,1
0.914946619217082,1
0.9148936170212768,1
0.9148409893992934,1
0.9148409893992934,1
0.9147887323943664,1
0.9147368421052633,1
0.9046241649277348,1
0.9244841238215873,1
0.924596216748426,1
0.9245403825822166,1
0.9244274356047699,1
0.9244841238215873,1
0.9245403825822166,1
0.9516339869281047,1
0.9516728624535316,1
0.9517514871116988,1
0.9517120280948201,1
0.9516728624535316,1
0.9515953983069242,1
0.9516728624535316,1
0.9516339869281047,1
0.9515953983069242,1
0.9517120280948201,1
0.9516728624535316,1
0.9516339869281047,1
0.9517514871116988,1
0.9517120280948201,1
0.9516728624535316,1
0.8787297527706736,1
0.8787558188743124,1
0.8787428328732215,1
0.878716577540107,1
0.8787297527706736,1
0.8787428328732215,1
0.9518716577540107,1
0.9519123238649072,1
0.9519945909398243,1
0.9519533004041312,1
0.9519123238649072,1
0.9518312985571588,1
0.9519123238649072,1
0.9518716577540107,1
0.9518312985571588,1
0.9519533004041312,1
0.9519123238649072,1
0.9518716577540107,1
0.9519945909398243,1
0.9519533004041312,1
0.9519123238649072,1
0.9153020892151327,1
0.9190101237345332,1
0.9153543307086613,1
0.9152494331065759,1
0.9153020892151327,1
0.9153543307086613,1
0.9300291545189503,1
0.9425655976676385,1
0.9426807760141093,1
0.9426229508196721,1
0.9425655976676385,1
0.9300232288037166,1
0.9300351288056206,1
0.9300291545189503,1
0.9300232288037166,1
0.9426229508196721,1
0.9425655976676385,1
0.9425087108013936,1
0.9426807760141093,1
0.9426229508196721,1
0.9425655976676385,1
0.9149797570850201,1
0.9150889271371198,1
0.9150345622119815,1
0.914924506387921,1
0.9149797570850201,1
0.9150345622119815,1
0.9428571428571428,1
0.9429169157202629,1
0.9430379746835442,1
0.9429771908763505,1
0.9429169157202629,1
0.9427978660343804,1
0.9429169157202629,1
0.9428571428571428,1
0.9427978660343804,1
0.9429771908763505,1
0.9429169157202629,1
0.9428571428571428,1
0.9430379746835442,1
0.9429771908763505,1
0.9429169157202629,1
0.9806833467850419,1
0.9806903991370013,1
0.9806763285024156,1
0.9806693440428382,1
0.9806833467850419,1
0.9806833467850419,1
0.9806623931623933,1
0.980697485806975,1
0.9806833467850419,1
0.9806763285024156,1
0.9806903991370013,1
0.9806903991370013,1
0.9806693440428382,1
0.9806903991370013,1
0.9806833467850419,1
0.980697485806975,1
0.980697485806975,1
0.9806763285024156,1
0.9806693440428382,1
0.9806833467850419,1
0.9806833467850419,1
0.9806623931623933,1
0.9806763285024156,1
0.9806763285024156,1
0.9806554756195045,1
0.9806903991370013,1
0.9806693440428382,1
0.9806693440428382,1
0.9340019009480316,1
0.9340019009480316,1
0.9338774094551912,1
0.9339395087410316,1
0.9340645881536462,1
0.9340019009480316,1
0.9339395087410316,1
0.9270912858982956,1
0.8764480151194491,1
0.8766325892445398,1
0.8768180238550622,1
0.8764480151194491,1
0.8762642955041968,1
0.8766325892445398,1
0.8766325892445398,1
0.9693454846722517,1
0.969213853765317,1
0.9692795150842328,1
0.9694117647053905,1
0.9693454846722517,1
0.9692795150842328,1
0.8947557114616393,1
0.9125369807839163,1
0.9127173387808419,1
0.9128985337058279,1
0.9125369807839163,1
0.9123574539298335,1
0.9127173387808419,1
0.9420836798847823,1
0.969213853765317,1
0.9692795150842328,1
0.9694117647053905,1
0.9693454846722517,1
0.9692795150842328,1
0.8947557114616393,1
0.9125369807839163,1
0.9127173387808419,1
0.9128985337058279,1
0.9125369807839163,1
0.9123574539298335,1
0.9420836798847823,1
0.9127173387808419,1
0.9691484985597759,1
0.9692795150842328,1
0.969213853765317,1
0.9691484985597759,1
0.8944829976958814,1
0.912178752486574,1
0.9123574539298335,1
0.9125369807839163,1
0.912178752486574,1
0.941608268275926,1
0.9123574539298335,1
0.9123574539298335,1
0.9693454846722517,1
0.9692795150842328,1
0.969213853765317,1
0.8946190446767539,1
0.9123574539298335,1
0.9125369807839163,1
0.9127173387808419,1
0.9418448786619005,1
0.912178752486574,1
0.9125369807839163,1
0.9125369807839163,1
0.9694117647053905,1
0.9693454846722517,1
0.8948930022957711,1
0.9127173387808419,1
0.9128985337058279,1
0.9423247025143885,1
0.9127173387808419,1
0.9125369807839163,1
0.9128985337058279,1
0.9128985337058279,1
0.9692795150842328,1
0.8947557114616393,1
0.9125369807839163,1
0.9420836798847823,1
0.9128985337058279,1
0.9125369807839163,1
0.9123574539298335,1
0.9127173387808419,1
0.9127173387808419,1
0.8946190446767539,1
0.9418448786619005,1
0.9125369807839163,1
0.9127173387808419,1
0.9123574539298335,1
0.912178752486574,1
0.9125369807839163,1
0.9125369807839163,1
0.9539768704267199,1
0.9539917208747516,1
0.9540066382166934,1
0.9539768704267199,1
0.9539620864236459,1
0.9539917208747516,1
0.9539917208747516,1
0.9718259201529822,1
0.971881759192024,1
0.9717703349277542,1
0.9717150017897154,1
0.9718259201529822,1
0.9718259201529822,1
0.9719378537873088,1
0.9718259201529822,1
0.9717703349277542,1
0.971881759192024,1
0.971881759192024,1
0.971881759192024,1
0.9718259201529822,1
0.9719378537873088,1
0.9719378537873088,1
0.9717150017897154,1
0.9718259201529822,1
0.9718259201529822,1
0.9717703349277542,1
0.9717703349277542,1
0.971881759192024,1
0.950841570932643,1
0.9508592910850922,1
0.9508504084641444,1
0.950841570932643,1
0.9508327781481366,1
0.9508504084641444,1
0.9413157894739166,1
0.9532760472612467,1
0.9620791108205292,1
0.9620335668893591,1
0.9619883040935668,1
0.9619433198380563,1
0.9620335668893591,1
0.9381180223285482,1
0.9525988885256615,1
0.9621249385145101,1
0.9620791108205292,1
0.9620335668893591,1
0.9621249385145101,1
0.9380616174582794,1
0.9526315789473679,1
0.9620335668893591,1
0.9619883040935668,1
0.9620791108205292,1
0.9380899056151011,1
0.9526151828168549,1
0.9619433198380563,1
0.9620335668893591,1
0.9381180223285482,1
0.9525988885256615,1
0.9619883040935668,1
0.938145969152488,1
0.9525826951279123,1
0.9380899056151011,1
0.9526151828168549,1
0.9409499358151472,1
0.9999999999999999,1
0.1178226776348842,0
0.1243664517032329,0
0.20564209594103924,0
0.20557509139562063,0
0.3567605707820272,0
0.4856585071371764,0
0.3719023297041261,0
0.1465449663706523,0
0.03741275630471243,0
0.3243155077185574,0
0.24866774657341156,0
0.06630330918251745,0
0.06450593672690812,0
0.7713732880142025,0
0.12641517212901449,0
0.09281080981428451,0
0.20657080128653582,0
0.0,0
0.12714724535129412,0
0.0,0
0.05751923632366425,0
0.09313342646680636,0
0.15830168686435103,0
0.2222586738543667,0
0.10729177955450923,0
0.2233221585173226,0
0.055303203683605466,0
0.22268802515895358,0
0.3237900399504262,0
0.07312529253458665,0
0.09395314472382314,0
0.504044128650346,0
0.11475965694270711,0
0.8739739521981333,0
0.17563954707730345,0
0.13748983291242156,0
0.07114110566702134,0
0.06689319699301308,0
0.06200931273165071,0
0.050676485039204675,0
0.9999999999999998,0
0.059726871199641145,0
0.16876735764295622,0
0.41070749691691566,0
0.26700042726455914,0
0.15876322406928012,0
0.28554759920784123,0
0.06437393994470234,0
0.33931595460716824,0
0.16356658202098237,0
0.32396602994895907,0
0.8901354391117349,0
0.1668356397676404,0
0.09813493493861933,0
0.3028745857962284,0
0.4793870796840256,0
0.6280263509716433,0
0.10109615241973145,0
0.33584752406563206,0
0.1830476768814918,0
0.14641523137956003,0
0.12862429248313942,0
0.07191847201836682,0
0.27422304482005616,0
0.13825362691040538,0
0.1484664446943481,0
0.16267141824955983,0
0.06677312620906814,0
0.2487895893183894,0
0.0,0
0.2737481605302789,0
0.12564682283335082,0
0.8936953011242152,0
0.020668850837512243,0
0.026743880955027007,0
0.05388753502358492,0
0.2505928393432352,0
0.8134669075611444,0
0.34295898463219926,0
0.14814814814814814,0
0.2737481605302789,0
0.8137072477165154,0
0.0,0
0.819992553335306,0
0.0840752795791628,0
0.09272150433388912,0
0.518864003883711,0
0.19290875831898735,0
0.02059441319944197,0
0.1552222638652154,0
0.1501873295062502,0
0.23593767253920372,0
0.5235139739541049,0
0.35505437186385613,0
0.0,0
0.10881749258864609,0
0.16937113484345634,0
0.8739739521981333,0
0.05500632521686065,0
0.06620382531464693,0
0.1637868144049453,0
0.8201399036450914,0
0.17544188465475943,0
0.12682863524561305,0
0.5612249072421213,0
0.1484664446943481,0
0.22579563259203184,0
0.072006989325479,0
0.6065060420005857,0
0.13440773280885607,0
0.20085095393966057,0
0.17577669741173416,0
0.26172790903102355,0
0.07106785685604503,0
0.2354644498408723,0
0.022295523067783714,0
0.846634193829021,0
0.4653547055222542,0
0.12641517212901449,0
0.4809740420903633,0
0.5972628211347871,0
0.0,0
0.48014886838022464,0
0.15920402030967112,0
0.3225390905413669,0
0.17149858514250885,0
0.16936758954552814,0
0.0,0
0.09897450233063436,0
0.0595056605655684,0
0.03709715865560319,0
0.15044240816104953,0
0.49176769757925026,0
0.32396602994895907,0
0.041470044571561386,0
0.1647571014942666,0
0.49072675412708955,0
0.06406023648375166,0
0.21944909993877007,0
0.09559986278229676,0
0.18560238153201825,0
0.1432697123487666,0
0.10719042822483361,0
0.16859322707264363,0
0.3937980578683873,0
0.06651517594426448,0
0.09529716251795686,0
0.357487427356311,0
0.1804702376260999,0
0.47706387974949727,0
0.14333693230430905,0
0.0680832637914441,0
0.2980965618579748,0
0.0,0
0.21538335780535314,0
0.15048550102872843,0
0.11922883130985651,0
0.8120124435454248,0
0.8727528392247657,0
0.037054345217402404,0
0.056779023774968664,0
0.14129224093693288,0
0.07412256022065071,0
0.20282251682337663,0
0.18428158485790622,0
0.0905201632593284,0
0.07657694074675683,0
0.22015870464692586,0
0.06068260984143909,0
0.0,0
0.3549650862883406,0
0.13867774633959104,0
0.269069117598525,0
0.0,0
0.08878897663188248,0
0.14148097498460885,0
0.20125516658727388,0
0.43356607471521696,0
0.2355435224937637,0
0.5975414798927253,0
0.3993329324905186,0
0.5827475110028514,0
0.25353112026340524,0
0.12565505683786396,0
0.22458056047056166,0
0.09038172556159997,0
0.1344056055300671,0
0.43445497827500107,0
0.4226479874260444,0
0.29239568611875616,0
0.0,0
0.12598815766974242,0
0.14824986333222023,0
0.0759337103429777,0
0.0,0
0.2057083701916849,0
0.10897341867401997,0
0.18459830028327523,0
0.0,0
0.05477225574785273,0
0.13024411086076054,0
0.82015980764115,0
0.3328803560987864,0
0.14744620197320862,0
0.26548808877073254,0
0.8198266159925001,0
0.03682419400487196,0
0.23920133986160685,0
0.14565773738756957,0
0.2105723312628677,0
0.9516728624535316,0
0.1627255434957711,0
0.3576918949428851,0
0.8726334424048968,0
0,0
0.25510154129979185,0
0.1484664446943481,0
0.0508699067378276,0
0.1754116038614058,0
0.2312755867136964,0
0.13481546281826753,0
0.15733988489367018,0
0.14332253817920887,0
0.1326643292526119,0
0.364289086291566,0
0.2341482634230255,0
0.07188161843104647,0
0.26290723408704714,0
0.23530515855461284,0
0.812609033531792,0
0.2055413114797673,0
0.4586837670585494,0
0.38588584094420403,0
0.2229848564877659,0
0.04714045207910317,0
0.21558192262786693,0
0.35961975831535214,0
0.8901354391117349,0
0.15859619655716392,0
0.4675185992267502,0
0.8853615520282186,0
0.82015980764115,0
0.2625575485238002,0
0.055396440998540505,0
0.20398932985052018,0
0.14824986333222023,0
0.1192288313098565,0
0.0,0
0.12276140998485373,0
0.2103632123083388,0
0.39366003460379895,0
0.45782723465627284,0
0.0,0
0.09891881776498397,0
0.13936973855959695,0
0.2103632123083388,0
0.36135508390656124,0
0.20362506419224458,0
0.14824986333222023,0
0.49279691209110504,0
0.10282377252842623,0
0.07532892371540383,0
0.06085806194205859,0
0.23129333816473296,0
0.47272727020327926,0
0.06640444296711556,0
0.9434638720353005,0
0.19748037891823603,0
0.11475138318862761,0
0.296007763544931,0
0.18571393927112104,0
0.26302924258029187,0
0.36888823236783286,0
0.11989808977362522,0
0.11037769642208697,0
0.12481751597062041,0
0.1275089127502888,0
0.07603641542563792,0
0.12734290799340267,0
0.06828710589860411,0
0.19921086226466145,0
0.12761264544453926,0
0.1754116038614058,0
0.2018174390968629,0
0.1450305680338007,0
0.3498268836470991,0
0.18321431338482302,0
0.4519515402238659,0
0.051613799368581334,0
0.0,0
0.026827284330243412,0
0.0645386899259478,0
0.1695506805202712,0
0.141288261544997,0
0.18559332003234663,0
0.1667888644461151,0
0.4589680548238983,0
0.12669810988864405,0
0.0,0
0.0,0
0.8070260760730205,0
0.045962015205468894,0
0.27422304482005616,0
0.49805333422235304,0
0.07667628191453003,0
0.0,0
0.26302924258029187,0
0.054753639258599496,0
0.11471687762156234,0
0.4699445368459142,0
0.07568359179779799,0
0.3575400885964917,0
0.07532892371540383,0
0.0,0
0.0,0
0.07909649964604158,0
0.27191402982044566,0
0.1335405644334761,0
0.4111806229701441,0
0.2618454386483464,0
0.14167981454469217,0
0.16009240988051193,0
0.5135586018439826,0
0.10158414531443871,0
0.1265651159670042,0
0.14746143273458184,0
0.0,0
0.0,0
0.4192092538739531,0
0.08133871769525321,0
0.2005771579434985,0
0.15876322406928006,0
0.41079756374471327,0
0.5066231533196195,0
0.9035824856258293,0
0.26416112248101403,0
0.0,0
0.17338426103258145,0
0.2377644767458176,0
0.06721922140842986,0
0.3679099470072956,0
0.11257424235312932,0
0.8124091207922969,0
0.41070749691691566,0
0.05249007842502553,0
0.28544808614941525,0
0.2284261949027443,0
0.3536306582507992,0
0.32866351263412863,0
0.48454467370769977,0
0.09289867681573172,0
0.15121977112254362,0
0.17213259316477408,0
0.15736306244647996,0
0.2221041671750374,0
0.2278795823990255,0
0.16698223376055515,0
0.7713732880142025,0
0.43311775813723896,0
0.07202453093594274,0
0.1981259332034339,0
0.32448900732048563,0
0.0,0
0.1420901030399241,0
0.518864003883711,0
0.45149669695040495,0
0.0,0
0.16733651098623703,0
0.0,0
0.1415608025048183,0
0.1608594291975189,0
0.1275456923620999,0
0.32361320789448417,0
0.5566376647344182,0
0.22206601783883337,0
0.4800199502931755,0
0.10195392931321806,0
0.10001939142191688,0
0.14746812858972405,0
0.0,0
0.08206822914846586,0
0.35513099291491385,0
0.8739948686509659,0
0.5056210385128128,0
0.22878718174366522,0
0.0,0
0.22833494767466228,0
0.23585605668476434,0
0.03933966943658348,0
0.8198266159925001,0
0.5066231533196195,0
0.8739633728339593,0
0.15935828877005345,0
0.4829744508986391,0
0.452853539278842,0
0.399220341286814,0
0.2904737509655563,0
0.06947769922827993,0
0.1147184858725266,0
0.14298290535795502,0
0.07636713148374995,0
0.08097763301789161,0
0.15098407926490404,0
0.20872259324669507,0
0.17450011960634307,0
0.8351790236937485,0
0.0755472865925864,0
0.03655061893841041,0
0.13912675263755545,0
0.09942070245380255,0
0.18467802047201706,0
0.15007505629691606,0
1.0000000000020182,1
1.0000000000000007,1
0.8714652726985828,1
0.9999999998718875,1
0.9271194970432627,1
0.8618896592699947,1
0.9270225187654733,1
0.8617852926299365,1
0.9270225187654733,1
0.8617852926299365,1
0.9269406392692423,1
0.8618896592699947,1
0.9999999999998381,1
0.9269406392692423,1
0.8618896592699947,1
0.9270225187654733,1
0.8617852926299365,1
0.9270225187654733,1
0.9269406392692423,1
0.8618896592699947,1
0.8858426203789497,1
0.8859120706912145,1
0.8859120706912145,1
0.8858426203789497,1
0.9413853847028072,1
0.8655535378168128,1
0.9093774625689521,1
0.9092717086834735,1
0.9672222222216559,1
0.9527054434396353,1
0.9999999999994449,1
0.9672222222216559,1
0.9238645602099899,1
0.84734513273228,1
0.7492940892139061,1
0.9760260056886273,1
0.9015681613978609,1
0.8182538927357366,1
0.7240916743568241,1
0.9760716831278737,1
0.9014847100451241,1
0.8179506737743447,1
0.7040491540437966,1
0.9760716831278737,1
0.9014847100451241,1
0.8179506737743447,1
0.7040491540437966,1
0.9760260056886273,1
0.9015681613978609,1
0.8182538927357366,1
0.7240916743568241,1
0.828754634990303,1
0.7095146746347046,1
0.9015681613978611,1
0.9809206541496694,1
0.8027767255941158,1
0.6863828522117662,1
0.9014847100451242,1
0.9809588833264175,1
0.8024989771716726,1
0.6644310237240895,1
0.9014847100451242,1
0.9809588833264175,1
0.8024989771716726,1
0.6644310237240895,1
0.9015681613978611,1
0.9809206541496694,1
0.8027767255941158,1
0.6863828522117662,1
0.6935660053680716,1
0.8219925911371406,1
0.8058574059400839,1
0.8918992188256114,1
0.6683408153716911,1
0.821690278445021,1
0.8055797099871234,1
0.8917628843945886,1
0.6482053959542946,1
0.821690278445021,1
0.8055797099871234,1
0.8917628843945886,1
0.6482053959542946,1
0.8219925911371406,1
0.8058574059400839,1
0.8918992188256114,1
0.6683408153716911,1
0.7240916743568235,1
0.6863828522117662,1
0.6630980872101816,1
0.9796090326931841,1
0.7236905027986409,1
0.6860455312550083,1
0.6625981964280803,1
0.9545195011549529,1
0.7236905027986409,1
0.6860455312550083,1
0.6625981964280803,1
0.9545195011549529,1
0.7240916743568235,1
0.6863828522117662,1
0.6630980872101816,1
0.9796090326931841,1
0.8617852926299499,1
0.9362549800796571,1
0.8617852926299499,1
0.9362549800796571,1
0.8618896592700079,1
0.9361471861471621,1
0.8618896592700079,1
0.9300232242188594,1
0.999999999999976,1
0.8617852926299499,1
0.9362549800796571,1
0.8617852926299499,1
0.8618896592700079,1
0.9361471861471621,1
0.8859120706912145,1
0.8859120706912145,1
0.8858426203789497,1
0.8657888036126293,1
0.9093601895734599,1
0.9092542677448341,1
0.9527054434396353,1
0.9672222222216559,1
0.9999999999994338,1
0.9228884648280665,1
0.8409919766478287,1
0.7461071496700151,1
0.9760716831278737,1
0.9014847100451241,1
0.8179506737743447,1
0.7040491540437966,1
0.9760716831278737,1
0.9014847100451241,1
0.8179506737743447,1
0.7040491540437966,1
0.9760260056886273,1
0.9015681613978609,1
0.8182538927357366,1
0.7240916743568241,1
0.8230998264559924,1
0.70611054972808,1
0.9014847100451242,1
0.9809588833264175,1
0.8024989771716726,1
0.6644310237240895,1
0.9014847100451242,1
0.9809588833264175,1
0.8024989771716726,1
0.6644310237240895,1
0.9015681613978611,1
0.9809206541496694,1
0.8027767255941158,1
0.6863828522117662,1
0.9305356843294322,1
0.6840995625204327,1
0.8179506737743453,1
0.8024989771716818,1
0.9783953384128891,1
0.6422595477480384,1
0.8179506737743453,1
0.8024989771716818,1
0.9783953384128891,1
0.6422595477480384,1
0.8182538927357372,1
0.8027767255941252,1
0.9783503310069581,1
0.6630980872101836,1
0.7236905027986409,1
0.6860455312550083,1
0.6625981964280803,1
0.9545195011549529,1
0.7236905027986409,1
0.6860455312550083,1
0.6625981964280803,1
0.9545195011549529,1
0.7240916743568235,1
0.6863828522117662,1
0.6630980872101816,1
0.9796090326931841,1
0.9296185175545733,1
0.927105152911439,1
0.8616800320572012,1
0.9270225187654733,1
0.8617852926299365,1
0.9270225187654733,1
0.9270225187654733,1
0.8617852926299365,1
0.9999999999998345,1
0.9296185175545733,1
0.927105152911439,1
0.9270225187654733,1
0.8617852926299365,1
0.8616800320572147,1
0.9363636363636122,1
0.8617852926299499,1
0.9362549800796571,1
0.8617852926299499,1
0.8617852926299499,1
0.9362549800796571,1
0.9296185175545867,1
0.9999999999999758,1
0.8616800320572147,1
0.8617852926299499,1
0.9362549800796571,1
0.8859821512240987,1
0.8859120706912145,1
0.9274936257742222,1
0.8993885511907233,1
0.9226372007967216,1
0.8402930402814455,1
0.7259005685500086,1
0.9761175750151916,1
0.9014009005320751,1
0.8176461219823533,1
0.7035967853766601,1
0.9760716831278737,1
0.9014847100451241,1
0.8179506737743447,1
0.7236905027986414,1
0.8224600965259906,1
0.6840016854949077,1
0.9014009005320752,1
0.9809972636066308,1
0.8022201065333812,1
0.6640439264384502,1
0.9014847100451242,1
0.9809588833264175,1
0.8024989771716726,1
0.6860455312550083,1
0.6629601560539097,1
0.8176461219823539,1
0.8022201065333905,1
0.9784405317998363,1
0.6417080529812098,1
0.8179506737743453,1
0.8024989771716818,1
0.9783953384128891,1
0.6625981964280823,1
0.7035967853766594,1
0.6640439264384504,1
0.6417080529812071,1
0.9790466212677464,1
0.704049154043796,1
0.6644310237240898,1
0.6422595477480358,1
0.9545195011550166,1
0.9296185175545733,1
0.9270225187654733,1
0.8617852926299365,1
0.9270225187654733,1
0.9270225187654733,1
0.8617852926299365,1
0.927105152911439,1
0.8616800320572012,1
0.9999999999998345,1
0.9270225187654733,1
0.8617852926299365,1
0.8859120706912145,1
0.8617852926299499,1
0.9362549800796571,1
0.8617852926299499,1
0.8617852926299499,1
0.9362549800796571,1
0.8616800320572147,1
0.9363636363636122,1
0.9296185175545867,1
0.8617852926299499,1
0.9362549800796571,1
0.9411715620827771,1
0.9226372007967216,1
0.8402930402814455,1
0.7259005685500086,1
0.9760716831278737,1
0.9014847100451241,1
0.8179506737743447,1
0.7236905027986414,1
0.8224600965259907,1
0.6840016854949078,1
0.9014847100451242,1
0.9809588833264175,1
0.8024989771716726,1
0.6860455312550083,1
0.6629601560539097,1
0.8179506737743453,1
0.8024989771716818,1
0.9783953384128891,1
0.6625981964280823,1
0.704049154043796,1
0.6644310237240898,1
0.6422595477480358,1
0.9545195011550166,1
0.9300232242188462,1
0.9269406392692423,1
0.9269406392692423,1
0.8618896592699947,1
0.9270225187654733,1
0.8617852926299365,1
0.9270225187654733,1
0.9999999999998359,1
0.9300232242188462,1
0.8618896592700079,1
0.8618896592700079,1
0.9361471861471621,1
0.8617852926299499,1
0.9362549800796571,1
0.8617852926299499,1
0.9300232242188594,1
0.999999999999976,1
0.952705443439632,1
0.952705443439632,1
0.9228884648280665,1
0.8409919766478287,1
0.7461071496700151,1
0.8230998264559924,1
0.70611054972808,1
0.6840995625204327,1
1.0,1
1.0,1
1.0,1
1.0,1
1.0,1
1.0,1
0.9269406392692423,1
0.8618896592699947,1
0.9270225187654733,1
0.8617852926299365,1
0.9270225187654733,1
0.9269406392692423,1
0.8618896592699947,1
0.9672222222216559,1
0.9300232242188462,1
0.9270225187654733,1
0.8617852926299365,1
0.9270225187654733,1
0.9269406392692423,1
0.8618896592699947,1
0.8617852926299499,1
0.9362549800796571,1
0.8617852926299499,1
0.8618896592700079,1
0.9361471861471621,1
0.9296185175545733,1
0.927105152911439,1
0.9270225187654733,1
0.8617852926299365,1
0.8616800320572147,1
0.8617852926299499,1
0.9362549800796571,1
0.9270225187654733,1
0.8617852926299365,1
0.9300232242188462,1
1.0000000000000007,1
0.2449392717378438,0
0.19667959845934163,0
0.4324582211367271,0
0.0,0
0.5277720770862748,0
0.24505046718433468,0
0.41348258051991166,0
0.3312013704022139,0
0.47427110935461325,0
0.0,0
0.13384629957468225,0
0.34165130185817305,0
0.23106992191652756,0
0.4331098753948293,0
0.4479448815263658,0
0.37658179070353326,0
0.37326117383530827,0
0.24394073669631358,0
0.4411994588058894,0
0.0670025210172808,0
0.5249475117779915,0
0.24312732053639438,0
0.2857107499437453,0
0.09622504486493763,0
0.4742711093546134,0
0.579914233415858,0
0.03241018617760821,0
0.12277582113788113,0
0.0,0
0.24394073669631358,0
0.16454149204894927,0
0.7299735284316228,0
0.0,0
0.041996052556580794,0
0.0,0
0.5141774297210524,0
0.4331098753948293,0
0.4418240847776645,0
0.2157556788624372,0
0.0,0
0.11878277418329973,0
0.24394073669631358,0
0.5793502293773249,0
0.21535886649075514,0
0.27681931079833394,0
0.5131092317826543,0
0.2529869572412979,0
0.38781576749626434,0
0.0,0
0.3608269420068351,0
0.2578530315989345,0
0.09267307291425544,0
0.39371384089477723,0
0.08288431134787369,0
0.3751795187331113,0
0.14995146332547785,0
0.4239482704315866,0
0.24991021396484855,0
0.31580781152318527,0
0.5323411387044421,0
0.34500881922731613,0
0.5782289090951782,0
0.6695203599684412,0
0.38676056451778085,0
0.38676056451778085,0
0.4373302643130814,0
0.4376564785041537,0
0.15642980338011042,0
0.2713147909349349,0
0.37636957714197405,0
0.30720162047316235,0
0.4738934879775306,0
0.04462021093434429,0
0.26812628895812546,0
0.0,0
0.0,0
0.7385491615148319,0
0.24493927173784388,0
0.5323411387044421,0
0.26762430597280773,0
0.08797748064706265,0
0.4336706383840143,0
0.2857107499437453,0
0.34132352550698364,0
0.2062571618313475,0
0.2713188771966712,0
0.0,0
0.0,0
0.19667959845934163,0
0.5147152549621304,0
0.2116569951192228,0
0.0871627267280818,0
0.6151813743297211,0
0.2140657467876141,0
0.39047478240646843,0
0.32160082509743476,0
0.09267307291425544,0
0.21569037431383123,0
0.3230593608019432,0
0.44344777996124163,0
0.6692071895961479,0
0.4336706383840143,0
0.2266249754262313,0
0.4746503342194966,0
0.3915290946001246,0
0.4325083346685498,0
0.0,0
0.09622504486493763,0
0.4239482704315866,0
0.39371384089477723,0
0.22654049546097219,0
0.0,0
0.6576551415879534,0
0.20625716183134754,0
0.19667959845934163,0
0.2140657467876141,0
0.0,0
0.7682398717011494,0
0.2713188771966712,0
0.530125586788597,0
0.5249475117779915,0
0.22867095622966754,0
0.4726460926851614,0
0.20177423955031448,0
0.42281516659965873,0
0.20582459619474391,0
0.28569402358533813,0
0.21418532566941076,0
0.0,0
0.0,0
0.22683212493008584,0
0.5177646224890236,0
0.2204824233927867,0
0.0871627267280818,0
0.0,0
0.33424123986361226,0
0.38781576749626434,0
0.4134825805199106,0
0.4473028787997828,0
0.0,0
0.3938371732069755,0
0.15526571023283742,0
0.38954014383596436,0
0.0,0
0.09622504486493763,0
0.39176470526941365,0
0.0,0
0.4419378837567476,0
0.14926997029537242,0
0.2266249754262313,0
0.0,0
0.2713147909349349,0
0.6577560378177467,0
0.39176470526941287,0
0.0,0
0.26762430597280773,0
0.0,0
0.38954014383596436,0
0.1900180657200498,0
0.20832735524660678,0
0.38954014383596436,0
0.5347977960755541,0
0.0,0
0.3061790120426317,0
0.3675415939578411,0
0.2571446641581373,0
0.4331098753948289,0
0.39371384089477723,0
0.2266249754262313,0
0.0846110446557229,0
0.19667959845934163,0
0.09267307291425544,0
0.5277720770862748,0
0.1900180657200498,0
0.280705783164044,0
0.2698567605476381,0
0.4089435913889595,0
0.6151813743297199,0
0.39351077600237455,0
0.38781576749626434,0
0.3422828442883617,0
0.37326117383530827,0
0.4262828356633122,0
0.04462021093434429,0
0.761658582786212,0
0.0,0
0.3936715040066267,0
0.21522388939245915,0
0.2676936040869195,0
0.36529628146187065,0
0.25069463885047377,0
0.6578228680086633,0
0.0,0
0.39176470526941287,0
0.0670025210172808,0
0.0670025210172808,0
0.0,0
0.2268728756521556,0
0.0,0
0.07414721482659126,0
0.21569037431383123,0
0.2199313326030947,0
0.44184673204049807,0
0.4376564785041537,0
0.19685137046663262,0
0.3061790120426317,0
0.33424123986361226,0
0.4373302643130814,0
0.19667959845934163,0
0.3909384126062469,0
0.0,0
0.39047478240646843,0
0.323222559113911,0
0.5782289090951782,0
0.2571446641581373,0
0.0670025210172808,0
0.28569402358533813,0
0.0,0
0.2140657467876141,0
0.2807057831640439,0
0.0,0
0.09267307291425544,0
0.3915290946001238,0
0.09267307291425544,0
0.2140897996171331,0
0.5116474718229224,0
0.09267307291425544,0
0.0,0
0.44397170150432436,0
0.7360637809521606,0
0.22849338811050046,0
0.8889132764189396,0
0.5126487060839615,0
0.5136420944116469,0
0.6577560378177467,0
0.0670025210172808,0
0.26762430597280773,0
0.26491780265746206,0
0.047638495872919115,0
0.5131092317826543,0
0.285179174277432,0
0.34132352550698364,0
0.6695203599684412,0
0.11878277418329974,0
0.4133316487937469,0
0.18957607974832147,0
0.7298424162405682,0
0.5323411387044421,0
0.0670025210172808,0
0.13284920723414054,0
0.4411994588058894,0
0.0,0
0.5277720770862748,0
0.26812628895812535,0
0.37130532861625287,0
0.2713188771966712,0
0.20342167152821655,0
0.44794488152637485,0
0.3221401338265116,0
0.21607995669560157,0
0.26812628895812535,0
0.33123276858017264,0
0.16454149204894927,0
0.4746503342194966,0
0.0,0
0.26491780265746206,0
0.47503117280720925,0
0.5323411387044421,0
0.22683212493008584,0
0.33424123986361226,0
0.25756373443411307,0
0.4269767140025795,0
0.38781576749626434,0
0.11878277418329973,0
0.21569037431383123,0
0.47427110935461325,0
0.44184673204049807,0
0.18957607974832147,0
0.4440137674256269,0
0.41336167812288055,0
0.4376564785041537,0
0.0,0
0.7337802178957971,0
0.4663089851343299,0
0.39371384089477723,0
0.0,0
0.0,0
0.25764029545016204,0
0.23206271216212473,0
0.38781576749626434,0
0.37636957714197405,0
0.35799741016841236,0
0.3938371732069755,0
0.0,0
0.39176470526941287,0
0.16454149204894927,0
0.3915290946001238,0
0.7680518787923662,0
0.5277720770862748,0
0.6694314377889979,0
0.7340001633029628,0
0.39341992984097723,0
0.16420271660384964,0
0.12277582113788113,0
0.441883508349259,0
0.0,0
0.44794488152637485,0
0.3920013403329162,0
0.6577560378177467,0
0.7680518787923662,0
0.4356701195127766,0
0.6576551415879534,0
0.44397170150432436,0
0.2268728756521556,0
0.511322095621396,0
0.5417257735916341,0
0.0846110446557229,0
0.11878277418329973,0
0.22867095622966752,0
0.0670025210172808,0
0.30712051654438377,0
0.3675415939578411,0
0.0,0
0.0670025210172808,0
0.7040564073182204,0
0.4746503342194966,0
0.7298424162405682,0
0.5618676970334171,0
0.5136420944116469,0
0.0,0
0.4955131546079677,0
0.6578228680086633,0
0.3409420490370719,0
0.7340001633029628,0
0.16420271660384964,0
0.7336491343716829,0
0.3817621391088958,0
0.3670720587717151,0
0.37326117383530827,0
0.5136420944116469,0
0.7680518787923662,0
0.3050907850195079,0
0.44397170150432436,0
0.43798524259033755,0
0.0,0
0.0,0
0.0,0
0.25686871734374495,0
0.0,0
0.5572617974080426,0
0.4583828809531566,0
0.5782289090951782,0
0.6577560378177467,0
