0.884627329192512,1
0.8455876161113716,1
0.8647574343866907,1
0.8647574343866907,1
0.8455471429355118,1
0.8455059167703338,1
0.8456273567410618,1
0.7984383970240254,1
0.8456273567410618,1
0.8455876161113716,1
0.8647574343866907,1
0.8647574343866907,1
0.8455471429355118,1
0.8455059167703338,1
0.8456273567410618,1
0.7984383970240254,1
0.8456273567410618,1
0.8270001543965144,1
0.8270001543965144,1
0.8760402219139695,1
0.876050420168028,1
0.8760204081632271,1
0.8267917789451044,1
0.8760204081632271,1
0.8925120772946894,1
0.8270173885147608,1
0.8270349159797008,1
0.8269832063217242,1
0.7805948857464571,1
0.8269832063217242,1
0.8270173885147608,1
0.8270349159797008,1
0.8269832063217242,1
0.7805948857464571,1
0.8269832063217242,1
0.8760608203677114,1
0.8760302197801813,1
0.8268081527626114,1
0.8760302197801813,1
0.8760402219139695,1
0.8268248216038573,1
0.8760402219139695,1
0.8267756923875534,1
0.8760107816711212,1
0.8267756923875534,1
0.9222109533468561,1
0.9212871287128714,1
0.9215139442231076,1
0.8756014850360867,1
0.5830568928191072,1
0.7709449609009943,1
0.786727401377158,1
0.7867384130416116,1
0.7867496778477772,1
0.7867166344163589,1
0.7867496778477772,1
0.7863241770646118,1
0.7354551825754315,1
0.7373029374290619,1
0.6742857142856721,1
0.6744680851063403,1
0.6746543778801412,1
0.674107142857101,1
0.6746543778801412,1
0.6756918474195541,1
0.6113869668778602,1
0.5586008601260718,1
0.5589041631427604,1
0.5592145197179765,1
0.558304372907511,1
0.5592145197179765,1
0.560852906162338,1
0.7376917173302395,1
0.7378932191082888,1
0.7380996962388825,1
0.7374950132135722,1
0.7380996962388825,1
0.7391002068248578,1
0.8366459627328756,1
0.8367346938775068,1
0.8364741641336959,1
0.8367346938775068,1
0.8372803666920885,1
0.8368253968253522,1
0.8365591397849029,1
0.8368253968253522,1
0.8373745173744739,1
0.8366459627328756,1
0.8369181380416885,1
0.8374707259952723,1
0.8366459627328756,1
0.8371882086167375,1
0.8426303854874858,1
0.8095474037796563,1
0.970142500145332,1
0.970142500145332,1
0.7644750464627078,1
0.7644389622728294,1
0.7978070175438599,1
0.9663427354058927,1
0.8836978400459019,1
0.7714035621662557,1
0.9828932601253839,1
0.9254320073643912,1
0.9538901076265459,1
0.8591580951827446,1
0.9006890778332921,1
0.8310899589267883,1
0.7777777777777779,1
0.8888888888888891,1
0.6666666666666667,1
0.6666666666666667,1
0.8888888888888891,1
0.7777777777777779,1
0.6046970008933591,1
0.6712951564161935,1
0.6713028886295461,1
0.8429670667897666,1
0.75,1
0.75,1
0.7,1
0.7,1
0.75,1
0.75,1
0.9678887533303127,1
0.9997513522897887,1
0.9411764705882353,1
0.7657827739010783,1
0.6742881753414119,1
0.6742881753414119,1
0.6028806584362141,1
0.800872093023256,1
0.800872093023256,1
0.6745805277567902,1
0.6033755274261605,1
0.6031250000000001,1
0.6026422764227644,1
0.6444358916556,1
0.6444358916556,1
0.6683845659325871,1
0.5748025903643236,1
0.5748025903643236,1
0.6447371578018618,1
0.6683754782357337,1
0.6683800788822658,1
0.6683889435426569,1
0.7548022598870057,1
0.676668763381577,1
0.6742163694850031,1
0.6742163694850031,1
0.7559322033898304,1
0.6773406827085374,1
0.6768631789201096,1
0.6763469991968354,1
0.6748813541552231,1
0.6734585265950678,1
0.6734585265950678,1
0.7551724137931034,1
0.6755099466295604,1
0.675191028388904,1
0.6745805277567902,1
0.6036897656079242,1
0.6036897656079242,1
0.6769998540644271,1
0.8019230769230771,1
0.8016738744520098,1
0.8015432098765434,1
0.800925925925926,1
0.6744919487177068,1
0.6041802820482759,1
0.6038296171010362,1
0.6034530629070569,1
0.6744919487177068,1
0.6041802820482759,1
0.6038296171010362,1
0.6034530629070569,1
0.6776916853420242,1
0.677201997635627,1
0.676668763381577,1
0.8019338019269537,1
0.8017932489451478,1
0.801548784354693,1
0.7999999999999999,1
1.0,1
0.8412732092399611,1
0.9999999999999999,1
0.9555330859059091,1
0.9405399431259602,1
0.8987170342729169,1
0,1
0.5039526306789696,1
0.8512043823968324,1
0.9737662337662336,1
0.9603116348106804,1
0.9444270015698586,1
1.0000000000000002,1
0.8819171036881966,1
0.8819171036881965,1
0.6299407883487119,1
0.8888888888888891,1
0.9999999999999998,1
0.9999999999999998,1
0.9999999999999998,1
0.9999999999999998,1
0.9999999999999998,1
0.9999999999999998,1
0.9999999999999998,1
0.9999999999999998,1
0.9999999999999998,1
0.9999999999999998,1
0.9999999999999998,1
0.9696040230368845,1
0.9999999999999998,1
1.0,1
0.9634057902536165,1
1.0000000000000002,1
0.9428090415820635,1
0.8811349693251532,1
0.8249579113843054,1
0.8249579113843055,1
0.8888888888888891,1
0.9428090415820634,1
1.0000000000000002,1
1.0000000000000002,1
0.7171371656006361,1
0.8653475818922411,1
0.8391910220604109,1
0.6714580801388477,1
0.7150618783634192,1
0.7906061115355203,1
0.6917395529640428,1
0.7857299930453375,1
0.7999999999999999,1
0.8412732092399611,1
0.8749999999999999,1
0.8944271909999159,1
0.8944271909999157,1
0.7826237921249264,1
0.7826237921249264,1
0.7826237921249264,1
0.8944271909999159,1
0.9999999999999999,1
0.8999999999999999,1
0.8999999999999999,1
1.0000000000000002,1
0.9999999999999998,1
0.9999999999999998,1
0.9999999999999998,1
0.9999999999999998,1
0.9999999999999998,1
0.9999999999999998,1
0.9999999999999998,1
0.9999999999999998,1
0.9999999999999998,1
0.9999999999999997,1
0.8961156278229448,1
0.85106449634699,1
0.6922443782381184,1
0.8411026743511638,1
0.9999999999999929,1
0.85774297381285,1
1.0000000000002125,1
0.8567083772582902,1
0.9354143466934851,1
0.6299407883487121,1
0.7071067811865475,1
0.8513369415170824,1
0.9999999999999998,1
1.0,1
0.9052631578947369,1
0.9044502617801047,1
0.9044502617801047,1
0.8784965032936509,1
0.8767241379310344,1
1.0000000000000002,1
0.9999999999999998,1
0.8121104527118915,1
0.7360750551574982,1
0.7331944263888451,1
0.9750887738774475,1
0.8489320823697432,1
0.9212291072156528,1
0.7984609070387836,1
0.8772371364654382,1
0.8931943713177503,1
0.7670339800438296,1
0.8703326111890678,1
0.8931943713177503,1
0.7670224787104023,1
0.8489320823697432,1
0.9166639568913427,1
0.7869951920278436,1
0.7670224787104023,1
0.8931300211509876,1
0.9750945257190852,1
0.7869830722616692,1
0.9166209306689151,1
0.8466086375479052,1
0.9999999999999853,1
0.9999999999999853,1
0.8466086375479052,1
0.7352684794094071,1
0.5776776703260709,1
0.530042945256024,1
0.6055684108966882,1
0.5560035888355555,1
0.923182631969252,1
0.8466086375479052,1
0.8466086375479052,1
1.0000000000000324,1
0.7216878364870323,1
0.9999999999999998,1
0.8660254037844387,1
0.8749999999999998,1
0.7216878364870323,1
0.7488372093024597,1
0.671600596637129,1
0.7488372093024597,1
0.6715964466191121,1
0.7488439306359714,1
0.74883040935686,1
0.7488372093024597,1
0.748571428572677,1
0.7485632183920602,1
0.6999226099369467,1
0.616219881077057,1
0.7216878364870323,1
0.8986928104575046,1
0.8987012987012871,1
0.7832488355737705,1
0.8725806451611818,1
0.7832443709777073,1
0.8725999999998924,1
0.8725609756096467,1
0.8725806451611818,1
0.8720472440958262,1
0.8720238095251582,1
0.7869825272936939,1
0.6942512018753458,1
0.8982247740574937,1
0.8987096774193434,1
0.7832443709777073,1
0.7832533648741243,1
0.7832488355737705,1
0.7720903924572303,1
0.7720156874950481,1
0.7039045041686041,1
0.8324696456182427,1
0.7832443709777073,1
0.8725999999998924,1
0.8725609756096467,1
0.8725806451611818,1
0.8720472440958262,1
0.8720238095251582,1
0.7869825272936939,1
0.6942512018753458,1
0.8981709076311452,1
0.7832488355737705,1
0.7832443709777073,1
0.7721640525947667,1
0.7720903924572303,1
0.7040032553733208,1
0.8325421583504126,1
0.7216878364870323,1
0.8333333333333336,1
0.8660254037844387,1
1.0000000000000002,1
0.8725806451611818,1
0.8725999999998924,1
0.8720703125013276,1
0.8720472440958262,1
0.7871069071125476,1
0.6943471390343847,1
0.8888888888888891,1
0.888888888888889,1
0.8888888888888891,1
0.8888888888888891,1
0.8888888888888891,1
0.8888888888888891,1
1.0000000000000002,1
0.8888888888888891,1
0.888888888888889,1
0.8888888888888891,1
0.8888888888888891,1
0.8888888888888891,1
0.8888888888888891,1
0.8986928104575046,1
0.9999999999999997,1
0.8725609756096467,1
0.8720238095251582,1
0.8720000000013595,1
0.7868560213240907,1
0.6941538111229882,1
0.8720472440958262,1
0.8720238095251582,1
0.7931714827460271,1
0.7011148930787445,1
0.9389710680668849,1
1.0,1
0.9389710680668849,1
0.9411764705882353,1
1.0,1
0.9411764705882353,1
0.9000000000000921,1
0.9389710680668849,1
1.0000000000000004,1
0.9411764705882353,1
1.0,1
0.8746124031007521,1
0.7837409425046826,1
0.6866505517506915,1
0.8888888888888891,1
0.8888888888888891,1
0.8888888888888891,1
0.8888888888888891,1
0.8888888888888891,1
0.8888888888888891,1
1.0000000000000002,1
0.8888888888888891,1
0.8888888888888891,1
0.8888888888888891,1
0.8888888888888891,1
0.8888888888888891,1
0.8888888888888891,1
0.8888888888888891,1
0.888888888888889,1
0.8888888888888891,1
0.888888888888889,1
0.8888888888888891,1
1.0000000000000002,1
0.8888888888888891,1
0.8888888888888891,1
0.888888888888889,1
0.8888888888888891,1
0.8888888888888891,1
0.8888888888888891,1
0.8888888888888891,1
0.8888888888888891,1
0.8888888888888891,1
0.8888888888888891,1
1.0000000000000002,1
0.8888888888888891,1
0.8888888888888891,1
0.8888888888888891,1
0.7835905859777444,1
0.6864990241252408,1
0.9999999999999853,1
0.8466086375479052,1
0.8888888888888891,1
0.8888888888888891,1
0.8888888888888891,1
0.8888888888888891,1
0.8888888888888891,1
0.8888888888888891,1
1.0000000000000002,1
0.8888888888888891,1
0.8888888888888891,1
0.8888888888888891,1
0.8888888888888891,1
0.8888888888888891,1
0.888888888888889,1
0.8888888888888891,1
0.8888888888888891,1
1.0000000000000002,1
0.8888888888888891,1
0.8888888888888891,1
0.8888888888888891,1
0.8888888888888891,1
0.8888888888888891,1
0.8888888888888891,1
0.8888888888888891,1
1.0000000000000002,1
0.9999999999999998,1
0.7144345083117603,1
0.8199808230620084,1
0.8273722850203842,1
1.0000000000000002,1
0.7144345083117603,1
0.8749999999999999,1
0.7216878364870323,1
0.7144345083117603,1
0.9999999999999998,1
0.8944271909999157,1
0.9999999999999998,1
0.8944271909999157,1
0.8772779043281341,1
0.7984609070387836,1
0.9750964790896178,1
0.8489674589060566,1
0.9211776859504116,1
0.8489794746332405,1
0.975100441508703,1
0.8944271909999157,1
0.9999999999999998,1
0.7670224787104023,1
0.8931516730894513,1
0.8865660366138729,1
0.939336436627724,1
0.8703607914135025,1
0.8693470879881287,1
0.9354143466934854,1
0.8181818181818183,1
0.6846846846846848,1
0.8694029146134008,1
0.8199808230620084,1
0.8749999999999999,1
0.8273722850203842,1
0.7216878364870323,1
0.9031055900621395,1
0.93917112299467,1
0.7559289460184543,1
0.8698665336597751,1
0.8835413969016799,1
0.9628815615163147,1
0.9999999999999999,1
0.805128205128205,1
0.978908004689816,1
1.00000000000002,1
0.8954016787540361,1
0.9534625892455926,1
1.0000000000000653,1
0.9999999999999998,1
0.8660254037844387,1
0.8749999999999998,1
0.7216878364870323,1
0.7216878364870323,1
0.8333333333333336,1
0.8660254037844387,1
0.8888888888888891,1
0.888888888888889,1
0.8888888888888891,1
0.8888888888888891,1
0.8888888888888891,1
0.8888888888888891,1
0.9389710680668849,1
0.9411764705882353,1
0.8888888888888891,1
0.8888888888888891,1
0.8888888888888891,1
0.8888888888888891,1
0.8888888888888891,1
0.8888888888888891,1
0.8888888888888891,1
0.888888888888889,1
0.8888888888888891,1
0.8888888888888891,1
0.8888888888888891,1
0.8888888888888891,1
0.8888888888888891,1
0.8888888888888891,1
0.8888888888888891,1
0.7144345083117603,1
0.8944271909999157,1
0.9354143466934854,1
0.8625483276101613,1
0.9881016602832223,1
0.8438405797101447,1
0.8696461824953443,1
0.8696296296296294,1
0.8696629213483144,1
0.8696461824953443,1
0.8696296296296294,1
0.8696132596685081,1
0.8438405797101447,1
0.8439639639639638,1
0.8437158469945354,1
0.8438405797101447,1
0.8439639639639638,1
0.8440860215053761,1
0.8696296296296294,1
0.8696629213483144,1
0.8696461824953443,1
0.8696296296296294,1
0.8696132596685081,1
0.8696461824953443,1
0.8696296296296294,1
0.8696132596685081,1
0.8695970695970694,1
0.8696629213483144,1
0.8696461824953443,1
0.8696296296296294,1
0.8696296296296294,1
0.8696132596685081,1
0.8695970695970694,1
0.9999999999999932,1
0.9899813399269023,1
0.8596310841141073,1
0.8780040718411257,1
0.897303170096942,1
1.0000000000000036,1
0.9577807786907835,1
0.8946559313084265,1
0.894766123848908,1
0.9555484174835827,1
0.8923253986046368,1
0.894876086101932,1
0.9326198894149283,1
0.9326862084213837,1
1.0000000000001206,1
0.7872374899151731,1
0.7872374899151731,1
0.784067838398607,1
0.7856411799122647,1
0.7856411799122647,1
0.7794807722954077,1
0.8991228070173601,1
0.8965517241377504,1
0.8978260869563396,1
0.8978260869563396,1
0.8928571428569668,1
0.8965517241377504,1
0.8978260869563396,1
0.8978260869563396,1
0.8928571428569668,1
0.8952991452989663,1
0.8952991452989663,1
0.8904958677684219,1
0.8965517241377504,1
0.8916666666664921,1
0.8916666666664921,1
0.8489001458209753,1
0.942905602901032,1
0.3208552801575896,1
0.3231706302830431,1
0.31858750571964534,1
0.3208552801575896,1
0.3208552801575896,1
0.31636585550755764,1
0.31858750571964534,1
0.3141889365077938,1
0.6531558782011698,1
0.6503055391286422,1
0.6517145135565394,1
0.6517145135565394,1
0.6489278752435871,1
0.6503055391286422,1
0.6475804896856759,1
0.6517145135565394,1
0.6531558782011698,1
0.6531558782011698,1
0.6503055391286422,1
0.6517145135565394,1
0.6489278752435871,1
0.6503055391286422,1
0.6503055391286422,1
0.6475804896856759,1
0.6489278752435871,1
0.6462623951181543,1
0.978492109580163,1
0.6517145135565394,1
0.6489278752435871,1
0.6503055391286422,1
0.6475804896856759,1
0.6489278752435871,1
0.6503055391286422,1
0.6475804896856759,1
0.6475804896856759,1
0.6449726466703644,1
0.6462623951181543,1
0.9524922202542723,1
0.8117136406805227,1
0.9056174046039809,1
0.9324419422941589,1
0.9029487630268282,1
0.8420273199909191,1
1.0,1
0.9479996277763766,1
0.9857900926577148,1
0.8470404984423674,1
0.8692063492063491,1
0.8691943127962083,1
0.869218500797448,1
0.8692063492063491,1
0.8691943127962083,1
0.8691823899371067,1
0.8471317829457362,1
0.8472222222222221,1
0.8470404984423674,1
0.8471317829457362,1
0.8472222222222221,1
0.847311827956989,1
0.8691823899371067,1
0.8692063492063491,1
0.8691943127962083,1
0.8691823899371067,1
0.8691705790297338,1
0.8691943127962083,1
0.8691823899371067,1
0.8691705790297338,1
0.8691588785046728,1
0.8692063492063491,1
0.8691943127962083,1
0.8691823899371067,1
0.8691823899371067,1
0.8691705790297338,1
0.8691588785046728,1
0.8853448167388653,1
0.9063065421250286,1
0.9068247404450348,1
0.9065670727721036,1
0.9060431005210031,1
0.9063065421250286,1
0.9065670727721036,1
0.9130434782608697,1
0.9130650769995033,1
0.913108990457057,1
0.9130869130869133,1
0.9130650769995033,1
0.9130221130221131,1
0.9130650769995033,1
0.9130434782608697,1
0.9130221130221131,1
0.9130869130869133,1
0.9130650769995033,1
0.9130434782608697,1
0.913108990457057,1
0.9130869130869133,1
0.9130650769995033,1
0.8311433519154664,1
0.8315458639961129,1
0.8313456453580593,1
0.8309389512495131,1
0.8311433519154664,1
0.8313456453580593,1
0.9131767109295201,1
0.913199794555727,1
0.9132467532467534,1
0.9132231404958678,1
0.913199794555727,1
0.9131538852209246,1
0.913199794555727,1
0.9131767109295201,1
0.9131538852209246,1
0.9132231404958678,1
0.913199794555727,1
0.9131767109295201,1
0.9132467532467534,1
0.9132231404958678,1
0.913199794555727,1
0.8558659217877095,1
0.865921787709497,1
0.856111111111111,1
0.8556179775280898,1
0.8558659217877095,1
0.856111111111111,1
0.88,1
0.9046783625730993,1
0.9047337278106508,1
0.904705882352941,1
0.9046783625730993,1
0.8801169590643273,1
0.8798816568047336,1
0.88,1
0.8801169590643273,1
0.904705882352941,1
0.9046783625730993,1
0.9046511627906977,1
0.9047337278106508,1
0.904705882352941,1
0.9046783625730993,1
0.8543352601156068,1
0.8548571428571429,1
0.8545977011494252,1
0.8540697674418604,1
0.8543352601156068,1
0.8545977011494252,1
0.9048192771084337,1
0.9048484848484848,1
0.9049079754601227,1
0.9048780487804877,1
0.9048484848484848,1
0.9047904191616766,1
0.9048484848484848,1
0.9048192771084337,1
0.9047904191616766,1
0.9048780487804877,1
0.9048484848484848,1
0.9048192771084337,1
0.9049079754601227,1
0.9048780487804877,1
0.9048484848484848,1
0.9475933423301847,1
0.9476061427280941,1
0.9475806451612906,1
0.9475680499776887,1
0.9475933423301847,1
0.9475933423301847,1
0.9475555555555558,1
0.9476190476190478,1
0.9475933423301847,1
0.9475806451612906,1
0.9476061427280941,1
0.9476061427280941,1
0.9475680499776887,1
0.9476061427280941,1
0.9475933423301847,1
0.9476190476190478,1
0.9476190476190478,1
0.9475806451612906,1
0.9475680499776887,1
0.9475933423301847,1
0.9475933423301847,1
0.9475555555555558,1
0.9475806451612906,1
0.9475806451612906,1
0.9475431606905712,1
0.9476061427280941,1
0.9475680499776887,1
0.9475680499776887,1
0.8343837292539171,1
0.8343837292539171,1
0.8348191811932346,1
0.8346025717670099,1
0.834162618942761,1
0.8343837292539171,1
0.8346025717670099,1
0.967919299932834,1
0.8346025717670099,1
0.8343837292539171,1
0.834162618942761,1
0.8346025717670099,1
0.8348191811932346,1
0.8343837292539171,1
0.8343837292539171,1
0.9270015698586852,1
0.9269619269618998,1
0.9269816477938032,1
0.9270216962524379,1
0.9270015698586852,1
0.9269816477938032,1
0.8791208791208526,1
0.9269816477938032,1
0.9270015698586852,1
0.9270216962524379,1
0.9269816477938032,1
0.9269619269618998,1
0.9270015698586852,1
0.9999999999999726,1
0.9269619269618998,1
0.9269816477938032,1
0.9270216962524379,1
0.9270015698586852,1
0.9269816477938032,1
0.8791208791208526,1
0.9269816477938032,1
0.9270015698586852,1
0.9270216962524379,1
0.9269816477938032,1
0.9269619269618998,1
0.9999999999999726,1
0.9270015698586852,1
0.926942404329312,1
0.9269816477938032,1
0.9269619269618998,1
0.926942404329312,1
0.8795497185740826,1
0.926942404329312,1
0.9269619269618998,1
0.9269816477938032,1
0.926942404329312,1
0.9999999999999731,1
0.9269619269618998,1
0.9269619269618998,1
0.9270015698586852,1
0.9269816477938032,1
0.9269619269618998,1
0.8793363499245589,1
0.9269619269618998,1
0.9269816477938032,1
0.9270015698586852,1
0.9999999999999729,1
0.926942404329312,1
0.9269816477938032,1
0.9269816477938032,1
0.9270216962524379,1
0.9270015698586852,1
0.8789032749428524,1
0.9270015698586852,1
0.9270216962524379,1
0.9999999999999724,1
0.9270015698586852,1
0.9269816477938032,1
0.9270216962524379,1
0.9270216962524379,1
0.9269816477938032,1
0.8791208791208526,1
0.9269816477938032,1
0.9999999999999726,1
0.9270216962524379,1
0.9269816477938032,1
0.9269619269618998,1
0.9270015698586852,1
0.9270015698586852,1
0.8793363499245589,1
0.9999999999999729,1
0.9269816477938032,1
0.9270015698586852,1
0.9269619269618998,1
0.926942404329312,1
0.9269816477938032,1
0.9269816477938032,1
0.8793363499245589,1
0.8791208791208526,1
0.8789032749428524,1
0.8793363499245589,1
0.8795497185740826,1
0.8791208791208526,1
0.8791208791208526,1
0.9269816477938032,1
0.9270015698586852,1
0.9269619269618998,1
0.926942404329312,1
0.9269816477938032,1
0.9269816477938032,1
0.9270216962524379,1
0.9269816477938032,1
0.9269619269618998,1
0.9270015698586852,1
0.9270015698586852,1
0.9270015698586852,1
0.9269816477938032,1
0.9270216962524379,1
0.9270216962524379,1
0.926942404329312,1
0.9269816477938032,1
0.9269816477938032,1
0.9269619269618998,1
0.9269619269618998,1
0.9270015698586852,1
0.8816568047337208,1
0.8812275807094387,1
0.881443298969065,1
0.8816568047337208,1
0.8818681318681247,1
0.881443298969065,1
0.8645235361653203,1
0.8906249999999928,1
0.9263502454991815,1
0.9263329263329261,1
0.9263157894736841,1
0.9262988320579942,1
0.9263329263329261,1
0.8767660910518051,1
0.904154668860551,1
0.9263677498971615,1
0.9263502454991815,1
0.9263329263329261,1
0.9263677498971615,1
0.8762886597938143,1
0.9039501039501038,1
0.9263329263329261,1
0.9263157894736841,1
0.9263502454991815,1
0.8765285996055225,1
0.9040529363110007,1
0.9262988320579942,1
0.9263329263329261,1
0.8767660910518051,1
0.904154668860551,1
0.9263157894736841,1
0.877001171417415,1
0.904255319148936,1
0.8765285996055225,1
0.9040529363110007,1
0.8856117975288958,1
1.0,1
1.0000000000002995,1
0.9999999999999994,1
0.8527031096916999,1
0.9999999999999999,1
0.8865239498086263,1
0.7714934035276866,1
0.8208360981024924,1
0.7714844624465302,1
0.8208360981024924,1
0.7714844624465302,1
0.8208168641900238,1
0.7714934035276866,1
0.9999999998971346,1
0.8208168641900238,1
0.7714934035276866,1
0.8208360981024924,1
0.7714844624465302,1
0.8208360981024924,1
0.8208168641900238,1
0.7714934035276866,1
0.7560946519374215,1
0.7561019511488849,1
0.7561019511488849,1
0.7560946519374215,1
0.8770153730783652,1
0.7772264531517132,1
0.810569705918543,1
0.8106227106227106,1
0.8410852709805284,1
0.838178294573617,1
0.9999999996846968,1
0.8410852709805284,1
0.9690477709692583,1
0.9907407407405764,1
0.9184496124030853,1
0.9352750808232714,1
0.9093021768919743,1
0.9257142857141167,1
0.8513556618819618,1
0.9352845527622466,1
0.9092855780441452,1
0.925677830940819,1
0.8506610353848265,1
0.9352845527622466,1
0.9092855780441452,1
0.925677830940819,1
0.8506610353848265,1
0.9352750808232714,1
0.9093021768919743,1
0.9257142857141167,1
0.8513556618819618,1
0.9649156715722357,1
0.8398224941607548,1
0.9093021768919746,1
0.9464110127826956,1
0.9050371571865287,1
0.776521242254913,1
0.9092855780441453,1
0.9464197530864211,1
0.9050013865381783,1
0.7757628320678472,1
0.9092855780441453,1
0.9464197530864211,1
0.9050013865381783,1
0.7757628320678472,1
0.9093021768919746,1
0.9464110127826956,1
0.9050371571865287,1
0.776521242254913,1
0.9187214611871996,1
0.9257142857141167,1
0.9050371571865289,1
0.9306828452912024,1
0.8516431924882474,1
0.925677830940819,1
0.9050013865381786,1
0.9306704016853709,1
0.8509630284278802,1
0.925677830940819,1
0.9050013865381786,1
0.9306704016853709,1
0.8509630284278802,1
0.9257142857141167,1
0.9050371571865289,1
0.9306828452912024,1
0.8516431924882474,1
0.8513556618819618,1
0.7765212422549131,1
0.8516431924882474,1
0.9352201257861534,1
0.8512820512820354,1
0.7764541158189942,1
0.8515723270440096,1
0.93461688164321,1
0.8512820512820354,1
0.7764541158189942,1
0.8515723270440096,1
0.93461688164321,1
0.8513556618819618,1
0.7765212422549131,1
0.8516431924882474,1
0.9352201257861534,1
0.7714844624465304,1
0.8221059516023321,1
0.7714844624465304,1
0.8221059516023321,1
0.7714934035276867,1
0.8220779220778999,1
0.7714934035276867,1
0.9500414741620882,1
0.9999999999999777,1
0.7714844624465304,1
0.8221059516023321,1
0.7714844624465304,1
0.7714934035276867,1
0.8220779220778999,1
0.7561019511488849,1
0.7561019511488849,1
0.7560946519374215,1
0.7772264531517132,1
0.810569705918543,1
0.8106227106227106,1
0.838178294573617,1
0.8410852709805284,1
0.9999999996626989,1
0.9681879868295156,1
0.9904761904760214,1
0.9161084529505423,1
0.9352845527622466,1
0.9092855780441452,1
0.925677830940819,1
0.8506610353848265,1
0.9352845527622466,1
0.9092855780441452,1
0.925677830940819,1
0.8506610353848265,1
0.9352750808232714,1
0.9093021768919743,1
0.9257142857141167,1
0.8513556618819618,1
0.9639588262514784,1
0.8354340693432414,1
0.9092855780441453,1
0.9464197530864211,1
0.9050013865381783,1
0.7757628320678472,1
0.9092855780441453,1
0.9464197530864211,1
0.9050013865381783,1
0.7757628320678472,1
0.9093021768919746,1
0.9464110127826956,1
0.9050371571865287,1
0.776521242254913,1
0.8734105210241075,1
0.9164319248826136,1
0.925677830940819,1
0.9050013865381786,1
0.93521126752548,1
0.8509630284278802,1
0.925677830940819,1
0.9050013865381786,1
0.93521126752548,1
0.8509630284278802,1
0.9257142857141167,1
0.9050371571865289,1
0.9352024921320587,1
0.8516431924882474,1
0.8512820512820354,1
0.7764541158189942,1
0.8515723270440096,1
0.93461688164321,1
0.8512820512820354,1
0.7764541158189942,1
0.8515723270440096,1
0.93461688164321,1
0.8513556618819618,1
0.7765212422549131,1
0.8516431924882474,1
0.9352201257861534,1
0.9499757226236446,1
0.8208556148666151,1
0.7714753908386416,1
0.8208360981024924,1
0.7714844624465302,1
0.8208360981024924,1
0.8208360981024924,1
0.7714844624465302,1
0.9999999998933528,1
0.9499757226236446,1
0.8208556148666151,1
0.8208360981024924,1
0.7714844624465302,1
0.7714753908386416,1
0.8221343873517561,1
0.7714844624465304,1
0.8221059516023321,1
0.7714844624465304,1
0.7714844624465304,1
0.8221059516023321,1
0.9499757226236446,1
0.9999999999999774,1
0.7714753908386416,1
0.7714844624465304,1
0.8221059516023321,1
0.7561093402521151,1
0.7561019511488849,1
0.9031404385877835,1
0.8471178470448589,1
0.9681362017426859,1
0.9903846153844447,1
0.9153180130114843,1
0.9352941175633688,1
0.9092688240668969,1
0.9256410256408552,1
0.8505837134945761,1
0.9352845527622466,1
0.9092855780441452,1
0.925677830940819,1
0.8512820512820354,1
0.9638691917113975,1
0.8345867999721629,1
0.909268824066897,1
0.9464285714285728,1
0.9049652877187421,1
0.7756919013156933,1
0.9092855780441453,1
0.9464197530864211,1
0.9050013865381783,1
0.776454115818994,1
0.9156595356716141,1
0.9256410256408552,1
0.9049652877187423,1
0.9352201257056316,1
0.8508886036021038,1
0.925677830940819,1
0.9050013865381786,1
0.93521126752548,1
0.8515723270440096,1
0.850583713494576,1
0.7756919013156935,1
0.8508886036021037,1
0.9352380952380851,1
0.8506610353848264,1
0.7757628320678474,1
0.8509630284278801,1
0.93461688164321,1
0.9499757226236448,1
0.8208360981024924,1
0.7714844624465302,1
0.8208360981024924,1
0.8208360981024924,1
0.7714844624465302,1
0.8208556148666151,1
0.7714753908386416,1
0.9999999998933528,1
0.8208360981024924,1
0.7714844624465302,1
0.7561019511488849,1
0.7714844624465304,1
0.8221059516023321,1
0.7714844624465304,1
0.7714844624465304,1
0.8221059516023321,1
0.7714753908386416,1
0.8221343873517561,1
0.9499757226236448,1
0.7714844624465304,1
0.8221059516023321,1
0.8775853775853777,1
0.9681362017426857,1
0.9903846153844447,1
0.9153180130114843,1
0.9352845527622466,1
0.9092855780441452,1
0.925677830940819,1
0.8512820512820354,1
0.9638691917113975,1
0.8345867999721628,1
0.9092855780441453,1
0.9464197530864211,1
0.9050013865381783,1
0.776454115818994,1
0.9156595356716141,1
0.925677830940819,1
0.9050013865381786,1
0.93521126752548,1
0.8515723270440096,1
0.8506610353848264,1
0.7757628320678474,1
0.8509630284278801,1
0.93461688164321,1
0.9500414741620882,1
0.8208168641900238,1
0.8208168641900238,1
0.7714934035276866,1
0.8208360981024924,1
0.7714844624465302,1
0.8208360981024924,1
0.9999999998948984,1
0.9500414741620882,1
0.7714934035276867,1
0.7714934035276867,1
0.8220779220778999,1
0.7714844624465304,1
0.8221059516023321,1
0.7714844624465304,1
0.9500414741620882,1
0.9999999999999777,1
0.838178294573617,1
0.838178294573617,1
0.9681879868295156,1
0.9904761904760214,1
0.9161084529505423,1
0.9639588262514784,1
0.8354340693432414,1
0.9164319248826136,1
1.0,1
1.0,1
1.0,1
1.0,1
1.0,1
1.0,1
0.8208168641900238,1
0.7714934035276866,1
0.8208360981024924,1
0.7714844624465302,1
0.8208360981024924,1
0.8208168641900238,1
0.7714934035276866,1
0.8410852709805284,1
0.9500414741620882,1
0.8208360981024924,1
0.7714844624465302,1
0.8208360981024924,1
0.8208168641900238,1
0.7714934035276866,1
0.7714844624465304,1
0.8221059516023321,1
0.7714844624465304,1
0.7714934035276867,1
0.8220779220778999,1
0.9499757226236446,1
0.8208556148666151,1
0.8208360981024924,1
0.7714844624465302,1
0.7714753908386416,1
0.7714844624465304,1
0.8221059516023321,1
0.8208360981024924,1
0.7714844624465302,1
0.9500414741620882,1
1.0000000000000004,1
0,0
0.12952701306672668,0
0.311300236091455,0
0.18083634839098225,0
0.0,0
0.12499999999999997,0
0.0,0
0.0,0
0.0,0
0.0,0
0.1666666666666667,0
0.16111664855507712,0
0,0
0.0,0
0.4999999999999999,0
0.4739426589070852,0
0.0,0
0.13608276348795434,0
0.23466456088968982,0
0.0,0
0.0,0
0.0,0
0.0,0
0.0,0
0.04778459106084404,0
0.0,0
0.0,0
0,0
0.3962812027466814,0
0.5156898270527104,0
0.0,0
0.3210289415620512,0
0.57242793973558,0
0.2662977168700618,0
0.5014091568675894,0
0.0,0
0.0,0
0,0
0.0,0
0.0,0
0.0,0
0.21821789023599245,0
0.15811388300841894,0
0.14776544021860258,0
0.0,0
0.0,0
0.0,0
0.08894991799933215,0
0.0,0
0,0
0.06713458413360716,0
0.23430801786181393,0
0.6725348710436762,0
0.05270462766947299,0
0.0,0
0,0
0.0,0
0,0
0,0
0.1259881576697424,0
0.0,0
0.0,0
0.0,0
0.0,0
0,0
0,0
0.8402260008782708,0
0.08451542547285165,0
0.0,0
0.1260949958115253,0
0.47140452079103157,0
0.12609499581152533,0
0,0
0,0
0.3017503999993548,0
0.1259881576697424,0
0.0,0
0.06926994307796677,0
0.06761234037828133,0
0.059109487588900916,0
0,0
0.0,0
0.29523143914825317,0
0.16408985235800297,0
0.4999999999999999,0
0.0517335941051428,0
0.26943012562182533,0
0.6110330765493805,0
0.7723075603283782,0
0.2893078763547282,0
0.0,0
0.05370006936024493,0
0.4650788823893188,0
0.0,0
0.16788258807056386,0
0.6666666666666667,0
0.1025978352085154,0
0.29199513108244673,0
0.0,0
0.0,0
0,0
0.12964074471043288,0
0.06804138174397717,0
0.9450975287590533,0
0.0,0
0.27197559540901567,0
0,0
0.0,0
0.0,0
0.0,0
0.07453559924999298,0
0.0,0
0.42426406871192845,0
0.7737402415053075,0
0.008412831521926515,0
0.06900655593423542,0
0,0
0.25503068522533534,0
0.11055415967851334,0
0.0,0
0.0,0
0.0,0
0.06060915267313263,0
0.21693045781865616,0
0.6999070909207029,0
0.1720618004029213,0
0.7723198015525126,0
0.7378647873726218,0
0.10331164239593453,0
0.08990257251058159,0
0.08690724993137477,0
0.15743969135169883,0
0.7799354480532391,0
0,0
0.258059966791444,0
0.0,0
0.0,0
0.0,0
0.5345224838248487,0
0.7193961372430283,0
0.08247860988423225,0
0.0,0
0.0,0
0.0,0
0.0,0
0.408248290463863,0
0,0
0.0,0
0.577350269189626,0
0.0037413056954104153,0
0.3666793988112845,0
0.1402459982312722,0
0.1414213562373095,0
0.3259668508287293,0
0.0,0
0.0,0
0.0,0
0.7736148681326351,0
0.7378647873726218,0
0.0,0
0.0,0
0.12346153846153844,0
0,0
0,0
0.0,0
0.05915310262145481,0
0.0,0
0.0,0
0.05268864483416366,0
0.0,0
0.0,0
0.7378647873726218,0
0.02354062971085088,0
0.24440298507462682,0
0.0,0
0.0,0
0.0,0
0.0,0
0.8647541628206341,0
0.2549210109877039,0
0.0,0
0.0,0
0.0,0
0.40324547399184774,0
0.0,0
0.0360135152612207,0
0.0,0
0.5012097447314877,0
0.10199326188657439,0
0.0,0
0.0,0
0.7378647873726218,0
0.0,0
0.0,0
0.0,0
0.25724787771376323,0
0.0,0
0.0,0
0.2302016792042928,0
0,0
0.08838834764831843,0
0.0,0
0,0
0.07453559924999299,0
0.05850581131719161,0
0.0,0
0,0
0.443733823737518,0
0.3116220944296608,0
0.0,0
0.0,0
0.26943012562182533,0
0.3286623661541692,0
0.07778861632895234,0
0.29211869733608853,0
0.0,0
0.0,0
0.5892556509887895,0
0,0
0.0,0
0.0,0
0.05063696835418333,0
0.6005443567463211,0
0.09999999999999999,0
0.32017291895293565,0
0.6688822118777416,0
0.6248468216905776,0
0.22941573387056174,0
0.0,0
0.0,0
0.0,0
0,0
0.042257712736425826,0
0,0
0,0
0.0,0
0.3116243843872716,0
0.0,0
0.0,0
0.0,0
0.07617550741785384,0
0.8095808383233533,0
0.0,0
0,0
0.11262051137359931,0
0.5892556509887895,0
0,0
0,0
0.11952286093343936,0
0.0,0
0.2467026848422379,0
0.0,0
0.03489138950022019,0
0.0,0
0.0,0
0.30618621784789724,0
0.0,0
0.10540925533894598,0
0.4949597696344645,0
0.2785007619076976,0
0.0,0
0.1178511301977579,0
0.09599516524679912,0
0.4714045207910316,0
0,0
0.0,0
0.11039647369061192,0
0.11101335131256375,0
0.0,0
0.0,0
0.031512674583162724,0
0.0,0
0.0,0
0,0
0.07787611974767475,0
0.0,0
0,0
0.0,0
0.0,0
0.0,0
0.3067859955389482,0
0.8167869990236367,0
0.09169285039810458,0
0.0,0
0.3428737049161069,0
0.3349703353039158,0
0.0,0
0.6123724356957945,0
0.19802950859533489,0
0.0,0
0.2603778219616477,0
0.0,0
0,0
0.0,0
0.0,0
0.4662096600401069,0
0.0,0
0,0
0.14907119849998596,0
0.14547859349066158,0
0.21651537313361885,0
0.11805359331841002,0
0.0,0
0.3416262535422959,0
0.657793514480272,0
0.0,0
0.0,0
0.059149728182636405,0
0,0
0.0,0
0.1317606503704117,0
0.0,0
0.17970669577116682,0
0.07382732090071811,0
0.0,0
0.0,0
0,0
0.7215955413432426,0
0.052012413406498335,0
0.0,0
0,0
0.0,0
0.023570226039551584,0
0.0,0
0.17149858514250882,0
0.06933752452815364,0
0.06154574548966637,0
0.0,0
0.0,0
0.0,0
0.0,0
0.0,0
0.0,0
0,0
0.04032389192727559,0
0,0
0.0,0
0.46609780653634403,0
0.2193817272381392,0
0.1666666666666667,0
0.034029788241154955,0
0.0,0
0.07905694150420947,0
0.0,0
0.7867435026737322,0
0.840327076185857,0
0,0
0,0
0.0,0
0.2886751345948129,0
0.31758318895000676,0
0.0,0
0.1118033988749895,0
0.0,0
0.18057877962865385,0
0.7736148681326351,0
0.57242793973558,0
0.5334444328727267,0
0.06436731125874032,0
0.8505936119714733,0
0.0,0
0.30276139002703234,0
0.24501630814565772,0
0.0,0
0.447213595499958,0
0.0,0
0.24084768309012847,0
0.0,0
0.2357022603955158,0
0.0013736263736171706,0
0.0,0
0.0,0
0,0
0.0,0
0.13363062095621217,0
0.5477225575051663,0
0.46624748294571144,0
0.0,0
0.0,0
0.029197858123689188,0
0,0
0,0
0.05976143046671968,0
0.3162277660168379,0
0.0,0
0.0,0
0.0,0
0.23904572186687872,0
0.2732103952415193,0
0.13184686077169736,0
0,0
0.0,0
0.0,0
0.5723328473741166,0
0.5892556509887895,0
0,0
0.4999999999999999,0
0.0,0
0.7071067811865475,0
0.05735393346764043,0
0.7104244500007026,0
0.1579121490968427,0
0.3265986323710905,0
0,0
0,0
0.0,0
0.04589858108333708,0
0,0
0.0,0
0,0
0.0,0
0,0
0.07583715435941787,0
0.0,0
0.0,0
0.0,0
0.1111111111111111,0
0.0,0
0.4661721082664422,0
0.0,0
0.0,0
0.616579471686499,0
0.0,0
0,0
0.0,0
0.0,0
0.0,0
0.14729378813821736,0
0.4440698659986777,0
0.0659380473395787,0
0.053346419080577384,0
0.003761206257620045,0
0.1579121490968427,0
0.0,0
0.0,0
0.07647191129018724,0
0.16666666666666666,0
0.6708203932499368,0
0,0
0.40024342202339513,0
0.0,0
0.0,0
0.5833333333333333,0
0.0,0
0.0,0
0.31776249030277426,0
0,0
0.0,0
0.0,0
0.0,0
0,0
0.0,0
0.0,0
0.0,0
0.0,0
0.0,0
0.0,0
0.07915939806748659,0
0.45821838034932444,0
0,0
0.05521914641785928,0
0.0,0
0.08587957884713185,0
0.0,0
0.0,0
0.6708203932499367,0
0.2587604228226554,0
0.03171807398477756,0
0.19069251784911848,0
0.7255337724721872,0
0.0,0
0.0,0
0.07364413531939965,0
0.5066215533352078,0
0.2211629342323457,0
0.2461829819586655,0
0.3259259259259259,0
0.21821789023599245,0
0.0,0
0.5163977794943223,0
0.0,0
0.0,0
0.19245008972987526,0
0.10174049684226322,0
0.0,0
0.4856621621566454,0
0.0,0
0.21821789023599242,0
0.0,0
0.0,0
0.0,0
0.3429320652143974,0
0.035601064183723864,0
0.0,0
0.4166666666666667,0
0.0,0
0.0,0
0.0,0
0.6570974366871712,0
0.4743416490252569,0
0.06804138174397717,0
0.13106717326319903,0
0.3174952568169402,0
0.0,0
0.0,0
0,0
0.0,0
0.0,0
0.0,0
0.8262179809141136,0
0.16072287508636918,0
0.0,0
0.35355339059327373,0
0.15120920553196418,0
0.2125976013810936,0
0.04870197142424781,0
0.0,0
0.12245366443341554,0
0,0
0.7615819209039547,0
0.0,0
0.3310824893452414,0
0.06804138174397717,0
0.5499719409228703,0
0.0,0
0.30306802831413193,0
0.0,0
0.0,0
0.06927087278147241,0
0.0,0
0.0,0
0.7378647873726218,0
0.07819245923946669,0
0.0,0
0.0,0
0.5961106017611089,0
0.0,0
0.0,0
0,0
0.13475873960075158,0
0.16462681148607755,0
0.05853661322385588,0
0.043958698226385796,0
0,0
0.6998876571271284,0
0.07254762501100116,0
0.18010910104410352,0
0.03781253355827544,0
0.0,0
0,0
0.0,0
0.0,0
0.27682652832413024,0
0.0,0
0.12444082079382307,0
0.0,0
0.04714045207910317,0
0.8819171036881966,0
0.043958698226385796,0
0.12182667443407048,0
0.0273467969217927,0
0.5144957554275265,0
0.04972609789584839,0
0.0,0
0.03874480041087184,0
0.1393993976576915,0
0.9486832980505139,0
0.0,0
0.16648047816533373,0
0.0,0
0.0,0
0.05462962962962963,0
0.0,0
0.0,0
0.0,0
0.0,0
0.24999999999999994,0
0.0,0
0.5892556509887895,0
0.0,0
0.09805806756909201,0
0.408248290463863,0
0.3265986323710903,0
0.0,0
0.0,0
0.10502100630210075,0
0.511019045219085,0
0.6568604740342007,0
0.0,0
0.0,0
0.6999070909207029,0
0.05979410146325105,0
0.0,0
0.11180339887498948,0
0.0,0
0.10591481821704041,0
0.12048358311199871,0
0.0,0
0.0,0
0.0,0
0.0,0
0.5547646323331296,0
0.0,0
0.26726124191242434,0
0.282842712474619,0
0.09380040521024233,0
0,0
0.1690308509457033,0
0.32873511764559765,0
0,0
0.5892556509887895,0
0.0,0
0.0,0
0.10784323189162481,0
0.030569716854159042,0
0.0,0
0.17443977704592264,0
0.4443325274866281,0
0.0,0
0.6,0
0.0,0
0.39528470752104733,0
0.21081851067789195,0
0.0,0
0.050388789578861025,0
0.8999999999999999,0
0.0,0
0.21821789023599236,0
0,0
0.12030503196763981,0
0.0,0
0.05915574029307049,0
0.0,0
0.08690724993137477,0
0.2301436544745809,0
0.0,0
0.030556616567607043,0
0.0,0
0.0,0
0.36776617835851505,0
0.8451542547285166,0
0.0,0
0.13518451760896877,0
0,0
0.0,0
0.0,0
0.18257418583505533,0
0.112517275926431,0
0.0,0
0.05236030736365133,0
0.3084236772531936,0
0.0,0
0,0
0.0,0
0.0,0
0.0017225666262202345,0
0.8659288352643518,0
0.1111111111111111,0
0.14505564598686632,0
0.5123753448679573,0
0.0,0
0.09325048082403138,0
0.0,0
0.0,0
0,0
0.0912870929175277,0
0.0,0
0.1507556722888818,0
0.0,0
0.11785113019775796,0
0.0,0
0.28700613976269995,0
0.05423261445466404,0
0.17677669529663687,0
0.04373449898490922,0
0.2773500981126146,0
0.29119023242275505,0
0.057166195047502935,0
0.0,0
0.0659380473395787,0
0.0,0
0.0,0
0.08838834764831843,0
0,0
0.0,0
0.6138442603285583,0
0.0,0
0.5825994824971554,0
0.0879598994267085,0
0.24730153330172416,0
0.0,0
0.0,0
0.0,0
0.0,0
0.08061657156654362,0
0.09228217049999131,0
0.05103103630798288,0
0.39999999999999997,0
0.7615819209039547,0
0,0
0.0,0
0.03372704008837477,0
0.13454078181083085,0
0.11618291663304763,0
0.037267799624996496,0
0.3067859955389482,0
0.0,0
0.4000029161639269,0
0.9486832980505139,0
0.0,0
0.0,0
0.5015074179201611,0
0.0563436169819011,0
0.12509993228200691,0
0.3394819582835,0
0.0,0
0.0,0
0.6299407883487119,0
0.0,0
0.12007902968951027,0
0.0,0
0.23329229709732563,0
0.11180339887498948,0
0.7378647873726218,0
0.010980033262152933,0
0,0
0.2795084971874737,0
0.110538757479933,0
0.04166666666666668,0
0.0015810276679676524,0
0.12383772180905217,0
0.0,0
0.7525052150706235,0
0.7038318881938438,0
0.09228436736426786,0
0.0,0
0.0,0
0,0
0.0,0
0.2211629342323457,0
0.10206207261596575,0
0.05391550948561189,0
0.4866642633922876,0
0.1499652212830054,0
0.10540925533894598,0
0.0,0
0.034020690871988585,0
0.1720618004029213,0
0.0,0
0.0,0
0.0,0
0.0,0
0,0
0.7791357258345806,0
0.5874034220862736,0
0.0,0
0.1944611170656493,0
0.4999999999999999,0
0,0
0.0298142396999972,0
0.5163977794943223,0
0.05639161663148481,0
0.0,0
0.6734693877551019,0
0.08894991799933215,0
0.12499999999999997,0
0.0033806170188195013,0
0.05430711881328036,0
0.12499999999999997,0
0.27057781439571205,0
0.16654716978774603,0
0.0,0
0.3789473684210256,0
0.8262626262626264,0
0.0,0
0.16666666606372052,0
0.0,0
0,0
0.0,0
0.5868370930951543,0
0.0,0
0.0,0
0.3026019229844034,0
0.0,0
0,0
0.5031152949374527,0
0.613600109724404,0
0.0,0
0.4999999999999999,0
0.0,0
0.6708203932499368,0
0.674807481521474,0
0.35355339059327373,0
0.5499719409228703,0
0,0
0.12345679012345677,0
0.19695106448403463,0
0.0,0
0.7777777777777779,0
0,0
0.0,0
0.2511094867555493,0
0.6138442603285583,0
0.6207759116002217,0
0.0,0
0.09057664471010314,0
0.773677194550659,0
0.15000000000000002,0
0.4330127018922194,0
0.11180339887498948,0
0.6688560540599386,0
0.0,0
0.055215763037423274,0
0.0,0
0,0
0,0
0.0,0
0.11979771782643239,0
0.6708203932499368,0
0.44372718314716947,0
0.1178511301977579,0
0.31758318895000676,0
0.6245152847706908,0
0.0,0
0,0
0.5163977794943223,0
0,0
0.40016336533252056,0
0.23008949665421113,0
0.0,0
0.0,0
0.0,0
0.30792014356780034,0
0.0,0
0.1178511301977579,0
0,0
0.0,0
0.7481478454561483,0
0.11785113019775796,0
0,0
0.28925596884523325,0
0.0,0
0.17149858514250882,0
0.6561342155248262,0
0.19580154465241573,0
0.0912184153920465,0
0.4999999999999999,0
0.0,0
0.0,0
0.08826880410262225,0
0.3067859955389482,0
0.0,0
0.21213203435596423,0
0.09669875568304563,0
0.44372872128621144,0
0.0,0
0,0
0.22170250336881628,0
0.8096385542168674,0
0.0,0
0.04958282935081378,0
0.5333783450161697,0
0.0,0
0.703861042072619,0
0.0,0
0.12287112235740133,0
0.0,0
0.09445710882789203,0
0.4291975376394761,0
0.0,0
0.0,0
0.34299717028501764,0
0.0,0
0.0,0
0.0,0
0,0
0.06900655593423542,0
0,0
0.0,0
0.49616196513541594,0
0.07559289460184544,0
0.0,0
0.0,0
0.018738292224896536,0
0.1111111111111111,0
0.12307098765432097,0
0.04596385597769216,0
0.0,0
0.14547859349066158,0
0.35128098401822627,0
0.053376051268362375,0
0,0
0,0
0.1111111111111111,0
0,0
0.3347138414051925,0
0,0
0.0,0
0.0,0
0.3666044776119402,0
0,0
0.1075915276779106,0
0.06054489867600463,0
0.5512134758072204,0
0.48874938520874983,0
0.15593058557378367,0
0,0
0.13693063937629155,0
0.0,0
0.0,0
0,0
0.20851441405707477,0
0.1666666666666667,0
0.6533850217906335,0
0.001706723622822851,0
0.0,0
0.13834289277321493,0
0.1111111111111111,0
0.15625577143874186,0
0.0,0
0.0,0
0.10750627292795654,0
0.0,0
0.0,0
0.0,0
0.0563436169819011,0
0.25724787771376323,0
0.2486605337979919,0
0.0,0
0.15710039723030264,0
0.0,0
0.25819888974716115,0
0.0,0
0.0,0
0,0
0.3749999999999999,0
0.15811388300841894,0
0.0,0
0.7039045041686041,0
0.0,0
0,0
0.0,0
0.0,0
0.0,0
0.0,0
0.5570231452252324,0
0.16222142113076257,0
0.07523547938632787,0
0.16125088349424846,0
0.22615572915680165,0
0.18190171877724973,0
0.20412414523193154,0
0.2300894966542111,0
0.0,0
0.0,0
0.0,0
0.3532508136343057,0
0.0,0
0,0
0.0,0
0.0,0
0.06257490875129731,0
0.28925596884523325,0
0,0
0.08091133940627349,0
0.748567755178856,0
0.20579710144921465,0
0,0
0.12403473458920845,0
0.09784921095801634,0
0.0,0
0.0,0
0.15811388300841894,0
0.19867985355975662,0
0.2487319572597604,0
0.037267799624996496,0
0,0
0.0,0
0.0,0
0.6324555320336759,0
0.0,0
0.0,0
0,0
0.17149858514250882,0
0.18928480451673307,0
0.157146932112782,0
0.0,0
0.0331133089266261,0
0.0,0
0.0,0
0.0,0
0,0
0.0,0
0.5016047341549197,0
0,0
0.1993419958341595,0
0.0890870806374748,0
0.06666666666666667,0
0.8749999999999999,0
0.0,0
0.02463165401739426,0
0.3176275804946032,0
0.03819774999027038,0
0.1500030972662813,0
0,0
0,0
0.11261532884189565,0
0.059234887775909226,0
0.1664121746608088,0
0.0,0
0.0,0
0.05590169943749474,0
0.06900655593423542,0
0.15190663151201794,0
0.06257331813338295,0
0.0,0
0.0,0
0,0
0.5811378358240636,0
0.0,0
0.47434164902525694,0
0.06454972243679029,0
0.0,0
0.0,0
0.10314212462587935,0
0.1318760946791574,0
0,0
0.1229847975022387,0
0.0,0
0.29119023242275505,0
0.0,0
0,0
0.0,0
0.0762227004882325,0
0.2651650429449553,0
0.0,0
0.0,0
0.14993387218977913,0
0.0,0
0.06846744221599921,0
0.0,0
0.02459118983068707,0
0.0,0
0.11547005383792516,0
0.07726620702909491,0
0.07872327564620885,0
0.0,0
0.0,0
0.0,0
0.7738040215640798,0
0.08770580193070293,0
0,0
0.4472135954999579,0
0.0,0
0.0,0
0.0,0
0.0,0
0.26352313834736496,0
0.11999252015132872,0
0.7792394426576572,0
0.0,0
0,0
0.08574929257125441,0
0.7868480014561574,0
0,0
0.4352078613925765,0
0.0,0
0.0,0
0,0
0.0,0
0.0,0
0.5000000000000001,0
0.2357022603955158,0
0.07750070249822112,0
0.14625448482542613,0
0.4216724530746672,0
0.0,0
0.11605498155761107,0
0.0,0
0.0,0
0,0
0,0
0.10591481821704041,0
0.17149858514250882,0
0.0,0
0.6803845054542188,0
0.6734693877551019,0
0.4701533721069997,0
0.0,0
0.2277216345829769,0
0.0,0
0.7378647873726218,0
0.16019427594826552,0
0.05908232330232513,0
0.0,0
0.13454078181083085,0
0.0,0
0.0,0
0.06246514206381082,0
0.21821789023599242,0
0.0,0
0.0,0
0.0,0
0.6999166476488619,0
0.09945486242649071,0
0.0,0
0.0,0
0.11001089599458944,0
0.18257418583505536,0
0.0,0
0.18091741068196351,0
0.6871027238353724,0
0.15811388300841894,0
0,0
0.0,0
0.36388888888888876,0
0.07905694150420949,0
0.0734294961995113,0
0.508705464881202,0
0.4856633733845662,0
0.0,0
0.11999252015132872,0
0.0,0
0.05184624611133825,0
0.1543033499620919,0
0.0,0
0.051255115129910385,0
0.08512565307587487,0
0.3055050463303892,0
0.0,0
0.31987883426178754,0
0.0,0
0.5600759439604279,0
0.0,0
0.8053937485398092,0
0.6291528696058961,0
0.0,0
0.0,0
0.08111071056538126,0
0.059761430466719674,0
0.0,0
0.1533929977694741,0
0.6871106995271251,0
0.4532837160920789,0
0.0,0
0.0,0
0,0
0.0,0
0,0
0.0,0
0.17149858514250882,0
0.18260785906030022,0
0,0
0.0,0
0.05063696835418333,0
0.0,0
0,0
0.1178511301977579,0
0.4166666666666667,0
0.16666666666666666,0
0.01323140310062408,0
0.1111111111111111,0
0.19245008972987526,0
0.0,0
0.07447432281567452,0
0.0,0
0.0,0
0.0,0
0.0,0
0.10498884552771255,0
0.0,0
0.0,0
0.0,0
0.0,0
0.6558868666122132,0
0.3026019229844034,0
0.0,0
0.0,0
0,0
0,0
0.0,0
0.0,0
0.30270783012044594,0
0.14371638340081846,0
0.0,0
0.0908210544643272,0
0.0,0
0.3733215272452832,0
0.0,0
0.1259881576697424,0
0.0,0
0.0,0
0.23145502494313785,0
0.0,0
0.0,0
0.0,0
0.28915329465062783,0
0.030512198720904014,0
0.7378647873726218,0
0.5566884015357422,0
0.051228541615445225,0
0.07523547938632788,0
0.022388059701492536,0
0.22360679774997896,0
0,0
0.0,0
0.0,0
0.19802950859533489,0
0.2422307281950647,0
0.0,0
0.043503537793979655,0
0.0,0
0.0,0
0.27801921874276636,0
0.06900655593423542,0
0.0,0
0.4588314677411235,0
0.13549528661496643,0
0.2886751345948129,0
0.5059644256269408,0
0.0,0
0.0,0
0.3264080283723871,0
0.5049497729651525,0
0.0,0
0.19592977767579567,0
0.0,0
0,0
0,0
0.33662299498073667,0
0.0,0
0.9556525850458,0
0.0,0
0.0,0
0.0,0
0.0,0
0.0,0
0.0,0
0.7031661931790038,0
0.14176629667314966,0
0.12292961089478341,0
0.3707791509872233,0
0.0632455532033676,0
0.320113243373272,0
0.0,0
0.8262179809141136,0
0,0
0.0,0
0.7037954636480401,0
0.0,0
0.2581988897471611,0
0.4882655399900511,0
0.07908774388131458,0
0.0,0
0.17677669529663687,0
0.14792910598369846,0
0.0,0
0.0,0
0.17149858514250882,0
0.748952007146782,0
0.10540925533894598,0
0.4472135954999579,0
0.37352196805657634,0
0.0,0
0.06817934980776787,0
0.32859320187516755,0
0.22764409428394713,0
0.3174952568169402,0
0.27931249437965455,0
0.6267413801316303,0
0.4490485321073703,0
0.0,0
0.07722065279990303,0
0.5892556509887895,0
0,0
0.5489101050733209,0
0.25819888974716115,0
0.10540925533894598,0
0.0,0
0.0,0
0.7867092096383865,0
0,0
0.024874971911248725,0
0.0,0
0.5892556509887895,0
0,0
0.1178511301977579,0
0.2903748997719713,0
0.8333333333333336,0
0.0,0
0.4949747468305832,0
0.0,0
0,0
0.0,0
0.7326626631812353,0
0.6734693877551019,0
0.0,0
0,0
0.0,0
0.0,0
0.0,0
0.9999999999999998,0
0.7485248974663954,0
0.0,0
0.0,0
0.0,0
0.0,0
0.09784921095801632,0
0.0,0
0.0,0
0.0,0
0.747724723944278,0
0.6002814048210857,0
0.6123724356957945,0
0.0,0
0.4523328147660994,0
0,0
0.0,0
0.0,0
