0.9108910891089109,1
0.9,1
0.7813163481953291,1
0.7813163481953291,1
0.906801007556675,1
0.9137055837563451,1
0.8933002481389578,1
0.8674698795180723,1
0.8933002481389578,1
0.9,1
0.7813163481953291,1
0.7813163481953291,1
0.906801007556675,1
0.9137055837563451,1
0.8933002481389578,1
0.8674698795180723,1
0.8933002481389578,1
0.7708779443254818,1
0.7708779443254818,1
0.916030534351145,1
0.9230769230769231,1
0.9022556390977443,1
0.8759124087591241,1
0.9022556390977443,1
0.8884758364312267,1
0.7758620689655172,1
0.7809110629067245,1
0.7659574468085106,1
0.7468879668049793,1
0.7659574468085106,1
0.7758620689655172,1
0.7809110629067245,1
0.7659574468085106,1
0.7468879668049793,1
0.7659574468085106,1
0.9302325581395349,1
0.9090909090909091,1
0.8823529411764706,1
0.9090909090909091,1
0.916030534351145,1
0.8888888888888888,1
0.916030534351145,1
0.8695652173913043,1
0.8955223880597015,1
0.8695652173913043,1
0.8676789587852495,1
0.8456659619450317,1
0.851063829787234,1
0.8941176470588236,1
0.8255528255528255,1
0.8840579710144928,1
0.8888888888888888,1
0.8951048951048951,1
0.9014084507042254,1
0.8827586206896552,1
0.8868360277136259,1
0.8767123287671232,1
0.8669950738916257,1
0.8861985472154964,1
0.8491879350348028,1
0.8551401869158879,1
0.8611764705882353,1
0.8433179723502304,1
0.8472222222222222,1
0.8375286041189931,1
0.850632911392405,1
0.8135593220338984,1
0.8195121951219512,1
0.8255528255528255,1
0.8076923076923077,1
0.8115942028985508,1
0.801909307875895,1
0.8714285714285714,1
0.8776978417266187,1
0.8840579710144928,1
0.8652482269503546,1
0.8693586698337292,1
0.8591549295774648,1
0.9241379310344827,1
0.9305555555555556,1
0.9115646258503401,1
0.9157175398633257,1
0.9054054054054054,1
0.9370629370629371,1
0.9178082191780822,1
0.9220183486238532,1
0.9115646258503401,1
0.9241379310344827,1
0.9284064665127021,1
0.9178082191780822,1
0.9095022624434389,1
0.8993288590604027,1
0.9348314606741573,1
0.8804780876494024,1
0.9523809523809523,1
0.974025974025974,1
0.8015564202334631,1
0.7953667953667953,1
0.8442622950819673,1
0.8780487804878049,1
0.8790983606557377,1
0.5401606425702812,1
0.8607809847198642,1
0.8381818181818181,1
0.8283464566929134,1
0.7946353730092205,1
0.802065404475043,1
0.8270676691729323,1
0.78,1
0.8932038834951457,1
0.6732673267326733,1
0.6732673267326733,1
0.8888888888888888,1
0.7843137254901961,1
0.738255033557047,1
0.7130124777183601,1
0.718132854578097,1
0.9533333333333334,1
0.7093023255813954,1
0.7039106145251397,1
0.64,1
0.64,1
0.7368421052631579,1
0.6966292134831461,1
0.7016706443914081,1
0.9263873159682899,1
0.9523809523809523,1
0.6099290780141844,1
0.5,1
0.7166666666666667,1
0.45263157894736844,1
0.5204081632653061,1
0.5204081632653061,1
0.5088757396449705,1
0.4673913043478261,1
0.4479166666666667,1
0.44559585492227977,1
0.5245901639344263,1
0.6564885496183206,1
0.5671641791044776,1
0.463768115942029,1
0.463768115942029,1
0.5333333333333333,1
0.5846153846153846,1
0.5615763546798029,1
0.5588235294117647,1
0.5308641975308642,1
0.7672413793103449,1
0.7478991596638656,1
0.7478991596638656,1
0.8436018957345972,1
0.7876106194690266,1
0.7606837606837606,1
0.7574468085106383,1
0.4777777777777778,1
0.46236559139784944,1
0.46236559139784944,1
0.5408805031446541,1
0.4942528735632184,1
0.4725274725274725,1
0.46994535519125685,1
0.6953125,1
0.6953125,1
0.777292576419214,1
0.8770491803278688,1
0.8492063492063492,1
0.8458498023715415,1
0.7709923664122137,1
0.7574468085106383,1
0.712,1
0.689922480620155,1
0.6872586872586872,1
0.7574468085106383,1
0.712,1
0.689922480620155,1
0.6872586872586872,1
0.7982062780269058,1
0.7705627705627706,1
0.7672413793103449,1
0.8699186991869918,1
0.8663967611336032,1
0.8392156862745098,1
0.7857142857142857,1
1.0,1
0.7835051546391752,1
1.0,1
0.9222797927461139,1
0.896551724137931,1
0.8202764976958525,1
0.5619834710743802,1
0.6538461538461539,1
0.9084380610412927,1
0.9812206572769953,1
0.9575289575289575,1
0.7860696517412935,1
1.0,1
0.8867924528301887,1
0.9038461538461539,1
0.6470588235294118,1
0.896551724137931,1
1.0,1
1.0,1
1.0,1
1.0,1
1.0,1
1.0,1
1.0,1
1.0,1
1.0,1
1.0,1
1.0,1
0.7543424317617866,1
1.0,1
1.0,1
0.9740932642487047,1
0.9705882352941176,1
0.847682119205298,1
0.9090909090909091,1
0.76,1
0.76,1
0.9171974522292994,1
0.8456375838926175,1
1.0,1
1.0,1
0.6666666666666666,1
0.8430493273542601,1
0.8691588785046729,1
0.7031963470319634,1
0.7341772151898734,1
0.8099173553719008,1
0.703862660944206,1
0.8918032786885246,1
0.7252747252747253,1
0.7835051546391752,1
0.8735632183908046,1
0.8863636363636364,1
0.8863636363636364,1
0.7640449438202247,1
0.7640449438202247,1
0.7640449438202247,1
0.8888888888888888,1
1.0,1
0.8791208791208791,1
0.8791208791208791,1
1.0,1
1.0,1
1.0,1
1.0,1
1.0,1
1.0,1
1.0,1
1.0,1
1.0,1
1.0,1
1.0,1
0.8288288288288288,1
0.8083333333333333,1
0.6635071090047393,1
0.8292682926829268,1
0.839572192513369,1
0.780373831775701,1
0.810958904109589,1
0.8245125348189415,1
0.9615384615384616,1
0.6804123711340206,1
0.7326732673267327,1
0.6173913043478261,1
1.0,1
0.9872495446265938,1
0.8899082568807339,1
0.8818181818181818,1
0.8981481481481481,1
0.9675090252707581,1
0.9491525423728814,1
1.0,1
1.0,1
0.680952380952381,1
0.8727272727272727,1
0.8280701754385965,1
0.865625,1
0.7912087912087912,1
0.815028901734104,1
0.7460087082728593,1
0.9329529243937232,1
0.6592356687898089,1
0.6176,1
0.9179755671902269,1
0.6592356687898089,1
0.5824,1
0.7912087912087912,1
0.7730496453900709,1
0.6488413547237076,1
0.5824,1
0.6559485530546624,1
0.8643533123028391,1
0.6880570409982175,1
0.7311827956989247,1
0.8156862745098039,1
1.0,1
0.9504950495049505,1
0.7703703703703704,1
0.7984189723320159,1
0.5428571428571428,1
0.5984251968503937,1
0.5650557620817844,1
0.6255144032921811,1
0.7925925925925926,1
0.8156862745098039,1
0.7703703703703704,1
0.9367088607594937,1
0.8141592920353983,1
1.0,1
0.8928571428571429,1
0.928,1
0.8141592920353983,1
0.7071428571428572,1
0.5988372093023255,1
0.7071428571428572,1
0.5936599423631124,1
0.6996466431095406,1
0.7148014440433214,1
0.7071428571428572,1
0.5641025641025641,1
0.5689655172413793,1
0.39080459770114945,1
0.31384615384615383,1
0.8141592920353983,1
0.9415041782729805,1
0.9337016574585635,1
0.7046979865771812,1
0.8974358974358975,1
0.6976744186046512,1
0.8860759493670886,1
0.9090909090909091,1
0.8974358974358975,1
0.6885245901639344,1
0.695364238410596,1
0.5674418604651162,1
0.43727598566308246,1
0.785234899328859,1
0.9260273972602739,1
0.6976744186046512,1
0.711864406779661,1
0.7046979865771812,1
0.5691056910569106,1
0.5737704918032787,1
0.37992831541218636,1
0.7288629737609329,1
0.6976744186046512,1
0.8860759493670886,1
0.9090909090909091,1
0.8974358974358975,1
0.6885245901639344,1
0.695364238410596,1
0.5674418604651162,1
0.43727598566308246,1
0.7894736842105263,1
0.7046979865771812,1
0.6976744186046512,1
0.5645161290322581,1
0.5691056910569106,1
0.375886524822695,1
0.7225433526011561,1
0.8141592920353983,1
0.9108910891089109,1
0.8947368421052632,1
1.0,1
0.8974358974358975,1
0.8860759493670886,1
0.6818181818181818,1
0.6885245901639344,1
0.5596330275229358,1
0.4326241134751773,1
0.9016393442622951,1
0.88,1
0.9016393442622951,1
0.9016393442622951,1
0.8943089430894309,1
0.9090909090909091,1
1.0,1
0.9016393442622951,1
0.88,1
0.9016393442622951,1
0.9016393442622951,1
0.8943089430894309,1
0.9090909090909091,1
0.9415041782729805,1
1.0,1
0.9090909090909091,1
0.695364238410596,1
0.7023411371237458,1
0.5754716981132075,1
0.4420289855072464,1
0.6885245901639344,1
0.695364238410596,1
0.5116279069767442,1
0.4946236559139785,1
0.9128630705394191,1
1.0,1
0.9128630705394191,1
0.9150326797385621,1
1.0,1
0.9150326797385621,1
0.9341317365269461,1
0.9128630705394191,1
1.0,1
0.9150326797385621,1
1.0,1
0.9115281501340483,1
0.42657342657342656,1
0.3485714285714286,1
0.8943089430894309,1
0.9166666666666666,1
0.9166666666666666,1
0.9090909090909091,1
0.9243697478991597,1
0.9016393442622951,1
1.0,1
0.8943089430894309,1
0.9166666666666666,1
0.9166666666666666,1
0.9090909090909091,1
0.9243697478991597,1
0.8943089430894309,1
0.8943089430894309,1
0.8870967741935484,1
0.9016393442622951,1
0.88,1
0.8943089430894309,1
1.0,1
0.8943089430894309,1
0.8943089430894309,1
0.8870967741935484,1
0.9016393442622951,1
0.9166666666666666,1
0.9090909090909091,1
0.9243697478991597,1
0.9016393442622951,1
0.9166666666666666,1
0.8943089430894309,1
1.0,1
0.9166666666666666,1
0.9090909090909091,1
0.9243697478991597,1
0.43109540636042404,1
0.3515850144092219,1
0.9504950495049505,1
0.7703703703703704,1
0.9090909090909091,1
0.9243697478991597,1
0.9016393442622951,1
0.9166666666666666,1
0.8943089430894309,1
0.9166666666666666,1
1.0,1
0.9090909090909091,1
0.9243697478991597,1
0.9166666666666666,1
0.8943089430894309,1
0.9090909090909091,1
0.8870967741935484,1
0.9090909090909091,1
0.9090909090909091,1
1.0,1
0.9166666666666666,1
0.9090909090909091,1
0.9243697478991597,1
0.9016393442622951,1
0.9243697478991597,1
0.9243697478991597,1
0.9166666666666666,1
1.0,1
1.0,1
0.32679738562091504,1
0.5777777777777777,1
0.8220858895705522,1
1.0,1
0.32679738562091504,1
0.3978494623655914,1
0.4032258064516129,1
0.32679738562091504,1
1.0,1
0.9032258064516129,1
1.0,1
0.9032258064516129,1
0.930576070901034,1
0.7460087082728593,1
0.8603896103896104,1
0.8189233278955954,1
0.8134110787172012,1
0.7830342577487766,1
0.8950819672131147,1
0.9032258064516129,1
1.0,1
0.5824,1
0.6913183279742765,1
0.6923076923076923,1
0.9139072847682119,1
0.8743169398907104,1
0.6767676767676768,1
0.9178082191780822,1
0.8676470588235294,1
0.7868852459016393,1
0.6632653061224489,1
0.5777777777777777,1
0.3978494623655914,1
0.8220858895705522,1
0.4032258064516129,1
0.7364864864864865,1
0.7607361963190185,1
0.7524752475247525,1
0.8350877192982457,1
0.9211746522411128,1
0.9119318181818182,1
0.43243243243243246,1
0.8507462686567164,1
0.9740112994350283,1
0.9122055674518201,1
0.8740740740740741,1
0.9530201342281879,1
0.8240343347639485,1
1.0,1
0.8928571428571429,1
0.928,1
0.8141592920353983,1
0.8141592920353983,1
0.9108910891089109,1
0.8947368421052632,1
0.9016393442622951,1
0.88,1
0.9016393442622951,1
0.9016393442622951,1
0.8943089430894309,1
0.9090909090909091,1
0.9128630705394191,1
0.9150326797385621,1
0.8943089430894309,1
0.9166666666666666,1
0.9166666666666666,1
0.9090909090909091,1
0.9243697478991597,1
0.8943089430894309,1
0.8943089430894309,1
0.8870967741935484,1
0.9016393442622951,1
0.9166666666666666,1
0.9090909090909091,1
0.9243697478991597,1
0.9090909090909091,1
0.9243697478991597,1
0.9166666666666666,1
0.32679738562091504,1
0.9032258064516129,1
0.9178082191780822,1
0.7141807494489346,1
0.8607863974495218,1
0.9303482587064676,1
0.9591836734693877,1
0.9543147208121827,1
0.9641025641025641,1
0.9591836734693877,1
0.9543147208121827,1
0.9494949494949495,1
0.9303482587064676,1
0.9257425742574258,1
0.935,1
0.9303482587064676,1
0.9257425742574258,1
0.9211822660098522,1
0.9543147208121827,1
0.9641025641025641,1
0.9591836734693877,1
0.9543147208121827,1
0.9494949494949495,1
0.9591836734693877,1
0.9543147208121827,1
0.9494949494949495,1
0.9447236180904522,1
0.9641025641025641,1
0.9591836734693877,1
0.9543147208121827,1
0.9543147208121827,1
0.9494949494949495,1
0.9447236180904522,1
0.8543689320388349,1
0.8068965517241379,1
0.835742444152431,1
0.8098360655737705,1
0.6949429037520392,1
0.9399744572158365,1
0.8629807692307693,1
0.7194994786235662,1
0.6858846918489065,1
0.8282138794084186,1
0.6958250497017893,1
0.7445394112060779,1
0.8265402843601896,1
0.7912885662431942,1
0.9617575264442636,1
0.7647058823529411,1
0.7722772277227723,1
0.75,1
0.7609756097560976,1
0.7609756097560976,1
0.7255813953488373,1
0.8764044943820225,1
0.8478260869565217,1
0.861878453038674,1
0.861878453038674,1
0.8167539267015707,1
0.8571428571428571,1
0.8715083798882681,1
0.8715083798882681,1
0.8253968253968254,1
0.8432432432432433,1
0.8432432432432433,1
0.8,1
0.8571428571428571,1
0.8125,1
0.8125,1
0.6587677725118484,1
0.909952606635071,1
0.47648902821316613,1
0.4840764331210191,1
0.4691358024691358,1
0.47648902821316613,1
0.47648902821316613,1
0.46200607902735563,1
0.4691358024691358,1
0.4550898203592814,1
0.8763250883392226,1
0.8464163822525598,1
0.8611111111111112,1
0.8611111111111112,1
0.8322147651006712,1
0.8464163822525598,1
0.8184818481848185,1
0.8611111111111112,1
0.8763250883392226,1
0.8763250883392226,1
0.8464163822525598,1
0.8611111111111112,1
0.8322147651006712,1
0.8464163822525598,1
0.8464163822525598,1
0.8184818481848185,1
0.8322147651006712,1
0.8051948051948052,1
0.7476979742173112,1
0.8611111111111112,1
0.8322147651006712,1
0.8464163822525598,1
0.8184818481848185,1
0.8322147651006712,1
0.8464163822525598,1
0.8184818481848185,1
0.8184818481848185,1
0.792332268370607,1
0.8051948051948052,1
0.8491803278688524,1
0.7391304347826086,1
0.9289099526066351,1
0.7771739130434783,1
0.9303482587064676,1
0.7222222222222222,1
1.0,1
0.9573333333333334,1
0.9274755927475593,1
0.9388646288209607,1
0.9642857142857143,1
0.96,1
0.968609865470852,1
0.9642857142857143,1
0.96,1
0.9557522123893806,1
0.9388646288209607,1
0.9347826086956522,1
0.9429824561403509,1
0.9388646288209607,1
0.9347826086956522,1
0.9307359307359307,1
0.96,1
0.968609865470852,1
0.9642857142857143,1
0.96,1
0.9557522123893806,1
0.9642857142857143,1
0.96,1
0.9557522123893806,1
0.9515418502202643,1
0.968609865470852,1
0.9642857142857143,1
0.96,1
0.96,1
0.9557522123893806,1
0.9515418502202643,1
0.800531914893617,1
0.9556650246305419,1
0.9463414634146341,1
0.9509803921568627,1
0.9603960396039604,1
0.9556650246305419,1
0.9509803921568627,1
0.9514563106796117,1
0.9560975609756097,1
0.9655172413793104,1
0.9607843137254902,1
0.9560975609756097,1
0.9468599033816425,1
0.9560975609756097,1
0.9514563106796117,1
0.9468599033816425,1
0.9607843137254902,1
0.9560975609756097,1
0.9514563106796117,1
0.9655172413793104,1
0.9607843137254902,1
0.9560975609756097,1
0.8785046728971962,1
0.8703703703703703,1
0.8744186046511628,1
0.8826291079812206,1
0.8785046728971962,1
0.8744186046511628,1
0.95,1
0.9547738693467337,1
0.9644670050761421,1
0.9595959595959596,1
0.9547738693467337,1
0.945273631840796,1
0.9547738693467337,1
0.95,1
0.945273631840796,1
0.9595959595959596,1
0.9547738693467337,1
0.95,1
0.9644670050761421,1
0.9595959595959596,1
0.9547738693467337,1
0.9064039408866995,1
0.8975609756097561,1
0.9019607843137255,1
0.9108910891089109,1
0.9064039408866995,1
0.9019607843137255,1
0.9489795918367347,1
0.9538461538461539,1
0.9637305699481865,1
0.9587628865979382,1
0.9538461538461539,1
0.9441624365482234,1
0.9538461538461539,1
0.9489795918367347,1
0.9441624365482234,1
0.9587628865979382,1
0.9538461538461539,1
0.9489795918367347,1
0.9637305699481865,1
0.9587628865979382,1
0.9538461538461539,1
0.9035532994923858,1
0.8944723618090452,1
0.898989898989899,1
0.9081632653061225,1
0.9035532994923858,1
0.898989898989899,1
0.9473684210526315,1
0.9523809523809523,1
0.9625668449197861,1
0.9574468085106383,1
0.9523809523809523,1
0.9424083769633508,1
0.9523809523809523,1
0.9473684210526315,1
0.9424083769633508,1
0.9574468085106383,1
0.9523809523809523,1
0.9473684210526315,1
0.9625668449197861,1
0.9574468085106383,1
0.9523809523809523,1
0.9635627530364372,1
0.967479674796748,1
0.9596774193548387,1
0.9558232931726908,1
0.9635627530364372,1
0.9635627530364372,1
0.952,1
0.9714285714285714,1
0.9635627530364372,1
0.9596774193548387,1
0.967479674796748,1
0.967479674796748,1
0.9558232931726908,1
0.967479674796748,1
0.9635627530364372,1
0.9714285714285714,1
0.9714285714285714,1
0.9596774193548387,1
0.9558232931726908,1
0.9635627530364372,1
0.9635627530364372,1
0.952,1
0.9596774193548387,1
0.9596774193548387,1
0.9482071713147411,1
0.967479674796748,1
0.9558232931726908,1
0.9558232931726908,1
0.9271137026239067,1
0.9271137026239067,1
0.9217391304347826,1
0.9244186046511628,1
0.9298245614035088,1
0.9271137026239067,1
0.9244186046511628,1
0.9771428571428571,1
0.9244186046511628,1
0.9271137026239067,1
0.9298245614035088,1
0.9244186046511628,1
0.9217391304347826,1
0.9271137026239067,1
0.9271137026239067,1
0.9767441860465116,1
0.9710982658959537,1
0.9739130434782609,1
0.9795918367346939,1
0.9767441860465116,1
0.9739130434782609,1
0.9515669515669516,1
0.9739130434782609,1
0.9767441860465116,1
0.9795918367346939,1
0.9739130434782609,1
0.9710982658959537,1
0.9767441860465116,1
1.0,1
0.9710982658959537,1
0.9739130434782609,1
0.9795918367346939,1
0.9767441860465116,1
0.9739130434782609,1
0.9515669515669516,1
0.9739130434782609,1
0.9767441860465116,1
0.9795918367346939,1
0.9739130434782609,1
0.9710982658959537,1
1.0,1
0.9767441860465116,1
0.968299711815562,1
0.9739130434782609,1
0.9710982658959537,1
0.968299711815562,1
0.9461756373937678,1
0.968299711815562,1
0.9710982658959537,1
0.9739130434782609,1
0.968299711815562,1
1.0,1
0.9710982658959537,1
0.9710982658959537,1
0.9767441860465116,1
0.9739130434782609,1
0.9710982658959537,1
0.9488636363636364,1
0.9710982658959537,1
0.9739130434782609,1
0.9767441860465116,1
1.0,1
0.968299711815562,1
0.9739130434782609,1
0.9739130434782609,1
0.9795918367346939,1
0.9767441860465116,1
0.9542857142857143,1
0.9767441860465116,1
0.9795918367346939,1
1.0,1
0.9767441860465116,1
0.9739130434782609,1
0.9795918367346939,1
0.9795918367346939,1
0.9739130434782609,1
0.9515669515669516,1
0.9739130434782609,1
1.0,1
0.9795918367346939,1
0.9739130434782609,1
0.9710982658959537,1
0.9767441860465116,1
0.9767441860465116,1
0.9488636363636364,1
1.0,1
0.9739130434782609,1
0.9767441860465116,1
0.9710982658959537,1
0.968299711815562,1
0.9739130434782609,1
0.9739130434782609,1
0.9488636363636364,1
0.9515669515669516,1
0.9542857142857143,1
0.9488636363636364,1
0.9461756373937678,1
0.9515669515669516,1
0.9515669515669516,1
0.9739130434782609,1
0.9767441860465116,1
0.9710982658959537,1
0.968299711815562,1
0.9739130434782609,1
0.9739130434782609,1
0.9795918367346939,1
0.9739130434782609,1
0.9710982658959537,1
0.9767441860465116,1
0.9767441860465116,1
0.9767441860465116,1
0.9739130434782609,1
0.9795918367346939,1
0.9795918367346939,1
0.968299711815562,1
0.9739130434782609,1
0.9739130434782609,1
0.9710982658959537,1
0.9710982658959537,1
0.9767441860465116,1
0.8226950354609929,1
0.8285714285714286,1
0.8256227758007118,1
0.8226950354609929,1
0.8197879858657244,1
0.8256227758007118,1
0.8055555555555556,1
0.8256227758007118,1
0.9669421487603306,1
0.9629629629629629,1
0.9590163934426229,1
0.9551020408163265,1
0.9629629629629629,1
0.928,1
0.9629629629629629,1
0.970954356846473,1
0.9669421487603306,1
0.9629629629629629,1
0.970954356846473,1
0.9354838709677419,1
0.970954356846473,1
0.9629629629629629,1
0.9590163934426229,1
0.9669421487603306,1
0.9317269076305221,1
0.9669421487603306,1
0.9551020408163265,1
0.9629629629629629,1
0.928,1
0.9629629629629629,1
0.9590163934426229,1
0.9243027888446215,1
0.9590163934426229,1
0.9317269076305221,1
0.9669421487603306,1
0.9317269076305221,1
0.9806451612903225,1
1.0,1
1.0,1
0.8032786885245902,1
1.0,1
0.6835443037974683,1
0.7710144927536232,1
0.9201277955271565,1
0.7755102040816326,1
0.9201277955271565,1
0.7755102040816326,1
0.9142857142857143,1
0.7710144927536232,1
1.0,1
0.9142857142857143,1
0.7710144927536232,1
0.9201277955271565,1
0.7755102040816326,1
0.9201277955271565,1
0.9142857142857143,1
0.7710144927536232,1
0.9238985313751669,1
0.9301075268817204,1
0.9301075268817204,1
0.9238985313751669,1
0.8504983388704319,1
0.7066666666666667,1
0.7934426229508197,1
0.7882736156351792,1
0.919431279620853,1
0.8857142857142857,1
1.0,1
0.919431279620853,1
0.8876712328767123,1
0.9032258064516129,1
0.7303370786516854,1
0.9473684210526315,1
0.8379888268156425,1
0.8477611940298507,1
0.6762177650429799,1
0.9503105590062112,1
0.8403361344537815,1
0.8502994011976048,1
0.6470588235294118,1
0.9503105590062112,1
0.8403361344537815,1
0.8502994011976048,1
0.6470588235294118,1
0.9473684210526315,1
0.8379888268156425,1
0.8477611940298507,1
0.6762177650429799,1
0.8191489361702128,1
0.6649616368286445,1
0.8379888268156425,1
0.9567430025445293,1
0.7675675675675676,1
0.6145833333333334,1
0.8403361344537815,1
0.9591836734693877,1
0.7696476964769647,1
0.5866666666666667,1
0.8403361344537815,1
0.9591836734693877,1
0.7696476964769647,1
0.5866666666666667,1
0.8379888268156425,1
0.9567430025445293,1
0.7675675675675676,1
0.6145833333333334,1
0.7084468664850136,1
0.8502994011976048,1
0.7696476964769647,1
0.8728323699421965,1
0.6555555555555556,1
0.8528528528528528,1
0.7717391304347826,1
0.8753623188405797,1
0.6267806267806267,1
0.8528528528528528,1
0.7717391304347826,1
0.8753623188405797,1
0.6267806267806267,1
0.8502994011976048,1
0.7696476964769647,1
0.8728323699421965,1
0.6555555555555556,1
0.6762177650429799,1
0.6145833333333334,1
0.6537396121883656,1
0.9546666666666667,1
0.6781609195402298,1
0.6161879895561357,1
0.6555555555555556,1
0.9344262295081968,1
0.6781609195402298,1
0.6161879895561357,1
0.6555555555555556,1
0.9344262295081968,1
0.6762177650429799,1
0.6145833333333334,1
0.6537396121883656,1
0.9546666666666667,1
0.7916666666666666,1
0.9508196721311475,1
0.7916666666666666,1
0.9508196721311475,1
0.7869822485207101,1
0.9456521739130435,1
0.7710144927536232,1
0.8461538461538461,1
1.0,1
0.7916666666666666,1
0.9508196721311475,1
0.7916666666666666,1
0.7869822485207101,1
0.9456521739130435,1
0.9389416553595658,1
0.9389416553595658,1
0.9326145552560647,1
0.7235494880546075,1
0.8120805369127517,1
0.8066666666666666,1
0.916256157635468,1
0.919431279620853,1
1.0,1
0.8831908831908832,1
0.8963414634146342,1
0.7192982456140351,1
0.9714285714285714,1
0.8571428571428571,1
0.8685015290519877,1
0.6606606606606606,1
0.9714285714285714,1
0.8571428571428571,1
0.8685015290519877,1
0.6606606606606606,1
0.9683544303797469,1
0.8547008547008547,1
0.8658536585365854,1
0.6900584795321637,1
0.8099173553719008,1
0.6525198938992043,1
0.8571428571428571,1
0.9766233766233766,1
0.7845303867403315,1
0.5978260869565217,1
0.8571428571428571,1
0.9766233766233766,1
0.7845303867403315,1
0.5978260869565217,1
0.8547008547008547,1
0.9740932642487047,1
0.7823691460055097,1
0.6259946949602122,1
0.7952127659574468,1
0.6949152542372882,1
0.8685015290519877,1
0.7845303867403315,1
0.9734513274336283,1
0.6376811594202898,1
0.8685015290519877,1
0.7845303867403315,1
0.9734513274336283,1
0.6376811594202898,1
0.8658536585365854,1
0.7823691460055097,1
0.9705882352941176,1
0.6666666666666666,1
0.6920821114369502,1
0.6276595744680851,1
0.6685552407932012,1
0.9526462395543176,1
0.6920821114369502,1
0.6276595744680851,1
0.6685552407932012,1
0.9526462395543176,1
0.6900584795321637,1
0.6259946949602122,1
0.6666666666666666,1
0.9728260869565217,1
0.844311377245509,1
0.9473684210526315,1
0.7964071856287425,1
0.9411764705882353,1
0.7916666666666666,1
0.9201277955271565,1
0.9411764705882353,1
0.7916666666666666,1
1.0,1
0.844311377245509,1
0.9473684210526315,1
0.9411764705882353,1
0.7916666666666666,1
0.7964071856287425,1
0.9560439560439561,1
0.7916666666666666,1
0.9508196721311475,1
0.7755102040816326,1
0.7916666666666666,1
0.9508196721311475,1
0.844311377245509,1
1.0,1
0.7964071856287425,1
0.7916666666666666,1
0.9508196721311475,1
0.9453551912568307,1
0.9389416553595658,1
0.8013468013468014,1
0.7959866220735786,1
0.8825214899713467,1
0.8957055214723927,1
0.6867469879518072,1
0.9745222929936306,1
0.8595988538681948,1
0.8711656441717791,1
0.6626506024096386,1
0.9714285714285714,1
0.8571428571428571,1
0.8685015290519877,1
0.6920821114369502,1
0.8088642659279779,1
0.6212534059945504,1
0.8595988538681948,1
0.9791666666666666,1
0.7867036011080333,1
0.5994550408719346,1
0.8571428571428571,1
0.9766233766233766,1
0.7845303867403315,1
0.6276595744680851,1
0.6627906976744186,1
0.8711656441717791,1
0.7867036011080333,1
0.9763313609467456,1
0.6395348837209303,1
0.8685015290519877,1
0.7845303867403315,1
0.9734513274336283,1
0.6685552407932012,1
0.6626506024096386,1
0.5994550408719346,1
0.6395348837209303,1
0.9771428571428571,1
0.6606606606606606,1
0.5978260869565217,1
0.6376811594202898,1
0.9526462395543176,1
0.844311377245509,1
0.9411764705882353,1
0.7916666666666666,1
0.9201277955271565,1
0.9411764705882353,1
0.7916666666666666,1
0.9473684210526315,1
0.7964071856287425,1
1.0,1
0.9411764705882353,1
0.7916666666666666,1
0.9389416553595658,1
0.7916666666666666,1
0.9508196721311475,1
0.7755102040816326,1
0.7916666666666666,1
0.9508196721311475,1
0.7964071856287425,1
0.9560439560439561,1
0.844311377245509,1
0.7916666666666666,1
0.9508196721311475,1
0.881578947368421,1
0.8825214899713467,1
0.8957055214723927,1
0.6867469879518072,1
0.9714285714285714,1
0.8571428571428571,1
0.8685015290519877,1
0.6920821114369502,1
0.8088642659279779,1
0.6212534059945504,1
0.8571428571428571,1
0.9766233766233766,1
0.7845303867403315,1
0.6276595744680851,1
0.6627906976744186,1
0.8685015290519877,1
0.7845303867403315,1
0.9734513274336283,1
0.6685552407932012,1
0.6606606606606606,1
0.5978260869565217,1
0.6376811594202898,1
0.9526462395543176,1
0.8461538461538461,1
0.9142857142857143,1
0.935064935064935,1
0.7869822485207101,1
0.9411764705882353,1
0.7916666666666666,1
0.9411764705882353,1
1.0,1
0.8461538461538461,1
0.7710144927536232,1
0.7869822485207101,1
0.9456521739130435,1
0.7916666666666666,1
0.9508196721311475,1
0.7916666666666666,1
0.8461538461538461,1
1.0,1
0.8857142857142857,1
0.916256157635468,1
0.8831908831908832,1
0.8963414634146342,1
0.7192982456140351,1
0.8099173553719008,1
0.6525198938992043,1
0.6949152542372882,1
1.0,1
1.0,1
1.0,1
1.0,1
1.0,1
1.0,1
0.9142857142857143,1
0.7710144927536232,1
0.9201277955271565,1
0.7755102040816326,1
0.9201277955271565,1
0.9142857142857143,1
0.7710144927536232,1
0.919431279620853,1
0.8461538461538461,1
0.9411764705882353,1
0.7916666666666666,1
0.9411764705882353,1
0.935064935064935,1
0.7869822485207101,1
0.7916666666666666,1
0.9508196721311475,1
0.7916666666666666,1
0.7869822485207101,1
0.9456521739130435,1
0.844311377245509,1
0.9473684210526315,1
0.9411764705882353,1
0.7916666666666666,1
0.7964071856287425,1
0.7916666666666666,1
0.9508196721311475,1
0.9411764705882353,1
0.7916666666666666,1
0.8461538461538461,1
1.0,1
0.0,0
0.04838709677419355,0
0.22972972972972974,0
0.14108910891089108,0
0.0,0
0.024242424242424242,0
0.0,0
0.0,0
0.0,0
0.050393700787401574,0
0.07272727272727272,0
0.10326086956521739,0
0.07936507936507936,0
0.024390243902439025,0
0.20809248554913296,0
0.17346938775510204,0
0.0,0
0.1111111111111111,0
0.1121751025991792,0
0.022988505747126436,0
0.0,0
0.0,0
0.03225806451612903,0
0.0,0
0.03679369250985545,0
0.072992700729927,0
0.0,0
0.0,0
0.25165562913907286,0
0.3037974683544304,0
0.0,0
0.09219858156028368,0
0.7207207207207207,0
0.13994169096209913,0
0.6880733944954128,0
0.12121212121212122,0
0.0,0
0.017094017094017096,0
0.026455026455026454,0
0.05235602094240838,0
0.013114754098360656,0
0.13286713286713286,0
0.13861386138613863,0
0.013559322033898305,0
0.034129692832764506,0
0.0,0
0.0,0
0.012468827930174564,0
0.0,0
0.0,0
0.07960199004975124,0
0.0784313725490196,0
0.5972850678733032,0
0.041237113402061855,0
0.014388489208633094,0
0.0,0
0.018518518518518517,0
0.0,0
0.08,0
0.12280701754385964,0
0.03600654664484452,0
0.05434782608695652,0
0.0,0
0.0625,0
0.05434782608695652,0
0.0,0
0.9253731343283582,0
0.03783783783783784,0
0.038461538461538464,0
0.34657039711191334,0
0.17582417582417584,0
0.34657039711191334,0
0.0,0
0.0,0
0.19696969696969696,0
0.12612612612612611,0
0.0,0
0.05714285714285714,0
0.011869436201780416,0
0.03977272727272727,0
0.0,0
0.0,0
0.18888888888888888,0
0.22727272727272727,0
0.242914979757085,0
0.07954545454545454,0
0.0684931506849315,0
0.32515337423312884,0
0.3987730061349693,0
0.28859060402684567,0
0.0,0
0.10584958217270195,0
0.29590017825311943,0
0.03571428571428571,0
0.0395778364116095,0
0.26229508196721313,0
0.09032258064516129,0
0.16759776536312848,0
0.0,0
0.054514480408858604,0
0.0,0
0.07105263157894737,0
0.01791044776119403,0
0.7736943907156673,0
0.0,0
0.3819628647214854,0
0.057692307692307696,0
0.0,0
0.08264462809917356,0
0.014492753623188406,0
0.058823529411764705,0
0.0,0
0.2540983606557377,0
0.8775510204081632,0
0.07407407407407407,0
0.015209125475285171,0
0.042704626334519574,0
0.07526881720430108,0
0.16,0
0.08333333333333333,0
0.06514657980456026,0
0.0,0
0.007556675062972292,0
0.14912280701754385,0
0.4943820224719101,0
0.05309734513274336,0
0.39634146341463417,0
0.29045643153526973,0
0.06336633663366337,0
0.08602150537634409,0
0.01279317697228145,0
0.13043478260869565,0
0.7284768211920529,0
0.0,0
0.19120458891013384,0
0.044989775051124746,0
0.0,0
0.0,0
0.6422018348623854,0
0.4514285714285714,0
0.038461538461538464,0
0.0,0
0.0,0
0.07282913165266107,0
0.0,0
0.5225225225225225,0
0.1407035175879397,0
0.0,0
0.24,0
0.044444444444444446,0
0.40229885057471265,0
0.13559322033898305,0
0.055299539170506916,0
0.18282548476454294,0
0.08494208494208494,0
0.03197674418604651,0
0.0,0
0.8686868686868687,0
0.22653721682847897,0
0.0,0
0.06451612903225806,0
0.06153846153846154,0
0.01702127659574468,0
0.0,0
0.0,0
0.038408779149519894,0
0.0,0
0.05813953488372093,0
0.03553299492385787,0
0.0,0
0.0,0
0.29535864978902954,0
0.07155635062611806,0
0.10646387832699619,0
0.0,0
0.0,0
0.021052631578947368,0
0.0,0
0.9175257731958762,0
0.3067484662576687,0
0.06896551724137931,0
0.0,0
0.0,0
0.22746781115879827,0
0.03260869565217391,0
0.16753926701570682,0
0.06451612903225806,0
0.6944444444444444,0
0.15267175572519084,0
0.0,0
0.02865329512893983,0
0.22653721682847897,0
0.0,0
0.024752475247524754,0
0.0,0
0.18181818181818182,0
0.04065040650406504,0
0.0,0
0.07653061224489796,0
0.0,0
0.021505376344086023,0
0.0,0
0.0,0
0.08746355685131195,0
0.056910569105691054,0
0.009852216748768473,0
0.011834319526627219,0
0.3542234332425068,0
0.056695992179863146,0
0.0,0
0.0,0
0.0683371298405467,0
0.23853211009174313,0
0.042105263157894736,0
0.09395973154362416,0
0.0,0
0.0,0
0.6386554621848739,0
0.03773584905660377,0
0.0,0
0.0,0
0.046511627906976744,0
0.3132530120481928,0
0.0425531914893617,0
0.31545741324921134,0
0.4835164835164835,0
0.46099290780141844,0
0.08955223880597014,0
0.0,0
0.0,0
0.0,0
0.0,0
0.022284122562674095,0
0.034482758620689655,0
0.0,0
0.0,0
0.22666666666666666,0
0.0,0
0.06726457399103139,0
0.033003300330033,0
0.039045553145336226,0
0.900523560209424,0
0.0,0
0.0,0
0.10677083333333333,0
0.26436781609195403,0
0.0,0
0.0,0
0.06222222222222222,0
0.052083333333333336,0
0.2236842105263158,0
0.03773584905660377,0
0.05405405405405406,0
0.03821656050955414,0
0.0,0
0.0668693009118541,0
0.0,0
0.052083333333333336,0
0.436241610738255,0
0.11171171171171171,0
0.06567164179104477,0
0.09090909090909091,0
0.044009779951100246,0
0.20657276995305165,0
0.0,0
0.050808314087759814,0
0.05161290322580645,0
0.10191082802547771,0
0.0,0
0.0,0
0.043010752688172046,0
0.07885304659498207,0
0.0,0
0.0,0
0.033734939759036145,0
0.0,0
0.0,0
0.0,0
0.06289308176100629,0
0.0,0
0.182370820668693,0
0.8768472906403941,0
0.08898305084745763,0
0.0,0
0.19157088122605365,0
0.28860759493670884,0
0.0,0
0.6179775280898876,0
0.14285714285714285,0
0.0,0
0.07792207792207792,0
0.0,0
0.03669724770642202,0
0.0,0
0.0,0
0.35772357723577236,0
0.0,0
0.0,0
0.05460750853242321,0
0.06578947368421052,0
0.13152804642166344,0
0.19753086419753085,0
0.0,0
0.176056338028169,0
0.4676258992805755,0
0.0,0
0.029411764705882353,0
0.03905160390516039,0
0.04363636363636364,0
0.0,0
0.09836065573770492,0
0.0,0
0.14953271028037382,0
0.06157965194109773,0
0.0,0
0.0,0
0.0,0
0.6775067750677507,0
0.0962962962962963,0
0.02493765586034913,0
0.0,0
0.046511627906976744,0
0.02054794520547945,0
0.0,0
0.08737864077669903,0
0.04608294930875576,0
0.008032128514056224,0
0.043795620437956206,0
0.0,0
0.0,0
0.0,0
0.0,0
0.0,0
0.0,0
0.019464720194647202,0
0.03007518796992481,0
0.02023121387283237,0
0.3548387096774194,0
0.1103448275862069,0
0.17857142857142858,0
0.03926096997690531,0
0.02952029520295203,0
0.0636042402826855,0
0.040968342644320296,0
0.4303030303030303,0
0.9207920792079208,0
0.0,0
0.0,0
0.0,0
0.10588235294117647,0
0.2914572864321608,0
0.0,0
0.03717472118959108,0
0.0,0
0.1411764705882353,0
0.8686868686868687,0
0.7207207207207207,0
0.31666666666666665,0
0.08450704225352113,0
0.5084745762711864,0
0.0,0
0.29553264604810997,0
0.21739130434782608,0
0.0,0
0.15,0
0.0,0
0.045,0
0.06918238993710692,0
0.08196721311475409,0
0.045627376425855515,0
0.0,0
0.0,0
0.0,0
0.0,0
0.11570247933884298,0
0.25609756097560976,0
0.358695652173913,0
0.0,0
0.0,0
0.0,0
0.0,0
0.017241379310344827,0
0.0125,0
0.10300429184549356,0
0.0,0
0.0,0
0.04405286343612335,0
0.1391941391941392,0
0.27184466019417475,0
0.04310344827586207,0
0.04460966542750929,0
0.0,0
0.0,0
0.2677165354330709,0
0.23478260869565218,0
0.0,0
0.24193548387096775,0
0.0,0
0.7899159663865546,0
0.022408963585434174,0
0.5223880597014925,0
0.12033195020746888,0
0.3314285714285714,0
0.0,0
0.0,0
0.05763688760806916,0
0.07674943566591422,0
0.0,0
0.031914893617021274,0
0.0,0
0.04915514592933948,0
0.17464788732394365,0
0.05555555555555555,0
0.0,0
0.0,0
0.0,0
0.11764705882352941,0
0.0,0
0.3567567567567568,0
0.03571428571428571,0
0.0,0
0.35064935064935066,0
0.0,0
0.008368200836820083,0
0.0,0
0.059880239520958084,0
0.0,0
0.0311284046692607,0
0.21631205673758866,0
0.021929824561403508,0
0.06438631790744467,0
0.04460966542750929,0
0.12083333333333333,0
0.0,0
0.0,0
0.01834862385321101,0
0.05813953488372093,0
0.24054982817869416,0
0.17037037037037037,0
0.3238095238095238,0
0.041884816753926704,0
0.0,0
0.7194244604316546,0
0.052770448548812667,0
0.0,0
0.29292929292929293,0
0.0,0
0.0,0
0.0,0
0.0,0
0.0,0
0.0,0
0.06006006006006006,0
0.0,0
0.0,0
0.0,0
0.0,0
0.06451612903225806,0
0.28,0
0.012232415902140673,0
0.0611764705882353,0
0.0,0
0.06198347107438017,0
0.042105263157894736,0
0.058666666666666666,0
0.2,0
0.42,0
0.01263823064770932,0
0.07655502392344497,0
0.4092219020172911,0
0.0,0
0.088,0
0.047619047619047616,0
0.6756756756756757,0
0.060240963855421686,0
0.12060301507537688,0
0.16923076923076924,0
0.16740088105726872,0
0.03745318352059925,0
0.5405405405405406,0
0.06289308176100629,0
0.0,0
0.0547945205479452,0
0.04524886877828054,0
0.0,0
0.42857142857142855,0
0.0,0
0.035961272475795295,0
0.1111111111111111,0
0.0,0
0.0547945205479452,0
0.1984732824427481,0
0.14732965009208104,0
0.0,0
0.13513513513513514,0
0.0975609756097561,0
0.013136288998357963,0
0.08029197080291971,0
0.4727272727272727,0
0.1745635910224439,0
0.052083333333333336,0
0.08595988538681948,0
0.29,0
0.0,0
0.0,0
0.0,0
0.026041666666666668,0
0.059782608695652176,0
0.11891891891891893,0
0.896551724137931,0
0.023809523809523808,0
0.0,0
0.19730941704035873,0
0.08280254777070063,0
0.11312217194570136,0
0.10576923076923077,0
0.0,0
0.08658008658008658,0
0.0,0
0.845771144278607,0
0.0,0
0.2446043165467626,0
0.03278688524590164,0
0.20444444444444446,0
0.0,0
0.2096069868995633,0
0.0,0
0.0,0
0.034447821681864235,0
0.0,0
0.0,0
0.2916666666666667,0
0.07891491985203453,0
0.07168458781362007,0
0.0,0
0.40540540540540543,0
0.0,0
0.0,0
0.1044776119402985,0
0.12030075187969924,0
0.1894150417827298,0
0.025870646766169153,0
0.02127659574468085,0
0.0,0
0.4981132075471698,0
0.046620046620046623,0
0.15418502202643172,0
0.07109004739336493,0
0.048426150121065374,0
0.0,0
0.0,0
0.0,0
0.2828282828282828,0
0.0,0
0.06397306397306397,0
0.0,0
0.0,0
0.8928571428571429,0
0.018315018315018316,0
0.020743301642178046,0
0.05512679162072767,0
0.1461187214611872,0
0.049479166666666664,0
0.06493506493506493,0
0.05619834710743802,0
0.06147540983606557,0
0.9251700680272109,0
0.0,0
0.19428571428571428,0
0.03164556962025317,0
0.0,0
0.0456490727532097,0
0.0,0
0.12167300380228137,0
0.0,0
0.06962025316455696,0
0.036036036036036036,0
0.0,0
0.27979274611398963,0
0.0912863070539419,0
0.021739130434782608,0
0.5225225225225225,0
0.0963302752293578,0
0.011428571428571429,0
0.06875,0
0.024518388791593695,0
0.2097902097902098,0
0.4744525547445255,0
0.0,0
0.027700831024930747,0
0.4943820224719101,0
0.041025641025641026,0
0.0,0
0.11864406779661017,0
0.0,0
0.10033444816053512,0
0.11744386873920552,0
0.0,0
0.03367003367003367,0
0.0,0
0.0,0
0.3192771084337349,0
0.0,0
0.09523809523809523,0
0.23255813953488372,0
0.05604203152364273,0
0.0,0
0.1033210332103321,0
0.1978798586572438,0
0.05319148936170213,0
0.26136363636363635,0
0.0,0
0.01996007984031936,0
0.025142857142857144,0
0.04222648752399232,0
0.1,0
0.384,0
0.2687224669603524,0
0.0,0
0.5945945945945946,0
0.07432432432432433,0
0.12,0
0.07936507936507936,0
0.03728813559322034,0
0.05542725173210162,0
0.3983402489626556,0
0.0,0
0.16393442622950818,0
0.0,0
0.35555555555555557,0
0.0,0
0.0332409972299169,0
0.0,0
0.012834224598930482,0
0.07751937984496124,0
0.0,0
0.008,0
0.14084507042253522,0
0.0,0
0.27246376811594203,0
0.8296296296296296,0
0.033126293995859216,0
0.11764705882352941,0
0.0,0
0.0,0
0.10309278350515463,0
0.05263157894736842,0
0.08277703604806408,0
0.06043956043956044,0
0.0653061224489796,0
0.0744047619047619,0
0.0,0
0.0,0
0.0,0
0.0,0
0.03260869565217391,0
0.3639921722113503,0
0.045454545454545456,0
0.05224963715529753,0
0.19951338199513383,0
0.0,0
0.06060606060606061,0
0.0,0
0.0,0
0.04633204633204633,0
0.11267605633802817,0
0.014265335235378032,0
0.06717557251908397,0
0.0,0
0.014705882352941176,0
0.0,0
0.18579234972677597,0
0.02364066193853428,0
0.05747126436781609,0
0.026022304832713755,0
0.06844106463878327,0
0.22442244224422442,0
0.007782101167315175,0
0.0,0
0.0,0
0.0,0
0.088,0
0.08196721311475409,0
0.0,0
0.0,0
0.7142857142857143,0
0.0,0
0.5217391304347826,0
0.032171581769437,0
0.09411764705882353,0
0.0,0
0.0,0
0.0,0
0.0,0
0.07258064516129033,0
0.09130434782608696,0
0.010309278350515464,0
0.23481781376518218,0
0.845771144278607,0
0.07792207792207792,0
0.07194244604316546,0
0.024242424242424242,0
0.12213740458015267,0
0.35374149659863946,0
0.011039558417663294,0
0.15337423312883436,0
0.05405405405405406,0
0.3665158371040724,0
0.9251700680272109,0
0.0650887573964497,0
0.0,0
0.684931506849315,0
0.014652014652014652,0
0.053475935828877004,0
0.25076452599388377,0
0.061946902654867256,0
0.0,0
0.2169811320754717,0
0.0,0
0.058394160583941604,0
0.08148148148148149,0
0.17304492512479203,0
0.0743801652892562,0
0.28688524590163933,0
0.03876852907639681,0
0.013071895424836602,0
0.10218978102189781,0
0.056140350877192984,0
0.038910505836575876,0
0.04176334106728538,0
0.3188405797101449,0
0.0,0
0.6428571428571429,0
0.6111111111111112,0
0.03225806451612903,0
0.0,0
0.0,0
0.0,0
0.0,0
0.0,0
0.027777777777777776,0
0.0851063829787234,0
0.20242914979757085,0
0.07352941176470588,0
0.11023622047244094,0
0.040983606557377046,0
0.02373887240356083,0
0.05309734513274336,0
0.06726457399103139,0
0.0,0
0.0,0
0.0,0
0.0,0
0.7142857142857143,0
0.28820960698689957,0
0.0,0
0.16666666666666666,0
0.21428571428571427,0
0.0,0
0.033707865168539325,0
0.5405405405405406,0
0.07629427792915532,0
0.0,0
0.7203791469194313,0
0.011723329425556858,0
0.0380952380952381,0
0.05454545454545454,0
0.027944111776447105,0
0.022598870056497175,0
0.11721611721611722,0
0.19318181818181818,0
0.0,0
0.6297872340425532,0
0.900990099009901,0
0.0,0
0.06666666666666667,0
0.0,0
0.0,0
0.0,0
0.6401515151515151,0
0.0,0
0.05405405405405406,0
0.2925170068027211,0
0.0,0
0.08333333333333333,0
0.181360201511335,0
0.7207207207207207,0
0.0,0
0.21428571428571427,0
0.09937888198757763,0
0.2422145328719723,0
0.4870848708487085,0
0.21476510067114093,0
0.2062780269058296,0
0.03636363636363636,0
0.06165703275529865,0
0.07017543859649122,0
0.0,0
0.3111111111111111,0
0.08791208791208792,0
0.0,0
0.27246376811594203,0
0.7142857142857143,0
0.47794117647058826,0
0.0,0
0.08016032064128256,0
0.8730964467005076,0
0.04246284501061571,0
0.5321100917431193,0
0.13333333333333333,0
0.34285714285714286,0
0.0,0
0.023054755043227664,0
0.0,0
0.009852216748768473,0
0.03597122302158273,0
0.0,0
0.09090909090909091,0
0.1856763925729443,0
0.42125237191650855,0
0.07142857142857142,0
0.2914572864321608,0
0.3295880149812734,0
0.0,0
0.0,0
0.3058823529411765,0
0.0,0
0.1519756838905775,0
0.1606425702811245,0
0.0,0
0.0,0
0.10062893081761007,0
0.06880733944954129,0
0.0,0
0.11570247933884298,0
0.0,0
0.0,0
0.5691056910569106,0
0.014457831325301205,0
0.0,0
0.28762541806020064,0
0.0,0
0.10975609756097561,0
0.5058365758754864,0
0.10469314079422383,0
0.031914893617021274,0
0.20454545454545456,0
0.0,0
0.041237113402061855,0
0.016227180527383367,0
0.1937984496124031,0
0.0,0
0.05142857142857143,0
0.012853470437017995,0
0.42857142857142855,0
0.0,0
0.0,0
0.20795107033639143,0
0.9052631578947369,0
0.0,0
0.054514480408858604,0
0.3364485981308411,0
0.0,0
0.4748201438848921,0
0.0,0
0.39097744360902253,0
0.0,0
0.06808510638297872,0
0.14241486068111456,0
0.03875968992248062,0
0.06324110671936758,0
0.25380710659898476,0
0.02247191011235955,0
0.0,0
0.14084507042253522,0
0.0,0
0.047058823529411764,0
0.0,0
0.0,0
0.2535211267605634,0
0.07954545454545454,0
0.0,0
0.0,0
0.015060240963855422,0
0.1206896551724138,0
0.07368421052631578,0
0.016150740242261104,0
0.0,0
0.06711409395973154,0
0.2484076433121019,0
0.04819277108433735,0
0.0,0
0.0,0
0.0639269406392694,0
0.0,0
0.0840630472854641,0
0.0,0
0.0,0
0.0,0
0.2731707317073171,0
0.0,0
0.07152317880794702,0
0.050505050505050504,0
0.3298245614035088,0
0.32642487046632124,0
0.2198581560283688,0
0.0,0
0.05291005291005291,0
0.02336448598130841,0
0.07692307692307693,0
0.07766990291262135,0
0.046511627906976744,0
0.05747126436781609,0
0.4727272727272727,0
0.02608695652173913,0
0.024509803921568627,0
0.03508771929824561,0
0.08849557522123894,0
0.12258064516129032,0
0.10094637223974763,0
0.0,0
0.07191011235955057,0
0.0,0
0.0,0
0.08870967741935484,0
0.014545454545454545,0
0.18045112781954886,0
0.05,0
0.0,0
0.11320754716981132,0
0.0,0
0.07792207792207792,0
0.0,0
0.04184100418410042,0
0.0,0
0.15458937198067632,0
0.08888888888888889,0
0.053475935828877004,0
0.37992831541218636,0
0.0,0
0.0,0
0.0,0
0.0469208211143695,0
0.0,0
0.03767123287671233,0
0.7194860813704497,0
0.02203856749311295,0
0.014150943396226415,0
0.0875,0
0.07575757575757576,0
0.09056603773584905,0
0.1164021164021164,0
0.16666666666666666,0
0.0,0
0.0,0
0.0,0
0.4946445959104187,0
0.033271719038817,0
0.1415929203539823,0
0.0,0
0.037606837606837605,0
0.06589785831960461,0
0.28762541806020064,0
0.0,0
0.030612244897959183,0
0.5144927536231884,0
0.3567567567567568,0
0.0,0
0.05581395348837209,0
0.04304635761589404,0
0.07453416149068323,0
0.07317073170731707,0
0.07650273224043716,0
0.05373134328358209,0
0.10588235294117647,0
0.02857142857142857,0
0.0,0
0.0,0
0.0,0
0.17506631299734748,0
0.032467532467532464,0
0.0,0
0.0,0
0.144,0
0.16730038022813687,0
0.08839779005524862,0
0.0,0
0.023980815347721823,0
0.0,0
0.06376811594202898,0
0.03914590747330961,0
0.0,0
0.033783783783783786,0
0.6818181818181818,0
0.0,0
0.10444874274661509,0
0.04878048780487805,0
0.07734806629834254,0
0.39361702127659576,0
0.0,0
0.059880239520958084,0
0.29219143576826195,0
0.09523809523809523,0
0.072992700729927,0
0.028268551236749116,0
0.0,0
0.10635538261997406,0
0.0,0
0.19653179190751446,0
0.0,0
0.07142857142857142,0
0.012269938650306749,0
0.10204081632653061,0
0.0433996383363472,0
0.06611570247933884,0
0.0,0
0.0,0
0.0,0
0.7241379310344828,0
0.0912863070539419,0
0.18126888217522658,0
0.06172839506172839,0
0.06688963210702341,0
0.0,0
0.0663265306122449,0
0.0425531914893617,0
0.11949685534591195,0
0.16666666666666666,0
0.02531645569620253,0
0.22149837133550487,0
0.0,0
0.0,0
0.0,0
0.011846001974333662,0
0.11,0
0.0,0
0.0,0
0.08791208791208792,0
0.0,0
0.05,0
0.0,0
0.06109979633401222,0
0.0,0
0.0,0
0.06914893617021277,0
0.08865710560625815,0
0.0,0
0.09523809523809523,0
0.0,0
0.882051282051282,0
0.05405405405405406,0
0.10650887573964497,0
0.1700404858299595,0
0.0,0
0.0,0
0.0,0
0.0650887573964497,0
0.05806451612903226,0
0.08097165991902834,0
0.7191780821917808,0
0.0,0
0.0,0
0.050761421319796954,0
0.498960498960499,0
0.0,0
0.26022304832713755,0
0.0,0
0.0,0
0.0,0
0.03785488958990536,0
0.0,0
0.22510822510822512,0
0.08064516129032258,0
0.04484304932735426,0
0.06451612903225806,0
0.3847980997624703,0
0.10810810810810811,0
0.3525423728813559,0
0.04186046511627907,0
0.0,0
0.0,0
0.1652892561983471,0
0.10033444816053512,0
0.01904761904761905,0
0.03893805309734513,0
0.48590021691973967,0
0.7203791469194313,0
0.20449897750511248,0
0.08391608391608392,0
0.2099737532808399,0
0.07971014492753623,0
0.28688524590163933,0
0.2631578947368421,0
0.04281345565749235,0
0.0,0
0.12213740458015267,0
0.0,0
0.014405762304921969,0
0.06279434850863422,0
0.09923664122137404,0
0.0,0
0.0,0
0.032679738562091505,0
0.4925373134328358,0
0.087527352297593,0
0.05789473684210526,0
0.0,0
0.16666666666666666,0
0.041121495327102804,0
0.0,0
0.14285714285714285,0
0.33440514469453375,0
0.13861386138613863,0
0.0,0
0.0,0
0.2548262548262548,0
0.047619047619047616,0
0.049689440993788817,0
0.24431818181818182,0
0.43795620437956206,0
0.0,0
0.08097165991902834,0
0.0,0
0.05417607223476298,0
0.1320754716981132,0
0.0,0
0.03880597014925373,0
0.06451612903225806,0
0.06993006993006994,0
0.0,0
0.3105590062111801,0
0.06134969325153374,0
0.20865139949109415,0
0.0,0
0.3773965691220989,0
0.263681592039801,0
0.02610966057441253,0
0.045871559633027525,0
0.031496062992125984,0
0.014545454545454545,0
0.0,0
0.04807692307692308,0
0.3333333333333333,0
0.3343465045592705,0
0.0,0
0.033783783783783786,0
0.01762114537444934,0
0.0,0
0.0,0
0.0,0
0.13533834586466165,0
0.13051823416506717,0
0.0196078431372549,0
0.08088235294117647,0
0.03260869565217391,0
0.0,0
0.0,0
0.09090909090909091,0
0.18090452261306533,0
0.060240963855421686,0
0.0,0
0.11965811965811966,0
0.05263157894736842,0
0.07042253521126761,0
0.042643923240938165,0
0.05263157894736842,0
0.0,0
0.05128205128205128,0
0.0,0
0.010958904109589041,0
0.0,0
0.06303724928366762,0
0.0,0
0.0,0
0.5078125,0
0.2925170068027211,0
0.0,0
0.0,0
0.0,0
0.05263157894736842,0
0.0,0
0.0,0
0.2945205479452055,0
0.07604562737642585,0
0.0,0
0.02702702702702703,0
0.028368794326241134,0
0.1271860095389507,0
0.0,0
0.0851063829787234,0
0.0,0
0.07942238267148015,0
0.06622516556291391,0
0.0,0
0.03854389721627409,0
0.0,0
0.2857142857142857,0
0.07962529274004684,0
0.22435897435897437,0
0.4713804713804714,0
0.012269938650306749,0
0.014018691588785047,0
0.060324825986078884,0
0.07575757575757576,0
0.0,0
0.07407407407407407,0
0.033210332103321034,0
0.12206572769953052,0
0.15789473684210525,0
0.06832298136645963,0
0.056074766355140186,0
0.0,0
0.04435483870967742,0
0.3048780487804878,0
0.048426150121065374,0
0.102803738317757,0
0.45595854922279794,0
0.11636363636363636,0
0.12307692307692308,0
0.2819672131147541,0
0.0546448087431694,0
0.0,0
0.22972972972972974,0
0.3064516129032258,0
0.02506265664160401,0
0.16518424396442186,0
0.0,0
0.018912529550827423,0
0.0979020979020979,0
0.16227180527383367,0
0.05934718100890208,0
0.9740932642487047,0
0.0,0
0.0468384074941452,0
0.03314917127071823,0
0.0,0
0.06470588235294118,0
0.0,0
0.4439746300211416,0
0.11295681063122924,0
0.025821596244131457,0
0.1388101983002833,0
0.05917159763313609,0
0.31446540880503143,0
0.0,0
0.896551724137931,0
0.0,0
0.0,0
0.6027397260273972,0
0.0,0
0.0989010989010989,0
0.5138339920948617,0
0.08,0
0.0,0
0.03968253968253968,0
0.0365296803652968,0
0.0,0
0.0,0
0.08372093023255814,0
0.5759637188208617,0
0.1308411214953271,0
0.1721311475409836,0
0.09848484848484848,0
0.0,0
0.04149377593360996,0
0.2392638036809816,0
0.15709969788519637,0
0.29,0
0.26038781163434904,0
0.49808429118773945,0
0.2743682310469314,0
0.0,0
0.010666666666666666,0
0.6612903225806451,0
0.0,0
0.29971181556195964,0
0.0594059405940594,0
0.05291005291005291,0
0.0,0
0.0,0
0.7780320366132724,0
0.1702127659574468,0
0.07161125319693094,0
0.0,0
0.6666666666666666,0
0.0,0
0.11475409836065574,0
0.19263456090651557,0
0.9108910891089109,0
0.0,0
0.5136612021857924,0
0.06134969325153374,0
0.0,0
0.0,0
0.3350895679662803,0
0.7203791469194313,0
0.02710027100271003,0
0.0,0
0.030252100840336135,0
0.0,0
0.0,0
0.9827586206896551,0
0.5109489051094891,0
0.0,0
0.0,0
0.0,0
0.0,0
0.043333333333333335,0
0.0,0
0.038876889848812095,0
0.0,0
0.4772727272727273,0
0.5938566552901023,0
0.625,0
0.0,0
0.263681592039801,0
0.0,0
0.0,0
0.03367003367003367,0
