0.9328358208955224,1
0.924812030075188,1
0.8151815181518152,1
0.8151815181518152,1
0.9300567107750473,1
0.935361216730038,1
0.9087523277467412,1
0.8994515539305301,1
0.9196261682242991,1
0.924812030075188,1
0.8151815181518152,1
0.8151815181518152,1
0.9300567107750473,1
0.935361216730038,1
0.9087523277467412,1
0.8994515539305301,1
0.9196261682242991,1
0.8073089700996677,1
0.8073089700996677,1
0.9371428571428572,1
0.9425287356321839,1
0.9155722326454033,1
0.9060773480662984,1
0.9265536723163842,1
0.9112426035502958,1
0.8113522537562604,1
0.8154362416107382,1
0.7940691927512356,1
0.7876823338735819,1
0.8033057851239669,1
0.8113522537562604,1
0.8154362416107382,1
0.7940691927512356,1
0.7876823338735819,1
0.8033057851239669,1
0.9479768786127167,1
0.9207547169811321,1
0.9111111111111111,1
0.9318181818181818,1
0.9259962049335864,1
0.9162011173184358,1
0.9371428571428572,1
0.8905109489051095,1
0.9104477611940298,1
0.9010989010989011,1
0.8981636060100167,1
0.8805237315875614,1
0.8848684210526315,1
0.9684601113172542,1
0.8637236084452975,1
0.9090909090909091,1
0.9120879120879121,1
0.9171270718232044,1
0.9222222222222223,1
0.907103825136612,1
0.9104204753199269,1
0.9021739130434783,1
0.8961538461538462,1
0.9108159392789373,1
0.8807339449541285,1
0.8856088560885609,1
0.8905380333951762,1
0.8759124087591241,1
0.8791208791208791,1
0.8711433756805808,1
0.8840864440078585,1
0.8538899430740038,1
0.8587786259541985,1
0.8637236084452975,1
0.8490566037735849,1
0.8522727272727273,1
0.8442776735459663,1
0.898876404494382,1
0.903954802259887,1
0.9090909090909091,1
0.8938547486033519,1
0.897196261682243,1
0.8888888888888888,1
0.9398907103825137,1
0.945054945054945,1
0.9297297297297298,1
0.9330922242314648,1
0.9247311827956989,1
0.9502762430939227,1
0.9347826086956522,1
0.9381818181818182,1
0.9297297297297298,1
0.9398907103825137,1
0.943327239488117,1
0.9347826086956522,1
0.9280575539568345,1
0.9197860962566845,1
0.9481216457960644,1
0.9029126213592233,1
0.963855421686747,1
0.9803921568627451,1
0.8282828282828283,1
0.822742474916388,1
0.8661971830985915,1
0.8918918918918919,1
0.8794326241134752,1
0.5341914722445696,1
0.8708891595615104,1
0.8552803129074316,1
0.8317214700193424,1
0.8168044077134986,1
0.817283950617284,1
0.8202323991797676,1
0.8289473684210527,1
0.9281045751633987,1
0.7581699346405228,1
0.7581699346405228,1
0.9281045751633987,1
0.8311688311688312,1
0.7431693989071039,1
0.7411764705882353,1
0.7433628318584071,1
0.9538043478260869,1
0.7159090909090909,1
0.7103825136612022,1
0.6480446927374302,1
0.6480446927374302,1
0.7428571428571429,1
0.7032967032967034,1
0.718052738336714,1
0.9285714285714286,1
0.963855421686747,1
0.8402366863905325,1
0.5480769230769231,1
0.7702702702702703,1
0.504424778761062,1
0.5603448275862069,1
0.5603448275862069,1
0.5560975609756098,1
0.5181818181818182,1
0.5,1
0.4978165938864629,1
0.5662100456621004,1
0.7169811320754716,1
0.5991561181434599,1
0.5102880658436214,1
0.5102880658436214,1
0.5740740740740741,1
0.6147186147186147,1
0.5941422594142259,1
0.5916666666666667,1
0.5757575757575758,1
0.8043478260869565,1
0.7872340425531915,1
0.7872340425531915,1
0.8705882352941177,1
0.8222222222222222,1
0.7985611510791367,1
0.7956989247311828,1
0.5277777777777778,1
0.5135135135135135,1
0.5135135135135135,1
0.5846153846153846,1
0.5428571428571428,1
0.5229357798165137,1
0.5205479452054794,1
0.74,1
0.74,1
0.8131868131868132,1
0.8958333333333334,1
0.8716216216216216,1
0.8686868686868687,1
0.803921568627451,1
0.7956989247311828,1
0.7551020408163265,1
0.7350993377483444,1
0.7326732673267327,1
0.7956989247311828,1
0.7551020408163265,1
0.7350993377483444,1
0.7326732673267327,1
0.8314606741573034,1
0.8072727272727273,1
0.8043478260869565,1
0.8896551724137931,1
0.8865979381443299,1
0.862876254180602,1
0.85,1
1.0,1
0.7766990291262136,1
1.0,1
0.9425287356321839,1
0.8434504792332268,1
0.785234899328859,1
0.5960264900662252,1
0.7213114754098361,1
0.9308510638297872,1
0.9855595667870036,1
0.9473684210526315,1
0.8036529680365296,1
1.0,1
0.8805970149253731,1
0.8939393939393939,1
0.6461538461538462,1
0.9142857142857143,1
1.0,1
1.0,1
1.0,1
1.0,1
1.0,1
1.0,1
1.0,1
1.0,1
1.0,1
1.0,1
1.0,1
0.7459016393442623,1
1.0,1
1.0,1
0.8490566037735849,1
0.978494623655914,1
0.8586387434554974,1
0.9385474860335196,1
0.8,1
0.8,1
0.945273631840796,1
0.8571428571428571,1
1.0,1
1.0,1
0.7479674796747967,1
0.7534883720930232,1
0.8599033816425121,1
0.6940639269406392,1
0.6434782608695652,1
0.768595041322314,1
0.6923076923076923,1
0.8253012048192772,1
0.7787610619469026,1
0.7766990291262136,1
0.8771929824561403,1
0.9137931034482759,1
0.905982905982906,1
0.7931034482758621,1
0.7931034482758621,1
0.7863247863247863,1
0.9137931034482759,1
0.9915966386554622,1
0.8813559322033898,1
0.8739495798319328,1
1.0,1
1.0,1
1.0,1
1.0,1
1.0,1
1.0,1
1.0,1
1.0,1
1.0,1
1.0,1
1.0,1
0.8827586206896552,1
0.863013698630137,1
0.7154811715481172,1
0.8518518518518519,1
0.8518518518518519,1
0.7916666666666666,1
0.8088888888888889,1
0.8235294117647058,1
0.9323308270676691,1
0.703125,1
0.7153284671532847,1
0.7058823529411765,1
1.0,1
0.9900709219858156,1
0.905511811023622,1
0.8984375,1
0.9126984126984127,1
0.9734513274336283,1
0.957345971563981,1
1.0,1
1.0,1
0.7630522088353414,1
0.8824742268041237,1
0.8403361344537815,1
0.8748419721871049,1
0.817258883248731,1
0.8568047337278106,1
0.8028503562945368,1
0.9479768786127167,1
0.7135416666666666,1
0.6788990825688074,1
0.9367088607594937,1
0.7135416666666666,1
0.6535947712418301,1
0.817258883248731,1
0.8248914616497829,1
0.7288629737609329,1
0.6535947712418301,1
0.7112860892388452,1
0.8738853503184714,1
0.7587209302325582,1
0.7935578330893118,1
0.8201680672268907,1
1.0,1
0.958981612446959,1
0.782051282051282,1
0.7845303867403315,1
0.7445652173913043,1
0.7736389684813754,1
0.7611111111111111,1
0.7917888563049853,1
0.8645533141210374,1
0.8201680672268907,1
0.782051282051282,1
0.9463955637707948,1
0.8163265306122449,1
1.0,1
0.8767123287671232,1
0.9454545454545454,1
0.8163265306122449,1
0.7339449541284404,1
0.6108374384236454,1
0.7339449541284404,1
0.6063569682151589,1
0.7272727272727273,1
0.7407407407407407,1
0.7339449541284404,1
0.5660377358490566,1
0.5700712589073634,1
0.5448504983388704,1
0.43157894736842106,1
0.8163265306122449,1
0.951276102088167,1
0.9447004608294931,1
0.7098591549295775,1
0.9130434782608695,1
0.7039106145251397,1
0.9032258064516129,1
0.9230769230769231,1
0.9130434782608695,1
0.675603217158177,1
0.6810810810810811,1
0.696,1
0.5288753799392097,1
0.7774647887323943,1
0.9382151029748284,1
0.7039106145251397,1
0.7159090909090909,1
0.7098591549295775,1
0.5575221238938053,1
0.5612472160356348,1
0.5288753799392097,1
0.8137254901960784,1
0.7039106145251397,1
0.9032258064516129,1
0.9230769230769231,1
0.9130434782608695,1
0.675603217158177,1
0.6810810810810811,1
0.696,1
0.5288753799392097,1
0.7811634349030471,1
0.7098591549295775,1
0.7039106145251397,1
0.5538461538461539,1
0.5575221238938053,1
0.5240963855421686,1
0.8077858880778589,1
0.8163265306122449,1
0.9302325581395349,1
0.8783783783783784,1
1.0,1
0.9130434782608695,1
0.9032258064516129,1
0.6702127659574468,1
0.675603217158177,1
0.6877470355731226,1
0.5240963855421686,1
0.9349112426035503,1
0.9186046511627907,1
0.9404761904761905,1
0.9404761904761905,1
0.9349112426035503,1
0.9404761904761905,1
1.0,1
0.9349112426035503,1
0.9186046511627907,1
0.9404761904761905,1
0.9404761904761905,1
0.9349112426035503,1
0.9404761904761905,1
0.951276102088167,1
1.0,1
0.9230769230769231,1
0.6810810810810811,1
0.6866485013623979,1
0.7044534412955465,1
0.5337423312883436,1
0.675603217158177,1
0.6810810810810811,1
0.664,1
0.5775075987841946,1
0.9377049180327869,1
1.0,1
0.9377049180327869,1
0.9392265193370166,1
1.0,1
0.9392265193370166,1
0.9472,1
0.9377049180327869,1
1.0,1
0.9392265193370166,1
1.0,1
0.9293361884368309,1
0.5014409221902018,1
0.4084507042253521,1
0.9239766081871345,1
0.9461077844311377,1
0.9461077844311377,1
0.9404761904761905,1
0.9461077844311377,1
0.9349112426035503,1
1.0,1
0.9239766081871345,1
0.9461077844311377,1
0.9461077844311377,1
0.9404761904761905,1
0.9461077844311377,1
0.9294117647058824,1
0.9294117647058824,1
0.9239766081871345,1
0.9294117647058824,1
0.9186046511627907,1
0.9239766081871345,1
1.0,1
0.9294117647058824,1
0.9294117647058824,1
0.9239766081871345,1
0.9294117647058824,1
0.9518072289156626,1
0.9461077844311377,1
0.9518072289156626,1
0.9404761904761905,1
0.9461077844311377,1
0.9294117647058824,1
1.0,1
0.9518072289156626,1
0.9461077844311377,1
0.9518072289156626,1
0.5058139534883721,1
0.41134751773049644,1
0.958981612446959,1
0.782051282051282,1
0.9461077844311377,1
0.9518072289156626,1
0.9404761904761905,1
0.9461077844311377,1
0.9294117647058824,1
0.9518072289156626,1
1.0,1
0.9461077844311377,1
0.9518072289156626,1
0.9461077844311377,1
0.9349112426035503,1
0.9404761904761905,1
0.9239766081871345,1
0.9461077844311377,1
0.9461077844311377,1
1.0,1
0.9461077844311377,1
0.9404761904761905,1
0.9461077844311377,1
0.9294117647058824,1
0.9518072289156626,1
0.9518072289156626,1
0.9461077844311377,1
1.0,1
1.0,1
0.4723618090452261,1
0.6408450704225352,1
0.8431372549019608,1
1.0,1
0.4723618090452261,1
0.4939271255060729,1
0.47904191616766467,1
0.4723618090452261,1
1.0,1
0.8648648648648649,1
1.0,1
0.8648648648648649,1
0.945054945054945,1
0.8028503562945368,1
0.8671140939597315,1
0.8324324324324325,1
0.8557806912991657,1
0.8059299191374663,1
0.89280868385346,1
0.8648648648648649,1
1.0,1
0.6535947712418301,1
0.7368421052631579,1
0.6864686468646864,1
0.9103448275862069,1
0.9019607843137255,1
0.6852589641434262,1
0.918918918918919,1
0.8047337278106509,1
0.7951807228915663,1
0.6666666666666666,1
0.6408450704225352,1
0.4939271255060729,1
0.8431372549019608,1
0.47904191616766467,1
0.7335092348284961,1
0.7873303167420814,1
0.732824427480916,1
0.8361408882082695,1
0.9185888738127544,1
0.9,1
0.4632352941176471,1
0.8876404494382022,1
0.9764102564102564,1
0.925589836660617,1
0.9559748427672956,1
0.9333333333333333,1
0.8392156862745098,1
1.0,1
0.8767123287671232,1
0.9454545454545454,1
0.8163265306122449,1
0.8163265306122449,1
0.9302325581395349,1
0.8783783783783784,1
0.9349112426035503,1
0.9186046511627907,1
0.9404761904761905,1
0.9404761904761905,1
0.9349112426035503,1
0.9404761904761905,1
0.9377049180327869,1
0.9392265193370166,1
0.9239766081871345,1
0.9461077844311377,1
0.9461077844311377,1
0.9404761904761905,1
0.9461077844311377,1
0.9294117647058824,1
0.9294117647058824,1
0.9239766081871345,1
0.9294117647058824,1
0.9518072289156626,1
0.9461077844311377,1
0.9518072289156626,1
0.9461077844311377,1
0.9518072289156626,1
0.9461077844311377,1
0.4723618090452261,1
0.8648648648648649,1
0.918918918918919,1
0.7308673469387755,1
0.85766092475068,1
0.9345794392523364,1
0.9617224880382775,1
0.9571428571428572,1
0.9663461538461539,1
0.9617224880382775,1
0.9571428571428572,1
0.95260663507109,1
0.9345794392523364,1
0.9302325581395349,1
0.9389671361502347,1
0.9345794392523364,1
0.9302325581395349,1
0.9259259259259259,1
0.9571428571428572,1
0.9663461538461539,1
0.9617224880382775,1
0.9571428571428572,1
0.95260663507109,1
0.9617224880382775,1
0.9571428571428572,1
0.95260663507109,1
0.9481132075471698,1
0.9663461538461539,1
0.9617224880382775,1
0.9571428571428572,1
0.9571428571428572,1
0.95260663507109,1
0.9481132075471698,1
0.8810810810810811,1
0.8338557993730408,1
0.8516902944383861,1
0.8216374269005848,1
0.7175792507204611,1
0.9482233502538071,1
0.8863198458574181,1
0.769620253164557,1
0.7378640776699029,1
0.8631772268135904,1
0.7572815533980582,1
0.7878787878787878,1
0.8797517455391777,1
0.8462686567164179,1
0.9657027572293208,1
0.7787610619469026,1
0.7892376681614349,1
0.7719298245614035,1
0.7822222222222223,1
0.7822222222222223,1
0.7457627118644068,1
0.8844221105527639,1
0.8627450980392157,1
0.8756218905472637,1
0.8756218905472637,1
0.8301886792452831,1
0.8756218905472637,1
0.8888888888888888,1
0.8888888888888888,1
0.8421052631578947,1
0.8669950738916257,1
0.8669950738916257,1
0.822429906542056,1
0.88,1
0.8341232227488151,1
0.8341232227488151,1
0.6573705179282868,1
0.9194915254237288,1
0.5521126760563381,1
0.56,1
0.5444444444444444,1
0.5521126760563381,1
0.5521126760563381,1
0.536986301369863,1
0.5444444444444444,1
0.5297297297297298,1
0.889589905362776,1
0.8623853211009175,1
0.8757763975155279,1
0.8757763975155279,1
0.8493975903614458,1
0.8623853211009175,1
0.8367952522255193,1
0.8757763975155279,1
0.889589905362776,1
0.889589905362776,1
0.8623853211009175,1
0.8757763975155279,1
0.8493975903614458,1
0.8623853211009175,1
0.8623853211009175,1
0.8367952522255193,1
0.8493975903614458,1
0.8245614035087719,1
0.7672131147540984,1
0.8757763975155279,1
0.8493975903614458,1
0.8623853211009175,1
0.8367952522255193,1
0.8493975903614458,1
0.8623853211009175,1
0.8367952522255193,1
0.8367952522255193,1
0.8126801152737753,1
0.8245614035087719,1
0.8543417366946778,1
0.7542662116040956,1
0.9120370370370371,1
0.788659793814433,1
0.9358669833729216,1
0.7373493975903614,1
1.0,1
0.9645232815964523,1
0.9295774647887324,1
0.943089430894309,1
0.966804979253112,1
0.9628099173553719,1
0.9708333333333333,1
0.966804979253112,1
0.9628099173553719,1
0.9588477366255144,1
0.943089430894309,1
0.9392712550607287,1
0.9469387755102041,1
0.943089430894309,1
0.9392712550607287,1
0.9354838709677419,1
0.9628099173553719,1
0.9708333333333333,1
0.966804979253112,1
0.9628099173553719,1
0.9588477366255144,1
0.966804979253112,1
0.9628099173553719,1
0.9588477366255144,1
0.9549180327868853,1
0.9708333333333333,1
0.966804979253112,1
0.9628099173553719,1
0.9628099173553719,1
0.9588477366255144,1
0.9549180327868853,1
0.787515006002401,1
0.9519650655021834,1
0.9437229437229437,1
0.9478260869565217,1
0.956140350877193,1
0.9519650655021834,1
0.9478260869565217,1
0.9572649572649573,1
0.9613733905579399,1
0.9696969696969697,1
0.9655172413793104,1
0.9613733905579399,1
0.9531914893617022,1
0.9613733905579399,1
0.9572649572649573,1
0.9531914893617022,1
0.9655172413793104,1
0.9613733905579399,1
0.9572649572649573,1
0.9696969696969697,1
0.9655172413793104,1
0.9613733905579399,1
0.8888888888888888,1
0.8816326530612245,1
0.8852459016393442,1
0.8925619834710744,1
0.8888888888888888,1
0.8852459016393442,1
0.9568965517241379,1
0.961038961038961,1
0.9694323144104804,1
0.9652173913043478,1
0.961038961038961,1
0.9527896995708155,1
0.961038961038961,1
0.9568965517241379,1
0.9527896995708155,1
0.9652173913043478,1
0.961038961038961,1
0.9568965517241379,1
0.9694323144104804,1
0.9652173913043478,1
0.961038961038961,1
0.9147982062780269,1
0.9066666666666666,1
0.9107142857142857,1
0.918918918918919,1
0.9147982062780269,1
0.9107142857142857,1
0.9537037037037037,1
0.958139534883721,1
0.9671361502347418,1
0.9626168224299065,1
0.958139534883721,1
0.9493087557603687,1
0.958139534883721,1
0.9537037037037037,1
0.9493087557603687,1
0.9626168224299065,1
0.958139534883721,1
0.9537037037037037,1
0.9671361502347418,1
0.9626168224299065,1
0.958139534883721,1
0.9140271493212669,1
0.905829596412556,1
0.9099099099099099,1
0.9181818181818182,1
0.9140271493212669,1
0.9099099099099099,1
0.9532710280373832,1
0.9577464788732394,1
0.966824644549763,1
0.9622641509433962,1
0.9577464788732394,1
0.9488372093023256,1
0.9577464788732394,1
0.9532710280373832,1
0.9488372093023256,1
0.9622641509433962,1
0.9577464788732394,1
0.9532710280373832,1
0.966824644549763,1
0.9622641509433962,1
0.9577464788732394,1
0.9740634005763689,1
0.976878612716763,1
0.9712643678160919,1
0.9684813753581661,1
0.9740634005763689,1
0.9740634005763689,1
0.9657142857142857,1
0.9797101449275363,1
0.9740634005763689,1
0.9712643678160919,1
0.976878612716763,1
0.976878612716763,1
0.9684813753581661,1
0.976878612716763,1
0.9740634005763689,1
0.9797101449275363,1
0.9797101449275363,1
0.9712643678160919,1
0.9684813753581661,1
0.9740634005763689,1
0.9740634005763689,1
0.9657142857142857,1
0.9712643678160919,1
0.9712643678160919,1
0.9629629629629629,1
0.976878612716763,1
0.9684813753581661,1
0.9684813753581661,1
0.9347258485639687,1
0.9347258485639687,1
0.9298701298701298,1
0.9322916666666666,1
0.93717277486911,1
0.9347258485639687,1
0.9322916666666666,1
0.949238578680203,1
0.9020618556701031,1
0.9043927648578811,1
0.9067357512953368,1
0.9020618556701031,1
0.8997429305912596,1
0.9043927648578811,1
0.9043927648578811,1
0.9791666666666666,1
0.9740932642487047,1
0.9766233766233766,1
0.9817232375979112,1
0.9791666666666666,1
0.9766233766233766,1
0.9265822784810127,1
0.9460154241645244,1
0.9484536082474226,1
0.9509043927648578,1
0.9460154241645244,1
0.9435897435897436,1
0.9484536082474226,1
0.9690721649484536,1
0.9740932642487047,1
0.9766233766233766,1
0.9817232375979112,1
0.9791666666666666,1
0.9766233766233766,1
0.9265822784810127,1
0.9460154241645244,1
0.9484536082474226,1
0.9509043927648578,1
0.9460154241645244,1
0.9435897435897436,1
0.9690721649484536,1
0.9484536082474226,1
0.9715762273901809,1
0.9766233766233766,1
0.9740932642487047,1
0.9715762273901809,1
0.9219143576826196,1
0.9411764705882353,1
0.9435897435897436,1
0.9460154241645244,1
0.9411764705882353,1
0.9693877551020408,1
0.9435897435897436,1
0.9435897435897436,1
0.9791666666666666,1
0.9766233766233766,1
0.9740932642487047,1
0.9242424242424242,1
0.9435897435897436,1
0.9460154241645244,1
0.9484536082474226,1
0.9692307692307692,1
0.9411764705882353,1
0.9460154241645244,1
0.9460154241645244,1
0.9817232375979112,1
0.9791666666666666,1
0.9289340101522843,1
0.9484536082474226,1
0.9509043927648578,1
0.9689119170984456,1
0.9484536082474226,1
0.9460154241645244,1
0.9509043927648578,1
0.9509043927648578,1
0.9766233766233766,1
0.9265822784810127,1
0.9460154241645244,1
0.9690721649484536,1
0.9509043927648578,1
0.9460154241645244,1
0.9435897435897436,1
0.9484536082474226,1
0.9484536082474226,1
0.9242424242424242,1
0.9692307692307692,1
0.9460154241645244,1
0.9484536082474226,1
0.9435897435897436,1
0.9411764705882353,1
0.9460154241645244,1
0.9460154241645244,1
0.955,1
0.9573934837092731,1
0.9597989949748744,1
0.955,1
0.9526184538653366,1
0.9573934837092731,1
0.9573934837092731,1
0.9770992366412213,1
0.9795918367346939,1
0.9746192893401016,1
0.9721518987341772,1
0.9770992366412213,1
0.9770992366412213,1
0.9820971867007673,1
0.9770992366412213,1
0.9746192893401016,1
0.9795918367346939,1
0.9795918367346939,1
0.9795918367346939,1
0.9770992366412213,1
0.9820971867007673,1
0.9820971867007673,1
0.9721518987341772,1
0.9770992366412213,1
0.9770992366412213,1
0.9746192893401016,1
0.9746192893401016,1
0.9795918367346939,1
0.8011695906432749,1
0.8058823529411765,1
0.8035190615835777,1
0.8011695906432749,1
0.7988338192419825,1
0.8035190615835777,1
0.7873563218390804,1
0.8035190615835777,1
0.971830985915493,1
0.968421052631579,1
0.965034965034965,1
0.9616724738675958,1
0.968421052631579,1
0.9383561643835616,1
0.968421052631579,1
0.9752650176678446,1
0.971830985915493,1
0.968421052631579,1
0.9752650176678446,1
0.9448275862068966,1
0.9752650176678446,1
0.968421052631579,1
0.965034965034965,1
0.971830985915493,1
0.9415807560137457,1
0.971830985915493,1
0.9616724738675958,1
0.968421052631579,1
0.9383561643835616,1
0.968421052631579,1
0.965034965034965,1
0.9351535836177475,1
0.965034965034965,1
0.9415807560137457,1
0.971830985915493,1
0.9415807560137457,1
0.9838420107719928,1
1.0,1
1.0,1
0.7982708933717579,1
1.0,1
0.7076923076923077,1
0.8387096774193549,1
0.9322493224932249,1
0.8428927680798005,1
0.9322493224932249,1
0.8428927680798005,1
0.9272237196765498,1
0.8387096774193549,1
1.0,1
0.9272237196765498,1
0.8387096774193549,1
0.9322493224932249,1
0.8428927680798005,1
0.9322493224932249,1
0.9272237196765498,1
0.8387096774193549,1
0.9353007945516458,1
0.9406392694063926,1
0.9406392694063926,1
0.9353007945516458,1
0.8773841961852861,1
0.7944444444444444,1
0.8301886792452831,1
0.8257372654155496,1
0.935361216730038,1
0.918918918918919,1
1.0,1
0.935361216730038,1
0.8976744186046511,1
0.9429280397022333,1
0.7648456057007126,1
0.9558441558441558,1
0.8557919621749409,1
0.8877805486284289,1
0.7198067632850241,1
0.9583333333333334,1
0.8578199052132701,1
0.89,1
0.6847290640394089,1
0.9583333333333334,1
0.8578199052132701,1
0.89,1
0.6847290640394089,1
0.9558441558441558,1
0.8557919621749409,1
0.8877805486284289,1
0.7198067632850241,1
0.8616780045351474,1
0.7015250544662309,1
0.8557919621749409,1
0.9631236442516269,1
0.8473804100227791,1
0.6592920353982301,1
0.8578199052132701,1
0.9652173913043478,1
0.8493150684931506,1
0.6261261261261262,1
0.8578199052132701,1
0.9652173913043478,1
0.8493150684931506,1
0.6261261261261262,1
0.8557919621749409,1
0.9631236442516269,1
0.8473804100227791,1
0.6592920353982301,1
0.7314814814814815,1
0.898989898989899,1
0.8202764976958525,1
0.8737864077669902,1
0.6870588235294117,1
0.9012658227848102,1
0.8221709006928406,1
0.8759124087591241,1
0.6522781774580336,1
0.9012658227848102,1
0.8221709006928406,1
0.8759124087591241,1
0.6522781774580336,1
0.898989898989899,1
0.8202764976958525,1
0.8737864077669902,1
0.6870588235294117,1
0.6956521739130435,1
0.672566371681416,1
0.6790697674418604,1
0.9616252821670429,1
0.6973365617433414,1
0.6740576496674058,1
0.6806526806526807,1
0.9333333333333333,1
0.6973365617433414,1
0.6740576496674058,1
0.6806526806526807,1
0.9333333333333333,1
0.6956521739130435,1
0.672566371681416,1
0.6790697674418604,1
0.9616252821670429,1
0.8578680203045685,1
0.9577464788732394,1
0.8578680203045685,1
0.9577464788732394,1
0.8535353535353535,1
0.9532710280373832,1
0.8387096774193549,1
0.9040404040404041,1
1.0,1
0.8578680203045685,1
0.9577464788732394,1
0.8578680203045685,1
0.8535353535353535,1
0.9532710280373832,1
0.9482163406214039,1
0.9482163406214039,1
0.9427917620137299,1
0.8101983002832861,1
0.8461538461538461,1
0.8415300546448088,1
0.9444444444444444,1
0.935361216730038,1
1.0,1
0.8942307692307693,1
0.9289340101522843,1
0.7567567567567568,1
0.9761273209549072,1
0.8722891566265061,1
0.905852417302799,1
0.6967418546365914,1
0.9761273209549072,1
0.8722891566265061,1
0.905852417302799,1
0.6967418546365914,1
0.9735449735449735,1
0.8701923076923077,1
0.9035532994923858,1
0.7321867321867321,1
0.8842592592592593,1
0.6921348314606741,1
0.8722891566265061,1
0.9801324503311258,1
0.8631090487238979,1
0.6361556064073226,1
0.8722891566265061,1
0.9801324503311258,1
0.8631090487238979,1
0.6361556064073226,1
0.8701923076923077,1
0.9779735682819384,1
0.8611111111111112,1
0.6696629213483146,1
0.7982359426681367,1
0.7139479905437353,1
0.905852417302799,1
0.8631090487238979,1
0.9779951100244498,1
0.655421686746988,1
0.905852417302799,1
0.8631090487238979,1
0.9779951100244498,1
0.655421686746988,1
0.9035532994923858,1
0.8611111111111112,1
0.975609756097561,1
0.6903073286052009,1
0.7093596059113301,1
0.6846846846846847,1
0.6919431279620853,1
0.9485981308411215,1
0.7093596059113301,1
0.6846846846846847,1
0.6919431279620853,1
0.9485981308411215,1
0.7076167076167076,1
0.6831460674157304,1
0.6903073286052009,1
0.9770642201834863,1
0.9030612244897959,1
0.9555555555555556,1
0.8622448979591837,1
0.9502762430939227,1
0.8578680203045685,1
0.9322493224932249,1
0.9502762430939227,1
0.8578680203045685,1
1.0,1
0.9030612244897959,1
0.9555555555555556,1
0.9502762430939227,1
0.8578680203045685,1
0.8622448979591837,1
0.9622641509433962,1
0.8578680203045685,1
0.9577464788732394,1
0.8428927680798005,1
0.8578680203045685,1
0.9577464788732394,1
0.9030612244897959,1
1.0,1
0.8622448979591837,1
0.8578680203045685,1
0.9577464788732394,1
0.9537037037037037,1
0.9482163406214039,1
0.8627450980392157,1
0.8690807799442897,1
0.893719806763285,1
0.9285714285714286,1
0.7185929648241206,1
0.9787234042553191,1
0.8743961352657005,1
0.9081632653061225,1
0.6984924623115578,1
0.9761273209549072,1
0.8722891566265061,1
0.905852417302799,1
0.7339901477832512,1
0.8837209302325582,1
0.6559633027522935,1
0.8743961352657005,1
0.9823008849557522,1
0.8651162790697674,1
0.6376146788990825,1
0.8722891566265061,1
0.9801324503311258,1
0.8631090487238979,1
0.6711711711711712,1
0.6763285024154589,1
0.9081632653061225,1
0.8651162790697674,1
0.9803921568627451,1
0.6570048309178744,1
0.905852417302799,1
0.8631090487238979,1
0.9779951100244498,1
0.6919431279620853,1
0.6733668341708543,1
0.6513761467889908,1
0.6570048309178744,1
0.9809523809523809,1
0.6716791979949874,1
0.6498855835240275,1
0.655421686746988,1
0.9485981308411215,1
0.9030612244897959,1
0.9502762430939227,1
0.8578680203045685,1
0.9322493224932249,1
0.9502762430939227,1
0.8578680203045685,1
0.9555555555555556,1
0.8622448979591837,1
1.0,1
0.9502762430939227,1
0.8578680203045685,1
0.9482163406214039,1
0.8578680203045685,1
0.9577464788732394,1
0.8428927680798005,1
0.8578680203045685,1
0.9577464788732394,1
0.8622448979591837,1
0.9622641509433962,1
0.9030612244897959,1
0.8578680203045685,1
0.9577464788732394,1
0.9027027027027027,1
0.893719806763285,1
0.9285714285714286,1
0.7185929648241206,1
0.9761273209549072,1
0.8722891566265061,1
0.905852417302799,1
0.7339901477832512,1
0.8837209302325582,1
0.6559633027522935,1
0.8722891566265061,1
0.9801324503311258,1
0.8631090487238979,1
0.6711711711711712,1
0.6763285024154589,1
0.905852417302799,1
0.8631090487238979,1
0.9779951100244498,1
0.6919431279620853,1
0.6716791979949874,1
0.6498855835240275,1
0.655421686746988,1
0.9485981308411215,1
0.9040404040404041,1
0.9272237196765498,1
0.945054945054945,1
0.8535353535353535,1
0.9502762430939227,1
0.8578680203045685,1
0.9502762430939227,1
1.0,1
0.9040404040404041,1
0.8387096774193549,1
0.8535353535353535,1
0.9532710280373832,1
0.8578680203045685,1
0.9577464788732394,1
0.8578680203045685,1
0.9040404040404041,1
1.0,1
0.918918918918919,1
0.9444444444444444,1
0.8942307692307693,1
0.9289340101522843,1
0.7567567567567568,1
0.8842592592592593,1
0.6921348314606741,1
0.7139479905437353,1
1.0,1
1.0,1
1.0,1
1.0,1
1.0,1
1.0,1
0.9272237196765498,1
0.8387096774193549,1
0.9322493224932249,1
0.8428927680798005,1
0.9322493224932249,1
0.9272237196765498,1
0.8387096774193549,1
0.935361216730038,1
0.9040404040404041,1
0.9502762430939227,1
0.8578680203045685,1
0.9502762430939227,1
0.945054945054945,1
0.8535353535353535,1
0.8578680203045685,1
0.9577464788732394,1
0.8578680203045685,1
0.8535353535353535,1
0.9532710280373832,1
0.9030612244897959,1
0.9555555555555556,1
0.9502762430939227,1
0.8578680203045685,1
0.8622448979591837,1
0.8578680203045685,1
0.9577464788732394,1
0.9502762430939227,1
0.8578680203045685,1
0.9040404040404041,1
1.0,1
0.01532567049808429,0
0.043596730245231606,0
0.19558359621451105,0
0.18027571580063625,0
0.024096385542168676,0
0.01990049751243781,0
0.0,0
0.02181818181818182,0
0.05325443786982249,0
0.04625850340136054,0
0.0667779632721202,0
0.12962962962962962,0
0.17391304347826086,0
0.05168986083499006,0
0.3022222222222222,0
0.19873150105708245,0
0.017953321364452424,0
0.16793893129770993,0
0.12401352874859076,0
0.025078369905956112,0
0.03488372093023256,0
0.02214022140221402,0
0.07506702412868632,0
0.0,0
0.04246284501061571,0
0.062111801242236024,0
0.0,0
0.038834951456310676,0
0.25,0
0.3291139240506329,0
0.024922118380062305,0
0.10440456769983687,0
0.624113475177305,0
0.18095238095238095,0
0.5928571428571429,0
0.15017064846416384,0
0.02702702702702703,0
0.05673758865248227,0
0.04424778761061947,0
0.05761316872427984,0
0.02531645569620253,0
0.07051282051282051,0
0.10434782608695652,0
0.01932367149758454,0
0.0797872340425532,0
0.04819277108433735,0
0.012195121951219513,0
0.05227272727272727,0
0.03347280334728033,0
0.012345679012345678,0
0.08433734939759036,0
0.13901345291479822,0
0.5813953488372093,0
0.06451612903225806,0
0.026026026026026026,0
0.009708737864077669,0
0.024630541871921183,0
0.0,0
0.058823529411764705,0
0.1506849315068493,0
0.052269601100412656,0
0.07424593967517401,0
0.03968253968253968,0
0.18181818181818182,0
0.1452991452991453,0
0.06167400881057269,0
0.9155555555555556,0
0.037296037296037296,0
0.042042042042042045,0
0.4260355029585799,0
0.24680851063829787,0
0.4260355029585799,0
0.010309278350515464,0
0.06769230769230769,0
0.166270783847981,0
0.015151515151515152,0
0.05,0
0.06614173228346457,0
0.05542725173210162,0
0.0447427293064877,0
0.05434782608695652,0
0.013856812933025405,0
0.18877551020408162,0
0.2463768115942029,0
0.27976190476190477,0
0.05486284289276808,0
0.11194029850746269,0
0.3851851851851852,0
0.4619289340101523,0
0.2996941896024465,0
0.0,0
0.10849056603773585,0
0.3203592814371258,0
0.0380952380952381,0
0.039045553145336226,0
0.38493723849372385,0
0.0989010989010989,0
0.1643835616438356,0
0.0,0
0.03380281690140845,0
0.061946902654867256,0
0.09328782707622298,0
0.01932367149758454,0
0.8019639934533551,0
0.03864734299516908,0
0.39909297052154197,0
0.0796812749003984,0
0.05747126436781609,0
0.10810810810810811,0
0.021806853582554516,0
0.0736196319018405,0
0.018779342723004695,0
0.4107744107744108,0
0.8828828828828829,0
0.03503184713375796,0
0.04105571847507331,0
0.03614457831325301,0
0.11475409836065574,0
0.168141592920354,0
0.06046511627906977,0
0.06486486486486487,0
0.05341246290801187,0
0.03480278422273782,0
0.10743801652892562,0
0.4816053511705686,0
0.10071942446043165,0
0.4797979797979798,0
0.3933333333333333,0
0.051457975986277875,0
0.05581395348837209,0
0.03943661971830986,0
0.1487603305785124,0
0.7552083333333334,0
0.056962025316455694,0
0.19032258064516128,0
0.03940886699507389,0
0.028469750889679714,0
0.02416918429003021,0
0.7074829931972789,0
0.4665012406947891,0
0.09230769230769231,0
0.09722222222222222,0
0.014388489208633094,0
0.09523809523809523,0
0.0,0
0.527027027027027,0
0.11059907834101383,0
0.04926108374384237,0
0.226890756302521,0
0.03592814371257485,0
0.38613861386138615,0
0.1750841750841751,0
0.07782101167315175,0
0.19718309859154928,0
0.09688581314878893,0
0.025,0
0.016666666666666666,0
0.875,0
0.29949238578680204,0
0.05263157894736842,0
0.11721611721611722,0
0.037800687285223365,0
0.0763888888888889,0
0.06629834254143646,0
0.04608294930875576,0
0.057007125890736345,0
0.03686635944700461,0
0.04784688995215311,0
0.044534412955465584,0
0.022813688212927757,0
0.046242774566473986,0
0.39730639730639733,0
0.10191082802547771,0
0.1523809523809524,0
0.02569593147751606,0
0.051470588235294115,0
0.043596730245231606,0
0.07608695652173914,0
0.9181818181818182,0
0.2857142857142857,0
0.08791208791208792,0
0.03665987780040733,0
0.02857142857142857,0
0.29422066549912435,0
0.037037037037037035,0
0.13596491228070176,0
0.09090909090909091,0
0.5971223021582733,0
0.1750841750841751,0
0.005988023952095809,0
0.08089887640449438,0
0.29873417721518986,0
0.04878048780487805,0
0.048034934497816595,0
0.04326923076923077,0
0.23728813559322035,0
0.047619047619047616,0
0.11464968152866242,0
0.1496881496881497,0
0.051470588235294115,0
0.05555555555555555,0
0.04195804195804196,0
0.10328638497652583,0
0.046153846153846156,0
0.04293785310734463,0
0.035555555555555556,0
0.03818615751789976,0
0.34,0
0.06097560975609756,0
0.04854368932038835,0
0.09210526315789473,0
0.08582089552238806,0
0.2023121387283237,0
0.015810276679841896,0
0.12341197822141561,0
0.13793103448275862,0
0.06802721088435375,0
0.6206896551724138,0
0.04943820224719101,0
0.07092198581560284,0
0.028708133971291867,0
0.06984126984126984,0
0.39902676399026765,0
0.07719298245614035,0
0.3475783475783476,0
0.46905537459283386,0
0.4625,0
0.14009661835748793,0
0.0,0
0.018648018648018648,0
0.03361344537815126,0
0.07960199004975124,0
0.07272727272727272,0
0.06535947712418301,0
0.06315789473684211,0
0.10256410256410256,0
0.19435736677115986,0
0.06060606060606061,0
0.08076923076923077,0
0.11548556430446194,0
0.11091234347048301,0
0.92018779342723,0
0.011904761904761904,0
0.031088082901554404,0
0.13800904977375567,0
0.41284403669724773,0
0.06167400881057269,0
0.13924050632911392,0
0.07885304659498207,0
0.15767634854771784,0
0.17032967032967034,0
0.03389830508474576,0
0.07204610951008646,0
0.0427807486631016,0
0.0,0
0.13679245283018868,0
0.05517241379310345,0
0.1145374449339207,0
0.41935483870967744,0
0.09770992366412214,0
0.010958904109589041,0
0.1456953642384106,0
0.07574206755373593,0
0.20717131474103587,0
0.01733102253032929,0
0.04219409282700422,0
0.010973936899862825,0
0.07909604519774012,0
0.0,0
0.05405405405405406,0
0.06896551724137931,0
0.07692307692307693,0
0.03827751196172249,0
0.03888888888888889,0
0.012738853503184714,0
0.09174311926605505,0
0.0,0
0.031496062992125984,0
0.07865168539325842,0
0.0,0
0.24691358024691357,0
0.8744588744588745,0
0.09561752988047809,0
0.006825938566552901,0
0.23492063492063492,0
0.3194444444444444,0
0.01876172607879925,0
0.6781115879828327,0
0.22077922077922077,0
0.06222222222222222,0
0.09766454352441614,0
0.06405693950177936,0
0.06622516556291391,0
0.06666666666666667,0
0.028985507246376812,0
0.3399014778325123,0
0.0,0
0.01568627450980392,0
0.04986149584487535,0
0.12380952380952381,0
0.1272430668841762,0
0.24806201550387597,0
0.11475409836065574,0
0.21764705882352942,0
0.47435897435897434,0
0.04580152671755725,0
0.03522504892367906,0
0.05783132530120482,0
0.0960960960960961,0
0.10687022900763359,0
0.07222222222222222,0
0.039301310043668124,0
0.15272727272727274,0
0.039486673247778874,0
0.0,0
0.022641509433962263,0
0.04633204633204633,0
0.7545454545454545,0
0.05063291139240506,0
0.04330708661417323,0
0.14634146341463414,0
0.05223880597014925,0
0.017266187050359712,0
0.05813953488372093,0
0.16342412451361868,0
0.07829181494661921,0
0.0070838252656434475,0
0.038834951456310676,0
0.01749271137026239,0
0.027586206896551724,0
0.05660377358490566,0
0.1,0
0.05591397849462366,0
0.07,0
0.07462686567164178,0
0.08376963350785341,0
0.0488997555012225,0
0.3374083129584352,0
0.10497237569060773,0
0.20080321285140562,0
0.07648183556405354,0
0.07272727272727272,0
0.06837606837606838,0
0.036308623298033284,0
0.4078303425774878,0
0.911504424778761,0
0.049019607843137254,0
0.0,0
0.058823529411764705,0
0.2146341463414634,0
0.3553530751708428,0
0.010362694300518135,0
0.08333333333333333,0
0.02577319587628866,0
0.11688311688311688,0
0.875,0
0.624113475177305,0
0.34098360655737703,0
0.09560229445506692,0
0.5927710843373494,0
0.011904761904761904,0
0.29936305732484075,0
0.2693409742120344,0
0.022304832713754646,0
0.2297650130548303,0
0.03389830508474576,0
0.05107252298263534,0
0.06395348837209303,0
0.10596026490066225,0
0.06673842841765339,0
0.016129032258064516,0
0.052980132450331126,0
0.0,0
0.07446808510638298,0
0.17333333333333334,0
0.25,0
0.34074074074074073,0
0.1350210970464135,0
0.018867924528301886,0
0.025594149908592323,0
0.018050541516245487,0
0.03355704697986577,0
0.04128440366972477,0
0.14652014652014653,0
0.09341825902335456,0
0.057971014492753624,0
0.10294117647058823,0
0.0718954248366013,0
0.2754491017964072,0
0.07929515418502203,0
0.09785932721712538,0
0.0653061224489796,0
0.0,0
0.2926829268292683,0
0.2866666666666667,0
0.010869565217391304,0
0.27976190476190477,0
0.15019762845849802,0
0.7804878048780488,0
0.061465721040189124,0
0.5316455696202531,0
0.1276595744680851,0
0.3257918552036199,0
0.03529411764705882,0
0.0915032679738562,0
0.0702576112412178,0
0.12062256809338522,0
0.07777777777777778,0
0.08300395256916997,0
0.0970873786407767,0
0.06605019815059446,0
0.14215686274509803,0
0.07355516637478109,0
0.027972027972027972,0
0.10714285714285714,0
0.024489795918367346,0
0.2077922077922078,0
0.028622540250447227,0
0.33906633906633904,0
0.0856269113149847,0
0.08438818565400844,0
0.35175879396984927,0
0.056818181818181816,0
0.02952029520295203,0
0.061946902654867256,0
0.07253886010362694,0
0.023696682464454975,0
0.08943089430894309,0
0.23493975903614459,0
0.05944055944055944,0
0.06533575317604355,0
0.036036036036036036,0
0.12815533980582525,0
0.011940298507462687,0
0.028901734104046242,0
0.08121827411167512,0
0.06542056074766354,0
0.33053221288515405,0
0.1464968152866242,0
0.3557312252964427,0
0.026344676180021953,0
0.07352941176470588,0
0.6568627450980392,0
0.05454545454545454,0
0.03211009174311927,0
0.36027713625866054,0
0.031088082901554404,0
0.04819277108433735,0
0.05649717514124294,0
0.04672897196261682,0
0.0,0
0.048582995951417005,0
0.043373493975903614,0
0.022222222222222223,0
0.03137254901960784,0
0.0,0
0.05714285714285714,0
0.1152542372881356,0
0.30405405405405406,0
0.055,0
0.04716981132075472,0
0.041666666666666664,0
0.05871559633027523,0
0.0650887573964497,0
0.029484029484029485,0
0.30660377358490565,0
0.4722222222222222,0
0.08152173913043478,0
0.05917159763313609,0
0.4507042253521127,0
0.10874704491725769,0
0.10108303249097472,0
0.041343669250646,0
0.5886524822695035,0
0.05454545454545454,0
0.10566037735849057,0
0.18502202643171806,0
0.1506276150627615,0
0.043076923076923075,0
0.582995951417004,0
0.07671232876712329,0
0.045662100456621,0
0.08088235294117647,0
0.013210039630118891,0
0.025974025974025976,0
0.4878048780487805,0
0.044444444444444446,0
0.02926829268292683,0
0.12844036697247707,0
0.06666666666666667,0
0.05982905982905983,0
0.22364217252396165,0
0.17307692307692307,0
0.0,0
0.22304832713754646,0
0.06472491909385113,0
0.025280898876404494,0
0.0830860534124629,0
0.4758842443729904,0
0.2383838383838384,0
0.045112781954887216,0
0.06451612903225806,0
0.35697940503432496,0
0.0,0
0.07575757575757576,0
0.0546875,0
0.04809619238476954,0
0.05472636815920398,0
0.17475728155339806,0
0.9184549356223176,0
0.04230118443316413,0
0.1148036253776435,0
0.10687022900763359,0
0.09006622516556291,0
0.13805970149253732,0
0.128099173553719,0
0.03827751196172249,0
0.03717472118959108,0
0.031007751937984496,0
0.8699551569506726,0
0.013888888888888888,0
0.2080536912751678,0
0.0199501246882793,0
0.3284671532846715,0
0.025974025974025976,0
0.25874125874125875,0
0.030226700251889168,0
0.04576659038901602,0
0.03700588730025231,0
0.019704433497536946,0
0.07534246575342465,0
0.39464882943143814,0
0.08957952468007313,0
0.09863013698630137,0
0.014184397163120567,0
0.44,0
0.0,0
0.05319148936170213,0
0.1,0
0.16816816816816818,0
0.20657276995305165,0
0.023549201009251473,0
0.0192,0
0.04291845493562232,0
0.4983388704318937,0
0.08550185873605948,0
0.16082474226804125,0
0.08224299065420561,0
0.04149377593360996,0
0.05,0
0.06349206349206349,0
0.02185792349726776,0
0.2857142857142857,0
0.025906735751295335,0
0.045112781954887216,0
0.034722222222222224,0
0.031914893617021274,0
0.881578947368421,0
0.01658374792703151,0
0.0463768115942029,0
0.013270142180094787,0
0.24028268551236748,0
0.06702702702702702,0
0.0547945205479452,0
0.07336956521739131,0
0.03761755485893417,0
0.8532110091743119,0
0.1564245810055866,0
0.21103117505995203,0
0.02717391304347826,0
0.059800664451827246,0
0.04060913705583756,0
0.1095890410958904,0
0.17567567567567569,0
0.02912621359223301,0
0.06432748538011696,0
0.1232876712328767,0
0.037037037037037035,0
0.4,0
0.1044776119402985,0
0.03076923076923077,0
0.527027027027027,0
0.149812734082397,0
0.030927835051546393,0
0.10852713178294573,0
0.07407407407407407,0
0.24561403508771928,0
0.4774193548387097,0
0.053691275167785234,0
0.06564551422319474,0
0.4816053511705686,0
0.018072289156626505,0
0.012121212121212121,0
0.12080536912751678,0
0.05089058524173028,0
0.06033182503770739,0
0.06412213740458016,0
0.024242424242424242,0
0.028328611898016998,0
0.036923076923076927,0
0.09230769230769231,0
0.33175355450236965,0
0.0,0
0.18565400843881857,0
0.1941747572815534,0
0.0679886685552408,0
0.05319148936170213,0
0.13068181818181818,0
0.24924924924924924,0
0.1646090534979424,0
0.4072398190045249,0
0.018633540372670808,0
0.050505050505050504,0
0.047569803516028956,0
0.029850746268656716,0
0.09523809523809523,0
0.3917995444191344,0
0.31868131868131866,0
0.11428571428571428,0
0.6583333333333333,0
0.07142857142857142,0
0.17577197149643706,0
0.10666666666666667,0
0.05,0
0.07659574468085106,0
0.4936708860759494,0
0.026200873362445413,0
0.14414414414414414,0
0.0,0
0.42073170731707316,0
0.0,0
0.03125,0
0.02,0
0.03954802259887006,0
0.12366737739872068,0
0.047619047619047616,0
0.016317016317016316,0
0.13253012048192772,0
0.039603960396039604,0
0.37597911227154046,0
0.75,0
0.09747899159663866,0
0.16519174041297935,0
0.0639269406392694,0
0.010638297872340425,0
0.12213740458015267,0
0.11,0
0.06872037914691943,0
0.041025641025641026,0
0.06885758998435054,0
0.11627906976744186,0
0.036036036036036036,0
0.026415094339622643,0
0.01929260450160772,0
0.029850746268656716,0
0.11600928074245939,0
0.4270309130122214,0
0.08270676691729323,0
0.04296455424274973,0
0.6367041198501873,0
0.057692307692307696,0
0.0995850622406639,0
0.06015037593984962,0
0.0,0
0.07228915662650602,0
0.043010752688172046,0
0.03,0
0.08982826948480846,0
0.0,0
0.060362173038229376,0
0.045454545454545456,0
0.155,0
0.07465618860510806,0
0.0660377358490566,0
0.006024096385542169,0
0.05521472392638037,0
0.18562874251497005,0
0.024013722126929673,0
0.042735042735042736,0
0.05434782608695652,0
0.05172413793103448,0
0.0989399293286219,0
0.12429378531073447,0
0.024096385542168676,0
0.03571428571428571,0
0.6206896551724138,0
0.042735042735042736,0
0.5074626865671642,0
0.02877697841726619,0
0.11552346570397112,0
0.0,0
0.0,0
0.027972027972027972,0
0.01834862385321101,0
0.072265625,0
0.09795918367346938,0
0.009287925696594427,0
0.3279742765273312,0
0.8699551569506726,0
0.10989010989010989,0
0.09287925696594428,0
0.05217391304347826,0
0.1702127659574468,0
0.4124293785310734,0
0.040912667191188044,0
0.19402985074626866,0
0.058333333333333334,0
0.35701906412478335,0
0.8532110091743119,0
0.060109289617486336,0
0.0,0
0.5907473309608541,0
0.038781163434903045,0
0.05285118219749652,0
0.2994350282485876,0
0.05925925925925926,0
0.07407407407407407,0
0.3178294573643411,0
0.14285714285714285,0
0.06471494607087827,0
0.11038961038961038,0
0.14424410540915394,0
0.1237785016286645,0
0.3881578947368421,0
0.02742409402546523,0
0.033707865168539325,0
0.1442495126705653,0
0.011834319526627219,0
0.035398230088495575,0
0.061386138613861385,0
0.40718562874251496,0
0.046511627906976744,0
0.6206896551724138,0
0.6024096385542169,0
0.028639618138424822,0
0.0392156862745098,0
0.061224489795918366,0
0.033734939759036145,0
0.02631578947368421,0
0.04152249134948097,0
0.04419889502762431,0
0.07653061224489796,0
0.25559105431309903,0
0.08917197452229299,0
0.1893491124260355,0
0.07308970099667775,0
0.03278688524590164,0
0.10551558752997602,0
0.1111111111111111,0
0.015915119363395226,0
0.03529411764705882,0
0.08870967741935484,0
0.06164383561643835,0
0.7846607669616519,0
0.4027777777777778,0
0.047493403693931395,0
0.16580310880829016,0
0.3346613545816733,0
0.14666666666666667,0
0.047961630695443645,0
0.582995951417004,0
0.08121827411167512,0
0.08906882591093117,0
0.7477876106194691,0
0.03655913978494624,0
0.05555555555555555,0
0.06905710491367861,0
0.022082018927444796,0
0.034934497816593885,0
0.16470588235294117,0
0.2100238663484487,0
0.058823529411764705,0
0.6590038314176245,0
0.9224137931034483,0
0.0743801652892562,0
0.08754208754208755,0
0.072,0
0.12643678160919541,0
0.07734806629834254,0
0.6246056782334385,0
0.027874564459930314,0
0.16161616161616163,0
0.29652996845425866,0
0.07692307692307693,0
0.12121212121212122,0
0.21721311475409835,0
0.625,0
0.037914691943127965,0
0.3346613545816733,0
0.0947075208913649,0
0.3323943661971831,0
0.47840531561461797,0
0.30687830687830686,0
0.33088235294117646,0
0.0684931506849315,0
0.0378657487091222,0
0.11389521640091116,0
0.05128205128205128,0
0.4244604316546763,0
0.22764227642276422,0
0.0847457627118644,0
0.27676240208877284,0
0.6206896551724138,0
0.461038961038961,0
0.09036144578313253,0
0.040268456375838924,0
0.8789237668161435,0
0.07581227436823104,0
0.5694444444444444,0
0.183206106870229,0
0.37142857142857144,0
0.01639344262295082,0
0.035164835164835165,0
0.013937282229965157,0
0.04356435643564356,0
0.07667731629392971,0
0.04526748971193416,0
0.17200674536256325,0
0.2616407982261641,0
0.4895330112721417,0
0.13043478260869565,0
0.3553530751708428,0
0.33429394812680113,0
0.09836065573770492,0
0.0,0
0.37305699481865284,0
0.07526881720430108,0
0.2074468085106383,0
0.18181818181818182,0
0.027777777777777776,0
0.0,0
0.15041782729805014,0
0.09578544061302682,0
0.03636363636363636,0
0.11464968152866242,0
0.0,0
0.0,0
0.5957446808510638,0
0.05952380952380952,0
0.05235602094240838,0
0.29878048780487804,0
0.01892744479495268,0
0.1641025641025641,0
0.48366013071895425,0
0.10140845070422536,0
0.02823529411764706,0
0.2982456140350877,0
0.05333333333333334,0
0.05286343612334802,0
0.025044722719141325,0
0.2727272727272727,0
0.04819277108433735,0
0.06435643564356436,0
0.011750881316098707,0
0.49673202614379086,0
0.03755868544600939,0
0.05521472392638037,0
0.25842696629213485,0
0.9245283018867925,0
0.04395604395604396,0
0.05913978494623656,0
0.3471882640586797,0
0.02891566265060241,0
0.47337278106508873,0
0.06622516556291391,0
0.4520123839009288,0
0.08333333333333333,0
0.023076923076923078,0
0.20707070707070707,0
0.09395973154362416,0
0.08450704225352113,0
0.33620689655172414,0
0.03745318352059925,0
0.04065040650406504,0
0.13253012048192772,0
0.10471204188481675,0
0.11715481171548117,0
0.0625,0
0.0,0
0.25,0
0.11059907834101383,0
0.024539877300613498,0
0.01702127659574468,0
0.06037735849056604,0
0.21476510067114093,0
0.034055727554179564,0
0.04225352112676056,0
0.16326530612244897,0
0.12560386473429952,0
0.21021021021021022,0
0.07333333333333333,0
0.03592814371257485,0
0.05161290322580645,0
0.1245136186770428,0
0.08695652173913043,0
0.08708708708708708,0
0.0,0
0.01935483870967742,0
0.010471204188481676,0
0.31275720164609055,0
0.09523809523809523,0
0.09219858156028368,0
0.08080808080808081,0
0.34269662921348315,0
0.3326226012793177,0
0.14647887323943662,0
0.01904761904761905,0
0.06451612903225806,0
0.05128205128205128,0
0.07308970099667775,0
0.12213740458015267,0
0.0599250936329588,0
0.0517464424320828,0
0.4758842443729904,0
0.0975609756097561,0
0.023952095808383235,0
0.08627450980392157,0
0.14285714285714285,0
0.15384615384615385,0
0.15083798882681565,0
0.0,0
0.024793388429752067,0
0.046511627906976744,0
0.015384615384615385,0
0.10181818181818182,0
0.03867403314917127,0
0.23595505617977527,0
0.06497175141242938,0
0.07042253521126761,0
0.13861386138613863,0
0.0,0
0.13523131672597866,0
0.06545454545454546,0
0.08609271523178808,0
0.02288329519450801,0
0.11618257261410789,0
0.13114754098360656,0
0.066815144766147,0
0.5288753799392097,0
0.05460750853242321,0
0.019230769230769232,0
0.06622516556291391,0
0.09480812641083522,0
0.07643312101910828,0
0.033707865168539325,0
0.7628865979381443,0
0.03139013452914798,0
0.057971014492753624,0
0.11888111888111888,0
0.03662258392675483,0
0.16279069767441862,0
0.12598425196850394,0
0.20212765957446807,0
0.03225806451612903,0
0.06779661016949153,0
0.013245033112582781,0
0.49609713790112747,0
0.056162246489859596,0
0.07792207792207792,0
0.017391304347826087,0
0.04081632653061224,0
0.08253094910591471,0
0.29878048780487804,0
0.01568627450980392,0
0.02708803611738149,0
0.4967741935483871,0
0.36982968369829683,0
0.017467248908296942,0
0.08571428571428572,0
0.0659025787965616,0
0.09424083769633508,0
0.08092485549132948,0
0.0861244019138756,0
0.09090909090909091,0
0.1792452830188679,0
0.042801556420233464,0
0.03162055335968379,0
0.040268456375838924,0
0.10619469026548672,0
0.16964285714285715,0
0.04825737265415549,0
0.02181818181818182,0
0.02185792349726776,0
0.16883116883116883,0
0.2981366459627329,0
0.1329923273657289,0
0.05442176870748299,0
0.055970149253731345,0
0.012048192771084338,0
0.010666666666666666,0
0.0486322188449848,0
0.06222222222222222,0
0.05157593123209169,0
0.5886524822695035,0
0.06936416184971098,0
0.16485225505443235,0
0.10412147505422993,0
0.14414414414414414,0
0.4715447154471545,0
0.019736842105263157,0
0.06581352833638025,0
0.35944700460829493,0
0.18503937007874016,0
0.08917197452229299,0
0.03932584269662921,0
0.11162790697674418,0
0.1375422773393461,0
0.0273972602739726,0
0.21307506053268765,0
0.05084745762711865,0
0.017391304347826087,0
0.05263157894736842,0
0.11483253588516747,0
0.045871559633027525,0
0.08275862068965517,0
0.034782608695652174,0
0.041025641025641026,0
0.057692307692307696,0
0.7668393782383419,0
0.1044776119402985,0
0.21658986175115208,0
0.14354066985645933,0
0.08259587020648967,0
0.02247191011235955,0
0.025423728813559324,0
0.014234875444839857,0
0.09018567639257294,0
0.17987152034261242,0
0.04419889502762431,0
0.1834319526627219,0
0.05166051660516605,0
0.03888888888888889,0
0.04424778761061947,0
0.024305555555555556,0
0.14022140221402213,0
0.03187250996015936,0
0.04926108374384237,0
0.1309823677581864,0
0.0625,0
0.011019283746556474,0
0.07377049180327869,0
0.0670391061452514,0
0.05106382978723404,0
0.0471976401179941,0
0.1004566210045662,0
0.08670520231213873,0
0.0,0
0.09259259259259259,0
0.03755868544600939,0
0.8868778280542986,0
0.04316546762589928,0
0.1488833746898263,0
0.24422442244224424,0
0.021352313167259787,0
0.04245283018867924,0
0.021505376344086023,0
0.060109289617486336,0
0.11886304909560723,0
0.08787346221441125,0
0.7893175074183977,0
0.0,0
0.0,0
0.09523809523809523,0
0.5385996409335727,0
0.0,0
0.2795031055900621,0
0.023622047244094488,0
0.0273972602739726,0
0.0,0
0.03723404255319149,0
0.1348314606741573,0
0.26778242677824265,0
0.13836477987421383,0
0.052336448598130844,0
0.0427807486631016,0
0.37050359712230213,0
0.10062893081761007,0
0.4112676056338028,0
0.0636182902584493,0
0.0975609756097561,0
0.1111111111111111,0
0.11688311688311688,0
0.06033182503770739,0
0.01509433962264151,0
0.048411497730711045,0
0.537261698440208,0
0.7477876106194691,0
0.5593495934959349,0
0.2543352601156069,0
0.18316831683168316,0
0.10828025477707007,0
0.3881578947368421,0
0.25862068965517243,0
0.05339805825242718,0
0.024291497975708502,0
0.1702127659574468,0
0.010256410256410256,0
0.02594810379241517,0
0.08695652173913043,0
0.06389776357827476,0
0.020964360587002098,0
0.078125,0
0.0213903743315508,0
0.48,0
0.11252268602540835,0
0.05314009661835749,0
0.021052631578947368,0
0.17511520737327188,0
0.06811145510835913,0
0.11764705882352941,0
0.14788732394366197,0
0.4533333333333333,0
0.10434782608695652,0
0.014234875444839857,0
0.06818181818181818,0
0.27009646302250806,0
0.09885931558935361,0
0.0431266846361186,0
0.3372365339578454,0
0.4968944099378882,0
0.10810810810810811,0
0.08787346221441125,0
0.08108108108108109,0
0.09183673469387756,0
0.1322314049586777,0
0.03389830508474576,0
0.060075093867334166,0
0.08866995073891626,0
0.12692307692307692,0
0.0,0
0.34269662921348315,0
0.06363636363636363,0
0.6589147286821705,0
0.055865921787709494,0
0.39643652561247217,0
0.33001988071570576,0
0.04357298474945534,0
0.022222222222222223,0
0.0694006309148265,0
0.04456824512534819,0
0.0684931506849315,0
0.06837606837606838,0
0.4521276595744681,0
0.3325301204819277,0
0.0410958904109589,0
0.027700831024930747,0
0.07612456747404844,0
0.022304832713754646,0
0.028846153846153848,0
0.1306122448979592,0
0.21052631578947367,0
0.13003095975232198,0
0.028112449799196786,0
0.10967741935483871,0
0.037122969837587005,0
0.06329113924050633,0
0.01932367149758454,0
0.1456953642384106,0
0.23443223443223443,0
0.0673076923076923,0
0.02531645569620253,0
0.21333333333333335,0
0.12408759124087591,0
0.02710027100271003,0
0.05847953216374269,0
0.04149377593360996,0
0.08438818565400844,0
0.047244094488188976,0
0.013245033112582781,0
0.04491725768321513,0
0.025,0
0.04433497536945813,0
0.03225806451612903,0
0.06535947712418301,0
0.4852459016393443,0
0.29652996845425866,0
0.023715415019762844,0
0.018691588785046728,0
0.1073170731707317,0
0.08480565371024736,0
0.02493765586034913,0
0.08547008547008547,0
0.29652996845425866,0
0.08291873963515754,0
0.08695652173913043,0
0.023952095808383235,0
0.045714285714285714,0
0.11049723756906077,0
0.0684931506849315,0
0.06015037593984962,0
0.04782608695652174,0
0.07741935483870968,0
0.05853658536585366,0
0.041666666666666664,0
0.0433996383363472,0
0.0,0
0.29878048780487804,0
0.08571428571428572,0
0.2972292191435768,0
0.4359673024523161,0
0.06762295081967214,0
0.057494866529774126,0
0.06095238095238095,0
0.16091954022988506,0
0.1038961038961039,0
0.012539184952978056,0
0.03761755485893417,0
0.11711711711711711,0
0.25461254612546125,0
0.06303724928366762,0
0.09574468085106383,0
0.0,0
0.03896103896103896,0
0.27184466019417475,0
0.11255411255411256,0
0.11475409836065574,0
0.4166666666666667,0
0.16374269005847952,0
0.13333333333333333,0
0.41823056300268097,0
0.04285714285714286,0
0.02912621359223301,0
0.19935691318327975,0
0.3234323432343234,0
0.030107526881720432,0
0.19933554817275748,0
0.028037383177570093,0
0.026717557251908396,0
0.08588957055214724,0
0.145985401459854,0
0.05141388174807198,0
0.9592760180995475,0
0.14960629921259844,0
0.042801556420233464,0
0.03755868544600939,0
0.04201680672268908,0
0.010810810810810811,0
0.03260869565217391,0
0.4413309982486865,0
0.11304347826086956,0
0.03858520900321544,0
0.12360939431396786,0
0.13953488372093023,0
0.3465909090909091,0
0.03375527426160337,0
0.9184549356223176,0
0.053231939163498096,0
0.04145077720207254,0
0.6,0
0.0,0
0.15450643776824036,0
0.48148148148148145,0
0.13276231263383298,0
0.031413612565445025,0
0.0851063829787234,0
0.047529706066291436,0
0.013245033112582781,0
0.14545454545454545,0
0.12307692307692308,0
0.6728624535315985,0
0.1206896551724138,0
0.24666666666666667,0
0.10069444444444445,0
0.027210884353741496,0
0.041811846689895474,0
0.2028985507246377,0
0.13333333333333333,0
0.35374149659863946,0
0.2458628841607565,0
0.4713375796178344,0
0.33432835820895523,0
0.045112781954887216,0
0.05374001452432825,0
0.6826347305389222,0
0.026415094339622643,0
0.38497652582159625,0
0.11609498680738786,0
0.06422018348623854,0
0.019966722129783693,0
0.0,0
0.7948717948717948,0
0.37037037037037035,0
0.053763440860215055,0
0.017142857142857144,0
0.6867469879518072,0
0.03194888178913738,0
0.11464968152866242,0
0.16020671834625322,0
0.9302325581395349,0
0.024193548387096774,0
0.5423728813559322,0
0.05181347150259067,0
0.05776173285198556,0
0.040983606557377046,0
0.35853865760407816,0
0.7477876106194691,0
0.008849557522123894,0
0.102803738317757,0
0.0377906976744186,0
0.08433734939759036,0
0.05904059040590406,0
0.968944099378882,0
0.4935064935064935,0
0.0,0
0.0,0
0.041237113402061855,0
0.0,0
0.06628242074927954,0
0.04892966360856269,0
0.043557168784029036,0
0.04,0
0.4846153846153846,0
0.6787204450625869,0
0.6810344827586207,0
0.017699115044247787,0
0.3170731707317073,0
0.061946902654867256,0
0.01639344262295082,0
0.053763440860215055,0
