0.9491525423728814,1
0.9401709401709402,1
0.8461538461538461,1
0.8461538461538461,1
0.9401709401709402,1
0.9401709401709402,1
0.905982905982906,1
0.9243697478991597,1
0.9401709401709402,1
0.9401709401709402,1
0.8461538461538461,1
0.8461538461538461,1
0.9401709401709402,1
0.9401709401709402,1
0.905982905982906,1
0.9243697478991597,1
0.9401709401709402,1
0.8372093023255814,1
0.8372093023255814,1
0.9482758620689655,1
0.9482758620689655,1
0.9137931034482759,1
0.9322033898305084,1
0.9482758620689655,1
0.9577464788732394,1
0.8372093023255814,1
0.8372093023255814,1
0.8062015503875969,1
0.8244274809160306,1
0.8372093023255814,1
0.8372093023255814,1
0.8372093023255814,1
0.8062015503875969,1
0.8244274809160306,1
0.8372093023255814,1
0.9482758620689655,1
0.9137931034482759,1
0.9322033898305084,1
0.9482758620689655,1
0.9137931034482759,1
0.9322033898305084,1
0.9482758620689655,1
0.8983050847457628,1
0.9137931034482759,1
0.9322033898305084,1
0.9523809523809523,1
0.9523809523809523,1
0.9523809523809523,1
0.972972972972973,1
0.8888888888888888,1
0.9357798165137615,1
0.9369369369369369,1
0.9369369369369369,1
0.9369369369369369,1
0.9369369369369369,1
0.9122807017543859,1
0.9122807017543859,1
0.9174311926605505,1
0.9272727272727272,1
0.9107142857142857,1
0.9107142857142857,1
0.9107142857142857,1
0.9107142857142857,1
0.8869565217391304,1
0.8869565217391304,1
0.897196261682243,1
0.8807339449541285,1
0.8807339449541285,1
0.8807339449541285,1
0.8807339449541285,1
0.8571428571428571,1
0.8571428571428571,1
0.9272727272727272,1
0.9272727272727272,1
0.9272727272727272,1
0.9272727272727272,1
0.9026548672566371,1
0.9026548672566371,1
0.9464285714285714,1
0.9464285714285714,1
0.9464285714285714,1
0.9217391304347826,1
0.9217391304347826,1
0.9464285714285714,1
0.9464285714285714,1
0.9217391304347826,1
0.9217391304347826,1
0.9464285714285714,1
0.9217391304347826,1
0.9217391304347826,1
0.9217391304347826,1
0.9217391304347826,1
0.9491525423728814,1
0.9508196721311475,1
0.9777777777777777,1
0.9772727272727273,1
0.9056603773584906,1
0.9056603773584906,1
0.9230769230769231,1
0.8821292775665399,1
0.865546218487395,1
0.5168539325842697,1
0.8818897637795275,1
0.8683473389355743,1
0.8554913294797688,1
0.8173374613003096,1
0.8465608465608465,1
0.8328267477203647,1
0.8421052631578947,1
0.9473684210526315,1
0.7894736842105263,1
0.7894736842105263,1
0.9473684210526315,1
0.8421052631578947,1
0.75,1
0.7466666666666667,1
0.7466666666666667,1
0.927710843373494,1
0.8235294117647058,1
0.8235294117647058,1
0.7647058823529411,1
0.7647058823529411,1
0.8235294117647058,1
0.8235294117647058,1
0.7727272727272727,1
0.9321266968325792,1
0.9555555555555556,1
0.8648648648648649,1
0.6222222222222222,1
0.8235294117647058,1
0.5957446808510638,1
0.6666666666666666,1
0.6666666666666666,1
0.6222222222222222,1
0.5957446808510638,1
0.5833333333333334,1
0.5957446808510638,1
0.6521739130434783,1
0.8,1
0.6666666666666666,1
0.6122448979591837,1
0.6122448979591837,1
0.6521739130434783,1
0.6666666666666666,1
0.6530612244897959,1
0.6666666666666666,1
0.6511627906976745,1
0.8571428571428571,1
0.8421052631578947,1
0.8421052631578947,1
0.8888888888888888,1
0.8571428571428571,1
0.8421052631578947,1
0.8571428571428571,1
0.6222222222222222,1
0.6086956521739131,1
0.6086956521739131,1
0.6511627906976745,1
0.6222222222222222,1
0.6086956521739131,1
0.6222222222222222,1
0.8135593220338984,1
0.8135593220338984,1
0.8571428571428571,1
0.896551724137931,1
0.8813559322033898,1
0.896551724137931,1
0.9,1
0.8421052631578947,1
0.8135593220338984,1
0.8,1
0.8135593220338984,1
0.8421052631578947,1
0.8135593220338984,1
0.8,1
0.8135593220338984,1
0.8571428571428571,1
0.8421052631578947,1
0.8571428571428571,1
0.8813559322033898,1
0.896551724137931,1
0.8813559322033898,1
0.125,0
0.11914893617021277,0
0.34328358208955223,0
0.12552301255230125,0
0.08333333333333333,0
0.36363636363636365,0
0.43010752688172044,0
0.044444444444444446,0
0.056338028169014086,0
0.0821917808219178,0
0.07692307692307693,0
0.631578947368421,0
0.02666666666666667,0
0.35772357723577236,0
0.6386554621848739,0
0.058823529411764705,0
0.075,0
0.07476635514018691,0
0.143646408839779,0
0.19834710743801653,0
0.4752475247524752,0
0.058823529411764705,0
0.06153846153846154,0
0.1414141414141414,0
0.11392405063291139,0
0.0547945205479452,0
0.10752688172043011,0
0.06557377049180328,0
0.1259259259259259,0
0.12727272727272726,0
0.025477707006369428,0
0.13274336283185842,0
0.07633587786259542,0
0.2268041237113402,0
0.0641025641025641,0
0.13043478260869565,0
0.12903225806451613,0
0.631578947368421,0
0.36363636363636365,0
0.07179487179487179,0
0.07766990291262135,0
0.45977011494252873,0
0.05952380952380952,0
0.43103448275862066,0
0.09090909090909091,0
0.398406374501992,0
0.13186813186813187,0
0.11158798283261803,0
0.3888888888888889,0
0.5121951219512195,0
0.36363636363636365,0
0.09649122807017543,0
0.10774410774410774,0
0.18556701030927836,0
0.28888888888888886,0
0.046511627906976744,0
0.10526315789473684,0
0.1415929203539823,0
0.0594059405940594,0
0.1188118811881188,0
0.05825242718446602,0
0.12244897959183673,0
0.24,0
0.08163265306122448,0
0.03861003861003861,0
0.075,0
0.06666666666666667,0
0.0449438202247191,0
0.08,0
0.05673758865248227,0
0.08284023668639054,0
0.08333333333333333,0
0.05,0
0.08695652173913043,0
0.13043478260869565,0
0.05970149253731343,0
0.12987012987012986,0
0.33766233766233766,0
0.1917808219178082,0
0.1188118811881188,0
0.3770491803278688,0
0.02857142857142857,0
0.07741935483870968,0
0.5581395348837209,0
0.05649717514124294,0
0.12121212121212122,0
0.04878048780487805,0
0.1095890410958904,0
0.4835164835164835,0
0.09411764705882353,0
0.5882352941176471,0
0.1276595744680851,0
0.14207650273224043,0
0.08571428571428572,0
0.1095890410958904,0
0.16494845360824742,0
0.08275862068965517,0
0.07692307692307693,0
0.07792207792207792,0
0.07003891050583658,0
0.0594059405940594,0
0.6153846153846154,0
0.09821428571428571,0
0.21428571428571427,0
0.09090909090909091,0
0.5060240963855421,0
0.33766233766233766,0
0.07692307692307693,0
0.09302325581395349,0
0.21428571428571427,0
0.0761904761904762,0
0.13496932515337423,0
0.1125,0
0.08,0
0.0594059405940594,0
0.5411764705882353,0
0.2247191011235955,0
0.06451612903225806,0
0.18823529411764706,0
0.07792207792207792,0
0.13333333333333333,0
0.125,0
0.07692307692307693,0
0.4702549575070821,0
0.10606060606060606,0
0.053811659192825115,0
0.061224489795918366,0
0.08695652173913043,0
0.09090909090909091,0
0.34710743801652894,0
0.06557377049180328,0
0.041237113402061855,0
0.21428571428571427,0
0.5882352941176471,0
0.2222222222222222,0
0.07692307692307693,0
0.5238095238095238,0
0.06060606060606061,0
0.10285714285714286,0
0.21951219512195122,0
0.05747126436781609,0
0.08,0
0.16363636363636364,0
0.5882352941176471,0
0.10294117647058823,0
0.1574074074074074,0
0.43010752688172044,0
0.1111111111111111,0
0.12359550561797752,0
0.10810810810810811,0
0.09615384615384616,0
0.13333333333333333,0
0.09803921568627451,0
0.20454545454545456,0
0.43010752688172044,0
0.38961038961038963,0
0.23636363636363636,0
0.07100591715976332,0
0.5511811023622047,0
0.42,0
0.3333333333333333,0
0.12987012987012986,0
0.10687022900763359,0
0.08450704225352113,0
0.1111111111111111,0
0.3770491803278688,0
0.12359550561797752,0
0.10526315789473684,0
0.09803921568627451,0
0.1125,0
0.0784313725490196,0
0.5227272727272727,0
0.09803921568627451,0
0.21686746987951808,0
0.11594202898550725,0
0.4050632911392405,0
0.04897959183673469,0
0.09045226130653267,0
0.1797752808988764,0
0.1276595744680851,0
0.07272727272727272,0
0.07377049180327869,0
0.9,1
1.0,1
0.8333333333333334,1
1.0,1
0.9523809523809523,1
0.8648648648648649,1
0.8169014084507042,1
0.5333333333333333,1
0.5454545454545454,1
0.9230769230769231,1
0.9836065573770492,1
0.9428571428571428,1
0.96,1
1.0,1
0.896551724137931,1
0.896551724137931,1
0.5925925925925926,1
0.9333333333333333,1
1.0,1
1.0,1
1.0,1
1.0,1
1.0,1
1.0,1
1.0,1
1.0,1
1.0,1
1.0,1
1.0,1
0.7428571428571429,1
1.0,1
1.0,1
0.875,1
0.963855421686747,1
0.8648648648648649,1
0.9473684210526315,1
0.8108108108108109,1
0.8108108108108109,1
0.9444444444444444,1
0.8648648648648649,1
1.0,1
1.0,1
0.6206896551724138,1
0.8484848484848485,1
0.8484848484848485,1
0.7058823529411765,1
0.7222222222222222,1
0.7567567567567568,1
0.7027027027027027,1
0.7857142857142857,1
0.9090909090909091,1
0.8333333333333334,1
0.8461538461538461,1
0.9230769230769231,1
0.8888888888888888,1
0.7692307692307693,1
0.7692307692307693,1
0.7407407407407407,1
0.9230769230769231,1
0.9629629629629629,1
0.8461538461538461,1
0.8148148148148148,1
1.0,1
1.0,1
1.0,1
1.0,1
1.0,1
1.0,1
1.0,1
1.0,1
1.0,1
1.0,1
1.0,1
0.9411764705882353,1
0.896551724137931,1
0.8333333333333334,1
0.90625,1
0.8536585365853658,1
0.8235294117647058,1
0.8316831683168316,1
0.8235294117647058,1
0.896551724137931,1
0.6896551724137931,1
0.6875,1
0.704225352112676,1
1.0,1
0.9811320754716981,1
0.9285714285714286,1
0.9285714285714286,1
0.9285714285714286,1
0.9705882352941176,1
0.9565217391304348,1
1.0,1
1.0,1
0.7676767676767676,1
0.8723404255319149,1
0.8333333333333334,1
0.9090909090909091,1
0.8701298701298701,1
0.9047619047619048,1
0.8690476190476191,1
0.9642857142857143,1
0.8051948051948052,1
0.7662337662337663,1
0.9571428571428572,1
0.8051948051948052,1
0.7662337662337663,1
0.8701298701298701,1
0.8857142857142857,1
0.8428571428571429,1
0.7662337662337663,1
0.8051948051948052,1
0.9090909090909091,1
0.8428571428571429,1
0.8857142857142857,1
0.85,1
1.0,1
0.9781021897810219,1
0.8292682926829268,1
0.8260869565217391,1
0.6666666666666666,1
0.735632183908046,1
0.6666666666666666,1
0.735632183908046,1
0.8941176470588236,1
0.85,1
0.8292682926829268,1
0.9724770642201835,1
0.8125,1
1.0,1
0.875,1
0.9444444444444444,1
0.8125,1
0.7352941176470589,1
0.6341463414634146,1
0.7352941176470589,1
0.6341463414634146,1
0.7352941176470589,1
0.7352941176470589,1
0.7352941176470589,1
0.5747126436781609,1
0.5747126436781609,1
0.47619047619047616,1
0.38961038961038963,1
0.8125,1
0.9302325581395349,1
0.9302325581395349,1
0.7222222222222222,1
0.896551724137931,1
0.7222222222222222,1
0.896551724137931,1
0.896551724137931,1
0.896551724137931,1
0.6753246753246753,1
0.6753246753246753,1
0.6415094339622641,1
0.5074626865671642,1
0.8055555555555556,1
0.9302325581395349,1
0.7222222222222222,1
0.7222222222222222,1
0.7222222222222222,1
0.5714285714285714,1
0.5714285714285714,1
0.47761194029850745,1
0.7654320987654321,1
0.7222222222222222,1
0.896551724137931,1
0.896551724137931,1
0.896551724137931,1
0.6753246753246753,1
0.6753246753246753,1
0.6415094339622641,1
0.5074626865671642,1
0.8055555555555556,1
0.7222222222222222,1
0.7222222222222222,1
0.5714285714285714,1
0.5714285714285714,1
0.47761194029850745,1
0.7654320987654321,1
0.8125,1
0.9285714285714286,1
0.875,1
1.0,1
0.896551724137931,1
0.896551724137931,1
0.6753246753246753,1
0.6753246753246753,1
0.6415094339622641,1
0.5074626865671642,1
0.9444444444444444,1
0.9444444444444444,1
0.9444444444444444,1
0.9444444444444444,1
0.9444444444444444,1
0.9444444444444444,1
1.0,1
0.9444444444444444,1
0.9444444444444444,1
0.9444444444444444,1
0.9444444444444444,1
0.9444444444444444,1
0.9444444444444444,1
0.9302325581395349,1
1.0,1
0.896551724137931,1
0.6753246753246753,1
0.6753246753246753,1
0.6415094339622641,1
0.5074626865671642,1
0.6753246753246753,1
0.6753246753246753,1
0.6415094339622641,1
0.5671641791044776,1
0.9552238805970149,1
1.0,1
0.9552238805970149,1
0.9523809523809523,1
1.0,1
0.9523809523809523,1
0.9516129032258065,1
0.9552238805970149,1
1.0,1
0.9523809523809523,1
1.0,1
0.9375,1
0.4722222222222222,1
0.3953488372093023,1
0.9444444444444444,1
0.9444444444444444,1
0.9444444444444444,1
0.9444444444444444,1
0.9444444444444444,1
0.9444444444444444,1
1.0,1
0.9444444444444444,1
0.9444444444444444,1
0.9444444444444444,1
0.9444444444444444,1
0.9444444444444444,1
0.9444444444444444,1
0.9444444444444444,1
0.9444444444444444,1
0.9444444444444444,1
0.9444444444444444,1
0.9444444444444444,1
1.0,1
0.9444444444444444,1
0.9444444444444444,1
0.9444444444444444,1
0.9444444444444444,1
0.9444444444444444,1
0.9444444444444444,1
0.9444444444444444,1
0.9444444444444444,1
0.9444444444444444,1
0.9444444444444444,1
1.0,1
0.9444444444444444,1
0.9444444444444444,1
0.9444444444444444,1
0.4722222222222222,1
0.3953488372093023,1
0.9781021897810219,1
0.8292682926829268,1
0.9444444444444444,1
0.9444444444444444,1
0.9444444444444444,1
0.9444444444444444,1
0.9444444444444444,1
0.9444444444444444,1
1.0,1
0.9444444444444444,1
0.9444444444444444,1
0.9444444444444444,1
0.9444444444444444,1
0.9444444444444444,1
0.9444444444444444,1
0.9444444444444444,1
0.9444444444444444,1
1.0,1
0.9444444444444444,1
0.9444444444444444,1
0.9444444444444444,1
0.9444444444444444,1
0.9444444444444444,1
0.9444444444444444,1
0.9444444444444444,1
1.0,1
1.0,1
0.5333333333333333,1
0.6451612903225806,1
0.875,1
1.0,1
0.5333333333333333,1
0.6415094339622641,1
0.5641025641025641,1
0.5333333333333333,1
1.0,1
0.85,1
1.0,1
0.85,1
0.9642857142857143,1
0.8690476190476191,1
0.9090909090909091,1
0.8701298701298701,1
0.9047619047619048,1
0.8701298701298701,1
0.9090909090909091,1
0.85,1
1.0,1
0.7662337662337663,1
0.8051948051948052,1
0.7096774193548387,1
0.9090909090909091,1
0.9571428571428572,1
0.75,1
0.92,1
0.7894736842105263,1
0.8333333333333334,1
0.6785714285714286,1
0.6451612903225806,1
0.6415094339622641,1
0.875,1
0.5641025641025641,1
0.759493670886076,1
0.8210526315789474,1
0.7333333333333333,1
0.8571428571428571,1
0.9142857142857143,1
0.9024390243902439,1
0.5357142857142857,1
0.9473684210526315,1
0.98989898989899,1
0.944,1
0.875,1
0.9142857142857143,1
0.8813559322033898,1
1.0,1
0.875,1
0.9444444444444444,1
0.8125,1
0.8125,1
0.9285714285714286,1
0.875,1
0.9444444444444444,1
0.9444444444444444,1
0.9444444444444444,1
0.9444444444444444,1
0.9444444444444444,1
0.9444444444444444,1
0.9552238805970149,1
0.9523809523809523,1
0.9444444444444444,1
0.9444444444444444,1
0.9444444444444444,1
0.9444444444444444,1
0.9444444444444444,1
0.9444444444444444,1
0.9444444444444444,1
0.9444444444444444,1
0.9444444444444444,1
0.9444444444444444,1
0.9444444444444444,1
0.9444444444444444,1
0.9444444444444444,1
0.9444444444444444,1
0.9444444444444444,1
0.5333333333333333,1
0.85,1
0.92,1
0.05714285714285714,0
0.08888888888888889,0
0.15,0
0.0,0
0.046511627906976744,0
0.0,0
0.4489795918367347,0
0.1553398058252427,0
0.0,0
0.26229508196721313,0
0.06896551724137931,0
0.08695652173913043,0
0.044444444444444446,0
0.15584415584415584,0
0.041666666666666664,0
0.09090909090909091,0
0.875,0
0.16,0
0.08391608391608392,0
0.06666666666666667,0
0.05,0
0.13333333333333333,0
0.2727272727272727,0
0.038834951456310676,0
0.23728813559322035,0
0.1702127659574468,0
0.09523809523809523,0
0.08823529411764706,0
0.04878048780487805,0
0.09523809523809523,0
0.03636363636363636,0
0.07407407407407407,0
0.5531914893617021,0
0.0625,0
0.08163265306122448,0
0.0784313725490196,0
0.0851063829787234,0
0.06896551724137931,0
0.049079754601226995,0
0.21686746987951808,0
0.1,0
0.06557377049180328,0
0.28169014084507044,0
0.0547945205479452,0
0.03773584905660377,0
0.16666666666666666,0
0.04878048780487805,0
0.034482758620689655,0
0.0975609756097561,0
0.05,0
0.3,0
0.03361344537815126,0
0.26804123711340205,0
0.11650485436893204,0
0.046511627906976744,0
0.08450704225352113,0
0.5,0
0.09523809523809523,0
0.3137254901960784,0
0.08247422680412371,0
0.10526315789473684,0
0.14285714285714285,0
0.10256410256410256,0
0.07407407407407407,0
0.21621621621621623,0
0.08333333333333333,0
0.05970149253731343,0
0.09090909090909091,0
0.3076923076923077,0
0.11764705882352941,0
0.07792207792207792,0
0.1111111111111111,0
0.14634146341463414,0
0.08080808080808081,0
0.05405405405405406,0
0.05172413793103448,0
0.06030150753768844,0
0.0,0
0.11764705882352941,0
0.07692307692307693,0
0.1437125748502994,0
0.04597701149425287,0
0.0970873786407767,0
0.03333333333333333,0
0.27586206896551724,0
0.6538461538461539,0
0.07142857142857142,0
0.15384615384615385,0
0.08,0
0.09523809523809523,0
0.1,0
0.0,0
0.11428571428571428,0
0.09523809523809523,0
0.10810810810810811,0
0.11764705882352941,0
0.08695652173913043,0
0.05263157894736842,0
0.0784313725490196,0
0.08163265306122448,0
0.047619047619047616,0
0.46153846153846156,0
0.06557377049180328,0
0.06779661016949153,0
0.21428571428571427,0
0.1,0
0.06060606060606061,0
0.07692307692307693,0
0.1,0
0.23728813559322035,0
0.6538461538461539,0
0.16216216216216217,0
0.0,0
0.3137254901960784,0
0.18604651162790697,0
0.1694915254237288,0
0.034482758620689655,0
0.45454545454545453,0
0.07407407407407407,0
0.36585365853658536,0
0.0,0
0.03389830508474576,0
0.11538461538461539,0
0.04878048780487805,0
0.2692307692307692,0
0.28,0
0.0,0
0.38461538461538464,0
0.25,0
0.0,0
0.4375,0
0.043478260869565216,0
0.05063291139240506,0
0.05,0
0.30303030303030304,0
0.0,0
0.045454545454545456,0
0.08108108108108109,0
0.06349206349206349,0
0.058823529411764705,0
0.2318840579710145,0
0.025974025974025976,0
0.19444444444444445,0
0.14285714285714285,0
0.1,0
0.0,0
0.5245901639344263,0
0.06451612903225806,0
0.39436619718309857,0
0.16666666666666666,0
0.0,0
0.06896551724137931,0
0.036036036036036036,0
0.13157894736842105,0
0.4,0
0.43902439024390244,0
0.06818181818181818,0
0.5588235294117647,0
0.1,0
0.28125,0
0.06451612903225806,0
0.36619718309859156,0
0.043010752688172046,0
0.14035087719298245,0
0.0975609756097561,0
0.0,0
0.23529411764705882,0
0.0,0
0.42424242424242425,0
0.5416666666666666,0
0.06,0
0.06741573033707865,0
0.06451612903225806,0
0.034482758620689655,0
0.0,0
0.05714285714285714,0
0.14285714285714285,0
0.06172839506172839,0
0.08888888888888889,0
0.4,0
0.1875,0
0.11428571428571428,0
0.3076923076923077,0
0.047619047619047616,0
0.7017543859649122,0
0.07058823529411765,0
0.2857142857142857,0
0.07751937984496124,0
0.8125,0
0.07017543859649122,0
0.07407407407407407,0
0.06976744186046512,0
0.13636363636363635,0
0.11428571428571428,0
0.09523809523809523,0
0.1111111111111111,0
0.1568627450980392,0
0.1111111111111111,0
0.08695652173913043,0
0.06060606060606061,0
0.0898876404494382,0
0.09523809523809523,0
0.5555555555555556,0
0.09230769230769231,0
0.6666666666666666,0
0.0,0
0.06060606060606061,0
0.3728813559322034,0
0.0,0
0.10526315789473684,0
0.5423728813559322,0
0.36363636363636365,0
0.36363636363636365,0
0.12345679012345678,0
0.4883720930232558,0
0.6588235294117647,0
0.078125,0
0.042105263157894736,0
0.22580645161290322,0
0.05970149253731343,0
0.039603960396039604,0
0.10256410256410256,0
0.20833333333333334,0
0.057971014492753624,0
0.24390243902439024,0
0.07407407407407407,0
0.05063291139240506,0
0.24390243902439024,0
0.3617021276595745,0
0.1724137931034483,0
0.0784313725490196,0
0.047619047619047616,0
0.08888888888888889,0
0.14545454545454545,0
0.17647058823529413,0
0.07407407407407407,0
0.07407407407407407,0
0.10084033613445378,0
0.05405405405405406,0
0.08391608391608392,0
0.14285714285714285,0
0.03225806451612903,0
0.1111111111111111,0
0.06535947712418301,0
0.1,0
0.01680672268907563,0
0.5894736842105263,0
0.08333333333333333,0
0.08,0
0.2,0
0.05555555555555555,0
0.020618556701030927,0
0.09302325581395349,0
0.06349206349206349,0
0.23076923076923078,0
0.0,0
0.07575757575757576,0
0.10256410256410256,0
0.03773584905660377,0
0.1951219512195122,0
0.024691358024691357,0
0.6111111111111112,0
0.043478260869565216,0
0.11764705882352941,0
0.1037037037037037,0
0.0,0
0.0784313725490196,0
0.0851063829787234,0
0.13953488372093023,0
0.03773584905660377,0
0.03278688524590164,0
0.11428571428571428,0
0.12307692307692308,0
0.06896551724137931,0
0.09523809523809523,0
0.08695652173913043,0
0.14285714285714285,0
0.06060606060606061,0
0.12903225806451613,0
0.09803921568627451,0
0.10714285714285714,0
0.08695652173913043,0
0.04081632653061224,0
0.5060240963855421,0
0.16326530612244897,0
0.0975609756097561,0
0.12903225806451613,0
0.07407407407407407,0
0.6666666666666666,0
0.2222222222222222,0
0.1111111111111111,0
0.043478260869565216,0
0.08695652173913043,0
0.037037037037037035,0
0.45161290322580644,0
0.08,0
0.12903225806451613,0
0.11594202898550725,0
0.07407407407407407,0
0.08,0
0.05555555555555555,0
0.22857142857142856,0
0.13114754098360656,0
0.06451612903225806,0
0.3055555555555556,0
0.17142857142857143,0
0.038834951456310676,0
0.0,0
0.061224489795918366,0
0.03225806451612903,0
0.05357142857142857,0
0.046511627906976744,0
0.0,0
0.07142857142857142,0
0.1111111111111111,0
0.06896551724137931,0
0.05263157894736842,0
0.17647058823529413,0
0.029411764705882353,0
0.05194805194805195,0
0.021739130434782608,0
0.05555555555555555,0
0.1,0
0.1935483870967742,0
0.038461538461538464,0
0.14285714285714285,0
0.04819277108433735,0
0.058823529411764705,0
0.25882352941176473,0
0.0392156862745098,0
0.05309734513274336,0
0.6428571428571429,0
0.05405405405405406,0
0.05,0
0.02631578947368421,0
0.1694915254237288,0
0.05714285714285714,0
0.2857142857142857,0
0.037037037037037035,0
0.35135135135135137,0
0.06315789473684211,0
0.12658227848101267,0
0.08247422680412371,0
0.08620689655172414,0
0.5714285714285714,0
0.12903225806451613,0
0.13333333333333333,0
0.03636363636363636,0
0.030303030303030304,0
0.06896551724137931,0
0.05128205128205128,0
0.0784313725490196,0
0.125,0
0.1111111111111111,0
0.0,0
0.13559322033898305,0
0.12,0
0.0,0
0.043478260869565216,0
0.1951219512195122,0
0.0,0
0.13043478260869565,0
0.0851063829787234,0
0.2857142857142857,0
0.11023622047244094,0
0.03333333333333333,0
0.07407407407407407,0
0.05309734513274336,0
0.12903225806451613,0
0.7079646017699115,0
0.273972602739726,0
0.08163265306122448,0
0.7308970099667774,1
0.8421052631578947,1
0.918918918918919,1
0.9459459459459459,1
0.9459459459459459,1
0.9459459459459459,1
0.9459459459459459,1
0.9459459459459459,1
0.9459459459459459,1
0.918918918918919,1
0.918918918918919,1
0.918918918918919,1
0.918918918918919,1
0.918918918918919,1
0.918918918918919,1
0.9459459459459459,1
0.9459459459459459,1
0.9459459459459459,1
0.9459459459459459,1
0.9459459459459459,1
0.9459459459459459,1
0.9459459459459459,1
0.9459459459459459,1
0.9459459459459459,1
0.9459459459459459,1
0.9459459459459459,1
0.9459459459459459,1
0.9459459459459459,1
0.9459459459459459,1
0.9459459459459459,1
0.9295774647887324,1
0.8518518518518519,1
0.8668407310704961,1
0.8507462686567164,1
0.7692307692307693,1
0.9545454545454546,1
0.9074889867841409,1
0.7829457364341085,1
0.753731343283582,1
0.8860759493670886,1
0.7686567164179104,1
0.7985611510791367,1
0.8727272727272727,1
0.8421052631578947,1
0.9683544303797469,1
0.7924528301886793,1
0.8076923076923077,1
0.8076923076923077,1
0.8076923076923077,1
0.8076923076923077,1
0.8076923076923077,1
0.8571428571428571,1
0.8571428571428571,1
0.8571428571428571,1
0.8571428571428571,1
0.8571428571428571,1
0.875,1
0.875,1
0.875,1
0.875,1
0.875,1
0.875,1
0.875,1
0.875,1
0.875,1
0.875,1
0.7075471698113207,1
0.9245283018867925,1
0.5,1
0.5,1
0.5,1
0.5,1
0.5,1
0.5,1
0.5,1
0.5,1
0.8648648648648649,1
0.8648648648648649,1
0.8648648648648649,1
0.8648648648648649,1
0.8648648648648649,1
0.8648648648648649,1
0.8648648648648649,1
0.8648648648648649,1
0.8648648648648649,1
0.8648648648648649,1
0.8648648648648649,1
0.8648648648648649,1
0.8648648648648649,1
0.8648648648648649,1
0.8648648648648649,1
0.8648648648648649,1
0.8648648648648649,1
0.8648648648648649,1
0.8188976377952756,1
0.8648648648648649,1
0.8648648648648649,1
0.8648648648648649,1
0.8648648648648649,1
0.8648648648648649,1
0.8648648648648649,1
0.8648648648648649,1
0.8648648648648649,1
0.8648648648648649,1
0.8648648648648649,1
0.8811188811188811,1
0.8363636363636363,1
0.9090909090909091,1
0.8888888888888888,1
0.935064935064935,1
0.8311688311688312,1
1.0,1
0.9743589743589743,1
0.9355932203389831,1
0.925,1
0.95,1
0.95,1
0.95,1
0.95,1
0.95,1
0.95,1
0.925,1
0.925,1
0.925,1
0.925,1
0.925,1
0.925,1
0.95,1
0.95,1
0.95,1
0.95,1
0.95,1
0.95,1
0.95,1
0.95,1
0.95,1
0.95,1
0.95,1
0.95,1
0.95,1
0.95,1
0.95,1
0.8023952095808383,1
0.9130434782608695,1
0.9130434782608695,1
0.9130434782608695,1
0.9130434782608695,1
0.9130434782608695,1
0.9130434782608695,1
0.9583333333333334,1
0.9583333333333334,1
0.9583333333333334,1
0.9583333333333334,1
0.9583333333333334,1
0.9583333333333334,1
0.9583333333333334,1
0.9583333333333334,1
0.9583333333333334,1
0.9583333333333334,1
0.9583333333333334,1
0.9583333333333334,1
0.9583333333333334,1
0.9583333333333334,1
0.9583333333333334,1
0.875,1
0.875,1
0.875,1
0.875,1
0.875,1
0.875,1
0.9583333333333334,1
0.9583333333333334,1
0.9583333333333334,1
0.9583333333333334,1
0.9583333333333334,1
0.9583333333333334,1
0.9583333333333334,1
0.9583333333333334,1
0.9583333333333334,1
0.9583333333333334,1
0.9583333333333334,1
0.9583333333333334,1
0.9583333333333334,1
0.9583333333333334,1
0.9583333333333334,1
0.9047619047619048,1
0.9047619047619048,1
0.9047619047619048,1
0.9047619047619048,1
0.9047619047619048,1
0.9047619047619048,1
0.9523809523809523,1
0.9523809523809523,1
0.9523809523809523,1
0.9523809523809523,1
0.9523809523809523,1
0.9523809523809523,1
0.9523809523809523,1
0.9523809523809523,1
0.9523809523809523,1
0.9523809523809523,1
0.9523809523809523,1
0.9523809523809523,1
0.9523809523809523,1
0.9523809523809523,1
0.9523809523809523,1
0.9047619047619048,1
0.9047619047619048,1
0.9047619047619048,1
0.9047619047619048,1
0.9047619047619048,1
0.9047619047619048,1
0.9523809523809523,1
0.9523809523809523,1
0.9523809523809523,1
0.9523809523809523,1
0.9523809523809523,1
0.9523809523809523,1
0.9523809523809523,1
0.9523809523809523,1
0.9523809523809523,1
0.9523809523809523,1
0.9523809523809523,1
0.9523809523809523,1
0.9523809523809523,1
0.9523809523809523,1
0.9523809523809523,1
0.975,1
0.975,1
0.975,1
0.975,1
0.975,1
0.975,1
0.975,1
0.975,1
0.975,1
0.975,1
0.975,1
0.975,1
0.975,1
0.975,1
0.975,1
0.975,1
0.975,1
0.975,1
0.975,1
0.975,1
0.975,1
0.975,1
0.975,1
0.975,1
0.975,1
0.975,1
0.975,1
0.975,1
0.9230769230769231,1
0.9230769230769231,1
0.9230769230769231,1
0.9230769230769231,1
0.9230769230769231,1
0.9230769230769231,1
0.9230769230769231,1
0.9253731343283582,1
0.8656716417910447,1
0.8656716417910447,1
0.8656716417910447,1
0.8656716417910447,1
0.8656716417910447,1
0.8656716417910447,1
0.8656716417910447,1
0.9696969696969697,1
0.9696969696969697,1
0.9696969696969697,1
0.9696969696969697,1
0.9696969696969697,1
0.9696969696969697,1
0.8823529411764706,1
0.9117647058823529,1
0.9117647058823529,1
0.9117647058823529,1
0.9117647058823529,1
0.9117647058823529,1
0.9117647058823529,1
0.9411764705882353,1
0.9696969696969697,1
0.9696969696969697,1
0.9696969696969697,1
0.9696969696969697,1
0.9696969696969697,1
0.8823529411764706,1
0.9117647058823529,1
0.9117647058823529,1
0.9117647058823529,1
0.9117647058823529,1
0.9117647058823529,1
0.9411764705882353,1
0.9117647058823529,1
0.9696969696969697,1
0.9696969696969697,1
0.9696969696969697,1
0.9696969696969697,1
0.8823529411764706,1
0.9117647058823529,1
0.9117647058823529,1
0.9117647058823529,1
0.9117647058823529,1
0.9411764705882353,1
0.9117647058823529,1
0.9117647058823529,1
0.9696969696969697,1
0.9696969696969697,1
0.9696969696969697,1
0.8823529411764706,1
0.9117647058823529,1
0.9117647058823529,1
0.9117647058823529,1
0.9411764705882353,1
0.9117647058823529,1
0.9117647058823529,1
0.9117647058823529,1
0.9696969696969697,1
0.9696969696969697,1
0.8823529411764706,1
0.9117647058823529,1
0.9117647058823529,1
0.9411764705882353,1
0.9117647058823529,1
0.9117647058823529,1
0.9117647058823529,1
0.9117647058823529,1
0.9696969696969697,1
0.8823529411764706,1
0.9117647058823529,1
0.9411764705882353,1
0.9117647058823529,1
0.9117647058823529,1
0.9117647058823529,1
0.9117647058823529,1
0.9117647058823529,1
0.8823529411764706,1
0.9411764705882353,1
0.9117647058823529,1
0.9117647058823529,1
0.9117647058823529,1
0.9117647058823529,1
0.9117647058823529,1
0.9117647058823529,1
0.9428571428571428,1
0.9428571428571428,1
0.9428571428571428,1
0.9428571428571428,1
0.9428571428571428,1
0.9428571428571428,1
0.9428571428571428,1
0.9714285714285714,1
0.9714285714285714,1
0.9714285714285714,1
0.9714285714285714,1
0.9714285714285714,1
0.9714285714285714,1
0.9714285714285714,1
0.9714285714285714,1
0.9714285714285714,1
0.9714285714285714,1
0.9714285714285714,1
0.9714285714285714,1
0.9714285714285714,1
0.9714285714285714,1
0.9714285714285714,1
0.9714285714285714,1
0.9714285714285714,1
0.9714285714285714,1
0.9714285714285714,1
0.9714285714285714,1
0.9714285714285714,1
0.7272727272727273,1
0.7272727272727273,1
0.7272727272727273,1
0.7272727272727273,1
0.7272727272727273,1
0.7272727272727273,1
0.7272727272727273,1
0.7272727272727273,1
0.9615384615384616,1
0.9615384615384616,1
0.9615384615384616,1
0.9615384615384616,1
0.9615384615384616,1
0.9230769230769231,1
0.9615384615384616,1
0.9615384615384616,1
0.9615384615384616,1
0.9615384615384616,1
0.9615384615384616,1
0.9230769230769231,1
0.9615384615384616,1
0.9615384615384616,1
0.9615384615384616,1
0.9615384615384616,1
0.9230769230769231,1
0.9615384615384616,1
0.9615384615384616,1
0.9615384615384616,1
0.9230769230769231,1
0.9615384615384616,1
0.9615384615384616,1
0.9230769230769231,1
0.9615384615384616,1
0.9230769230769231,1
0.9615384615384616,1
0.9230769230769231,1
0.9661016949152542,1
0.014705882352941176,0
0.061068702290076333,0
0.12903225806451613,0
0.12903225806451613,0
0.3333333333333333,0
0.5,0
0.4126984126984127,0
0.0761904761904762,0
0.06666666666666667,0
0.3561643835616438,0
0.10752688172043011,0
0.1694915254237288,0
0.07407407407407407,0
0.7792207792207793,0
0.19444444444444445,0
0.05405405405405406,0
0.22535211267605634,0
0.09333333333333334,0
0.12,0
0.07575757575757576,0
0.08602150537634409,0
0.04145077720207254,0
0.045454545454545456,0
0.29508196721311475,0
0.16666666666666666,0
0.2465753424657534,0
0.08888888888888889,0
0.25,0
0.3561643835616438,0
0.13559322033898305,0
0.15384615384615385,0
0.5538461538461539,0
0.055944055944055944,0
0.8695652173913043,0
0.03389830508474576,0
0.1038961038961039,0
0.13114754098360656,0
0.06976744186046512,0
0.01818181818181818,0
0.12244897959183673,0
0.09022556390977443,0
0.12,0
0.02575107296137339,0
0.3611111111111111,0
0.14507772020725387,0
0.08333333333333333,0
0.2807017543859649,0
0.02127659574468085,0
0.29333333333333333,0
0.05128205128205128,0
0.3561643835616438,0
0.8837209302325582,0
0.03305785123966942,0
0.013793103448275862,0
0.20512820512820512,0
0.4918032786885246,0
0.5625,0
0.06015037593984962,0
0.13725490196078433,0
0.23376623376623376,0
0.055248618784530384,0
0.06451612903225806,0
0.07633587786259542,0
0.36065573770491804,0
0.07792207792207792,0
0.06521739130434782,0
0.0425531914893617,0
0.06976744186046512,0
0.10752688172043011,0
0.07575757575757576,0
0.36065573770491804,0
0.06741573033707865,0
0.8837209302325582,0
0.08,0
0.03007518796992481,0
0.13333333333333333,0
0.08620689655172414,0
0.6779661016949152,0
0.12222222222222222,0
0.07142857142857142,0
0.36065573770491804,0
0.6779661016949152,0
0.05194805194805195,0
0.8444444444444444,0
0.10526315789473684,0
0.05405405405405406,0
0.56,0
0.25,0
0.08,0
0.05263157894736842,0
0.029850746268656716,0
0.10256410256410256,0
0.5573770491803278,0
0.05787781350482315,0
0.07407407407407407,0
0.07207207207207207,0
0.05194805194805195,0
0.8695652173913043,0
0.1111111111111111,0
0.1694915254237288,0
0.19753086419753085,0
0.6885245901639344,0
0.1518987341772152,0
0.19444444444444445,0
0.5957446808510638,0
0.06521739130434782,0
0.14634146341463414,0
0.0446927374301676,0
0.6382978723404256,0
0.12280701754385964,0
0.1746031746031746,0
0.1518987341772152,0
0.32786885245901637,0
0.13114754098360656,0
0.3125,0
0.0547945205479452,0
0.8444444444444444,0
0.48148148148148145,0
0.19444444444444445,0
0.4918032786885246,0
0.53125,0
0.05194805194805195,0
0.4918032786885246,0
0.030456852791878174,0
0.21052631578947367,0
0.07228915662650602,0
0.03076923076923077,0
0.03278688524590164,0
0.08955223880597014,0
0.12,0
0.0625,0
0.03428571428571429,0
0.4262295081967213,0
0.3561643835616438,0
0.043010752688172046,0
0.06521739130434782,0
0.4262295081967213,0
0.029850746268656716,0
0.13559322033898305,0
0.15625,0
0.06417112299465241,0
0.07792207792207792,0
0.16666666666666666,0
0.06611570247933884,0
0.42424242424242425,0
0.0761904761904762,0
0.16666666666666666,0
0.37333333333333335,0
0.0673076923076923,0
0.5,0
0.08,0
0.17543859649122806,0
0.2903225806451613,0
0.049586776859504134,0
0.17777777777777778,0
0.14893617021276595,0
0.020833333333333332,0
0.6885245901639344,0
0.8888888888888888,0
0.05970149253731343,0
0.06666666666666667,0
0.08421052631578947,0
0.13793103448275862,0
0.07960199004975124,0
0.12987012987012986,0
0.05405405405405406,0
0.024489795918367346,0
0.03389830508474576,0
0.03225806451612903,0
0.05194805194805195,0
0.2191780821917808,0
0.0963855421686747,0
0.1411764705882353,0
0.02702702702702703,0
0.05,0
0.07462686567164178,0
0.12173913043478261,0
0.45614035087719296,0
0.3125,0
0.53125,0
0.3333333333333333,0
0.6229508196721312,0
0.3448275862068966,0
0.06741573033707865,0
0.14814814814814814,0
0.05405405405405406,0
0.06818181818181818,0
0.45614035087719296,0
0.42105263157894735,0
0.32786885245901637,0
0.049586776859504134,0
0.075,0
0.0975609756097561,0
0.12698412698412698,0
0.04918032786885246,0
0.12903225806451613,0
0.17391304347826086,0
0.12987012987012986,0
0.0625,0
0.13333333333333333,0
0.04938271604938271,0
0.8444444444444444,0
0.05181347150259067,0
0.06060606060606061,0
0.136986301369863,0
0.8444444444444444,0
0.05970149253731343,0
0.08421052631578947,0
0.053475935828877004,0
0.26229508196721313,0
0.9583333333333334,0
0.23376623376623376,0
0.37333333333333335,0
0.8888888888888888,0
0.02531645569620253,0
0.10695187165775401,0
0.07228915662650602,0
0.12244897959183673,0
0.08247422680412371,0
0.1956521739130435,0
0.049689440993788817,0
0.1346153846153846,0
0.08,0
0.05319148936170213,0
0.3287671232876712,0
0.25806451612903225,0
0.13114754098360656,0
0.3448275862068966,0
0.3125,0
0.6885245901639344,0
0.12903225806451613,0
0.4222222222222222,0
0.1188118811881188,0
0.25,0
0.03296703296703297,0
0.2318840579710145,0
0.2318840579710145,0
0.8837209302325582,0
0.042328042328042326,0
0.48148148148148145,0
0.9047619047619048,0
0.8444444444444444,0
0.26666666666666666,0
0.13333333333333333,0
0.10526315789473684,0
0.0975609756097561,0
0.020833333333333332,0
0.08130081300813008,0
0.06578947368421052,0
0.26229508196721313,0
0.42424242424242425,0
0.24675324675324675,0
0.07518796992481203,0
0.08955223880597014,0
0.09090909090909091,0
0.26229508196721313,0
0.08695652173913043,0
0.25806451612903225,0
0.0975609756097561,0
0.4262295081967213,0
0.06153846153846154,0
0.13793103448275862,0
0.12,0
0.1956521739130435,0
0.4642857142857143,0
0.1694915254237288,0
0.9523809523809523,0
0.0321285140562249,0
0.055944055944055944,0
0.18309859154929578,0
0.14965986394557823,0
0.3448275862068966,0
0.36363636363636365,0
0.06349206349206349,0
0.06956521739130435,0
0.07058823529411765,0
0.12307692307692308,0
0.13793103448275862,0
0.06289308176100629,0
0.17543859649122806,0
0.19444444444444445,0
0.03333333333333333,0
0.08247422680412371,0
0.1797752808988764,0
0.10526315789473684,0
0.32,0
0.11940298507462686,0
0.4745762711864407,0
0.13333333333333333,0
0.06666666666666667,0
0.0625,0
0.07407407407407407,0
0.03940886699507389,0
0.08421052631578947,0
0.06417112299465241,0
0.05263157894736842,0
0.40625,0
0.19444444444444445,0
0.08888888888888889,0
0.043478260869565216,0
0.8444444444444444,0
0.04081632653061224,0
0.36065573770491804,0
0.52,0
0.13793103448275862,0
0.05194805194805195,0
0.3448275862068966,0
0.11428571428571428,0
0.06818181818181818,0
0.49122807017543857,0
0.13793103448275862,0
0.3333333333333333,0
0.13793103448275862,0
0.043478260869565216,0
0.07518796992481203,0
0.03571428571428571,0
0.27692307692307694,0
0.00966183574879227,0
0.42857142857142855,0
0.26666666666666666,0
0.07462686567164178,0
0.15873015873015872,0
0.5573770491803278,0
0.08928571428571429,0
0.19444444444444445,0
0.07766990291262135,0
0.07518796992481203,0
0.0547945205479452,0
0.3287671232876712,0
0.056338028169014086,0
0.0273972602739726,0
0.08333333333333333,0
0.3611111111111111,0
0.56,0
0.9166666666666666,0
0.09259259259259259,0
0.09836065573770492,0
0.24691358024691357,0
0.072992700729927,0
0.17543859649122806,0
0.3116883116883117,0
0.009433962264150943,0
0.6885245901639344,0
0.3611111111111111,0
0.13333333333333333,0
0.07741935483870968,0
0.2857142857142857,0
0.3013698630136986,0
0.04926108374384237,0
0.5,0
0.05405405405405406,0
0.07751937984496124,0
0.0625,0
0.1346153846153846,0
0.29508196721311475,0
0.07174887892376682,0
0.0851063829787234,0
0.7792207792207793,0
0.45614035087719296,0
0.0446927374301676,0
0.24324324324324326,0
0.3561643835616438,0
0.05194805194805195,0
0.15053763440860216,0
0.56,0
0.4745762711864407,0
0.0625,0
0.05263157894736842,0
0.09333333333333334,0
0.07462686567164178,0
0.1,0
0.125,0
0.3561643835616438,0
0.5483870967741935,0
0.10062893081761007,0
0.4918032786885246,0
0.15584415584415584,0
0.08695652173913043,0
0.06060606060606061,0
0.08955223880597014,0
0.06060606060606061,0
0.2191780821917808,0
0.8695652173913043,0
0.5538461538461539,0
0.2857142857142857,0
0.03225806451612903,0
0.2857142857142857,0
0.3125,0
0.06666666666666667,0
0.8444444444444444,0
0.56,0
0.8695652173913043,0
0.2,0
0.18633540372670807,0
0.4745762711864407,0
0.3333333333333333,0
0.13636363636363635,0
0.0594059405940594,0
0.055944055944055944,0
0.09230769230769231,0
0.12698412698412698,0
0.07692307692307693,0
0.029850746268656716,0
0.14035087719298245,0
0.16494845360824742,0
0.8372093023255814,0
0.12698412698412698,0
0.0625,0
0.05084745762711865,0
0.09900990099009901,0
0.12987012987012986,0
0.056818181818181816,0
1.0,1
1.0,1
0.746268656716418,1
1.0,1
0.7666666666666667,1
0.8,1
0.9113924050632911,1
0.8,1
0.9113924050632911,1
0.8,1
0.9113924050632911,1
0.8,1
1.0,1
0.9113924050632911,1
0.8,1
0.9113924050632911,1
0.8,1
0.9113924050632911,1
0.9113924050632911,1
0.8,1
0.93048128342246,1
0.93048128342246,1
0.93048128342246,1
0.93048128342246,1
0.9066666666666666,1
0.8333333333333334,1
0.88,1
0.88,1
0.9180327868852459,1
0.9,1
1.0,1
0.9180327868852459,1
0.898876404494382,1
0.9047619047619048,1
0.8045977011494253,1
0.9367088607594937,1
0.8372093023255814,1
0.8095238095238095,1
0.7380952380952381,1
0.9367088607594937,1
0.8372093023255814,1
0.8095238095238095,1
0.6987951807228916,1
0.9367088607594937,1
0.8372093023255814,1
0.8095238095238095,1
0.6987951807228916,1
0.9367088607594937,1
0.8372093023255814,1
0.8095238095238095,1
0.7380952380952381,1
0.8351648351648352,1
0.7446808510638298,1
0.8372093023255814,1
0.946236559139785,1
0.7472527472527473,1
0.6813186813186813,1
0.8372093023255814,1
0.946236559139785,1
0.7472527472527473,1
0.6444444444444445,1
0.8372093023255814,1
0.946236559139785,1
0.7472527472527473,1
0.6444444444444445,1
0.8372093023255814,1
0.946236559139785,1
0.7472527472527473,1
0.6813186813186813,1
0.7640449438202247,1
0.8395061728395061,1
0.7727272727272727,1
0.8372093023255814,1
0.6976744186046512,1
0.8395061728395061,1
0.7727272727272727,1
0.8372093023255814,1
0.6588235294117647,1
0.8395061728395061,1
0.7727272727272727,1
0.8372093023255814,1
0.6588235294117647,1
0.8395061728395061,1
0.7727272727272727,1
0.8372093023255814,1
0.6976744186046512,1
0.7142857142857143,1
0.7032967032967034,1
0.6741573033707865,1
0.9438202247191011,1
0.7142857142857143,1
0.7032967032967034,1
0.6741573033707865,1
0.9090909090909091,1
0.7142857142857143,1
0.7032967032967034,1
0.6741573033707865,1
0.9090909090909091,1
0.7142857142857143,1
0.7032967032967034,1
0.6741573033707865,1
0.9438202247191011,1
0.8292682926829268,1
0.9545454545454546,1
0.8292682926829268,1
0.9545454545454546,1
0.8292682926829268,1
0.9545454545454546,1
0.8,1
0.8780487804878049,1
1.0,1
0.8292682926829268,1
0.9545454545454546,1
0.8292682926829268,1
0.8292682926829268,1
0.9545454545454546,1
0.9456521739130435,1
0.9456521739130435,1
0.9456521739130435,1
0.8695652173913043,1
0.9166666666666666,1
0.9166666666666666,1
0.9473684210526315,1
0.9180327868852459,1
1.0,1
0.891566265060241,1
0.8641975308641975,1
0.7901234567901234,1
0.9736842105263158,1
0.8674698795180723,1
0.8395061728395061,1
0.725,1
0.9736842105263158,1
0.8674698795180723,1
0.8395061728395061,1
0.725,1
0.9736842105263158,1
0.8674698795180723,1
0.8395061728395061,1
0.7654320987654321,1
0.7954545454545454,1
0.7272727272727273,1
0.8674698795180723,1
0.9777777777777777,1
0.7727272727272727,1
0.6666666666666666,1
0.8674698795180723,1
0.9777777777777777,1
0.7727272727272727,1
0.6666666666666666,1
0.8674698795180723,1
0.9777777777777777,1
0.7727272727272727,1
0.7045454545454546,1
0.7958115183246073,1
0.7209302325581395,1
0.8395061728395061,1
0.7727272727272727,1
0.9767441860465116,1
0.6588235294117647,1
0.8395061728395061,1
0.7727272727272727,1
0.9767441860465116,1
0.6588235294117647,1
0.8395061728395061,1
0.7727272727272727,1
0.9767441860465116,1
0.6976744186046512,1
0.7407407407407407,1
0.7272727272727273,1
0.6976744186046512,1
0.9411764705882353,1
0.7407407407407407,1
0.7272727272727273,1
0.6976744186046512,1
0.9411764705882353,1
0.7407407407407407,1
0.7272727272727273,1
0.6976744186046512,1
0.9767441860465116,1
0.8780487804878049,1
0.9473684210526315,1
0.8292682926829268,1
0.9473684210526315,1
0.8292682926829268,1
0.9113924050632911,1
0.9473684210526315,1
0.8292682926829268,1
1.0,1
0.8780487804878049,1
0.9473684210526315,1
0.9473684210526315,1
0.8292682926829268,1
0.8292682926829268,1
0.9545454545454546,1
0.8292682926829268,1
0.9545454545454546,1
0.8,1
0.8292682926829268,1
0.9545454545454546,1
0.8780487804878049,1
1.0,1
0.8292682926829268,1
0.8292682926829268,1
0.9545454545454546,1
0.9456521739130435,1
0.9456521739130435,1
0.8985507246376812,1
0.8985507246376812,1
0.891566265060241,1
0.8641975308641975,1
0.75,1
0.9736842105263158,1
0.8674698795180723,1
0.8395061728395061,1
0.725,1
0.9736842105263158,1
0.8674698795180723,1
0.8395061728395061,1
0.7654320987654321,1
0.7954545454545454,1
0.6896551724137931,1
0.8674698795180723,1
0.9777777777777777,1
0.7727272727272727,1
0.6666666666666666,1
0.8674698795180723,1
0.9777777777777777,1
0.7727272727272727,1
0.7045454545454546,1
0.6823529411764706,1
0.8395061728395061,1
0.7727272727272727,1
0.9767441860465116,1
0.6588235294117647,1
0.8395061728395061,1
0.7727272727272727,1
0.9767441860465116,1
0.6976744186046512,1
0.7,1
0.6896551724137931,1
0.6588235294117647,1
0.9761904761904762,1
0.7,1
0.6896551724137931,1
0.6588235294117647,1
0.9411764705882353,1
0.8780487804878049,1
0.9473684210526315,1
0.8292682926829268,1
0.9113924050632911,1
0.9473684210526315,1
0.8292682926829268,1
0.9473684210526315,1
0.8292682926829268,1
1.0,1
0.9473684210526315,1
0.8292682926829268,1
0.9456521739130435,1
0.8292682926829268,1
0.9545454545454546,1
0.8,1
0.8292682926829268,1
0.9545454545454546,1
0.8292682926829268,1
0.9545454545454546,1
0.8780487804878049,1
0.8292682926829268,1
0.9545454545454546,1
0.9444444444444444,1
0.891566265060241,1
0.8641975308641975,1
0.75,1
0.9736842105263158,1
0.8674698795180723,1
0.8395061728395061,1
0.7654320987654321,1
0.7954545454545454,1
0.6896551724137931,1
0.8674698795180723,1
0.9777777777777777,1
0.7727272727272727,1
0.7045454545454546,1
0.6823529411764706,1
0.8395061728395061,1
0.7727272727272727,1
0.9767441860465116,1
0.6976744186046512,1
0.7,1
0.6896551724137931,1
0.6588235294117647,1
0.9411764705882353,1
0.8780487804878049,1
0.9113924050632911,1
0.9473684210526315,1
0.8292682926829268,1
0.9473684210526315,1
0.8292682926829268,1
0.9473684210526315,1
1.0,1
0.8780487804878049,1
0.8,1
0.8292682926829268,1
0.9545454545454546,1
0.8292682926829268,1
0.9545454545454546,1
0.8292682926829268,1
0.8780487804878049,1
1.0,1
0.9,1
0.9473684210526315,1
0.891566265060241,1
0.8641975308641975,1
0.7901234567901234,1
0.7954545454545454,1
0.7272727272727273,1
0.7209302325581395,1
1.0,1
1.0,1
1.0,1
1.0,1
1.0,1
1.0,1
0.9113924050632911,1
0.8,1
0.9113924050632911,1
0.8,1
0.9113924050632911,1
0.9113924050632911,1
0.8,1
0.9180327868852459,1
0.8780487804878049,1
0.9473684210526315,1
0.8292682926829268,1
0.9473684210526315,1
0.9473684210526315,1
0.8292682926829268,1
0.8292682926829268,1
0.9545454545454546,1
0.8292682926829268,1
0.8292682926829268,1
0.9545454545454546,1
0.8780487804878049,1
0.9473684210526315,1
0.9473684210526315,1
0.8292682926829268,1
0.8292682926829268,1
0.8292682926829268,1
0.9545454545454546,1
0.9473684210526315,1
0.8292682926829268,1
0.8780487804878049,1
1.0,1
0.09302325581395349,0
0.038834951456310676,0
0.38961038961038963,0
0.0,0
0.025839793281653745,0
0.06622516556291391,0
0.16923076923076924,0
0.10619469026548672,0
0.26506024096385544,0
0.0,0
0.12371134020618557,0
0.05970149253731343,0
0.1686746987951807,0
0.38961038961038963,0
0.2571428571428571,0
0.1,0
0.05865102639296188,0
0.13793103448275862,0
0.29411764705882354,0
0.06315789473684211,0
0.042042042042042045,0
0.038834951456310676,0
0.10084033613445378,0
0.11235955056179775,0
0.20930232558139536,0
0.4044943820224719,0
0.10687022900763359,0
0.10843373493975904,0
0.0,0
0.13333333333333333,0
0.1565217391304348,0
0.4878048780487805,0
0.0,0
0.078125,0
0.0,0
0.3037974683544304,0
0.40540540540540543,0
0.17142857142857143,0
0.2,0
0.0,0
0.08602150537634409,0
0.13333333333333333,0
0.3595505617977528,0
0.1927710843373494,0
0.11851851851851852,0
0.3157894736842105,0
0.06329113924050633,0
0.15384615384615385,0
0.0,0
0.16091954022988506,0
0.1896551724137931,0
0.1,0
0.03003003003003003,0
0.10256410256410256,0
0.030864197530864196,0
0.043010752688172046,0
0.42857142857142855,0
0.125,0
0.16091954022988506,0
0.0471976401179941,0
0.15602836879432624,0
0.4044943820224719,0
0.45588235294117646,0
0.2222222222222222,0
0.2222222222222222,0
0.4,0
0.27692307692307694,0
0.032520325203252036,0
0.11290322580645161,0
0.15,0
0.12345679012345678,0
0.2558139534883721,0
0.04597701149425287,0
0.09876543209876543,0
0.0,0
0.0,0
0.575,0
0.13953488372093023,0
0.0471976401179941,0
0.1,0
0.053691275167785234,0
0.2564102564102564,0
0.10084033613445378,0
0.14516129032258066,0
0.08333333333333333,0
0.11290322580645161,0
0.0,0
0.0,0
0.08163265306122448,0
0.2631578947368421,0
0.11864406779661017,0
0.0784313725490196,0
0.3595505617977528,0
0.125,0
0.25882352941176473,0
0.20689655172413793,0
0.08421052631578947,0
0.12987012987012986,0
0.20689655172413793,0
0.3835616438356164,0
0.45588235294117646,0
0.2631578947368421,0
0.21621621621621623,0
0.2558139534883721,0
0.16666666666666666,0
0.2222222222222222,0
0.0,0
0.11235955056179775,0
0.42857142857142855,0
0.03003003003003003,0
0.2077922077922078,0
0.0,0
0.45112781954887216,0
0.08333333333333333,0
0.08163265306122448,0
0.096,0
0.0,0
0.5675675675675675,0
0.11290322580645161,0
0.03723404255319149,0
0.041666666666666664,0
0.0380952380952381,0
0.18461538461538463,0
0.08403361344537816,0
0.06936416184971098,0
0.10738255033557047,0
0.10084033613445378,0
0.096,0
0.0,0
0.023255813953488372,0
0.2077922077922078,0
0.3146067415730337,0
0.14285714285714285,0
0.0784313725490196,0
0.0,0
0.01812688821752266,0
0.13861386138613863,0
0.19548872180451127,0
0.29850746268656714,0
0.0,0
0.14035087719298245,0
0.10144927536231885,0
0.029411764705882353,0
0.0,0
0.11235955056179775,0
0.16666666666666666,0
0.0,0
0.20437956204379562,0
0.044444444444444446,0
0.2077922077922078,0
0.0,0
0.11290322580645161,0
0.46153846153846156,0
0.21428571428571427,0
0.0,0
0.1,0
0.0,0
0.029154518950437316,0
0.1651376146788991,0
0.08571428571428572,0
0.029411764705882353,0
0.2814814814814815,0
0.0,0
0.11290322580645161,0
0.1346153846153846,0
0.20408163265306123,0
0.38961038961038963,0
0.03003003003003003,0
0.24324324324324326,0
0.09523809523809523,0
0.09433962264150944,0
0.07766990291262135,0
0.03076923076923077,0
0.1651376146788991,0
0.09195402298850575,0
0.1694915254237288,0
0.42424242424242425,0
0.4044943820224719,0
0.13071895424836602,0
0.14285714285714285,0
0.16666666666666666,0
0.05325443786982249,0
0.23684210526315788,0
0.04597701149425287,0
0.5316455696202531,0
0.0,0
0.14035087719298245,0
0.2,0
0.1,0
0.09523809523809523,0
0.08695652173913043,0
0.45112781954887216,0
0.0,0
0.2222222222222222,0
0.0594059405940594,0
0.06315789473684211,0
0.0,0
0.2077922077922078,0
0.0,0
0.0273224043715847,0
0.2,0
0.11475409836065574,0
0.17518248175182483,0
0.3076923076923077,0
0.10465116279069768,0
0.11290322580645161,0
0.01812688821752266,0
0.4,0
0.07920792079207921,0
0.2682926829268293,0
0.0,0
0.2682926829268293,0
0.20689655172413793,0
0.4044943820224719,0
0.20408163265306123,0
0.0594059405940594,0
0.10084033613445378,0
0.0,0
0.125,0
0.16091954022988506,0
0.01652892561983471,0
0.08,0
0.2222222222222222,0
0.1,0
0.125,0
0.26506024096385544,0
0.08421052631578947,0
0.0,0
0.05042016806722689,0
0.5609756097560976,0
0.07792207792207792,0
0.6176470588235294,0
0.26506024096385544,0
0.3157894736842105,0
0.46153846153846156,0
0.06315789473684211,0
0.0963855421686747,0
0.10852713178294573,0
0.03418803418803419,0
0.3157894736842105,0
0.08955223880597014,0
0.1487603305785124,0
0.4460431654676259,0
0.08888888888888889,0
0.19548872180451127,0
0.1651376146788991,0
0.5063291139240507,0
0.0471976401179941,0
0.06315789473684211,0
0.12371134020618557,0
0.3076923076923077,0
0.01652892561983471,0
0.025839793281653745,0
0.09876543209876543,0
0.13636363636363635,0
0.11290322580645161,0
0.05042016806722689,0
0.2857142857142857,0
0.22580645161290322,0
0.13559322033898305,0
0.09876543209876543,0
0.11009174311926606,0
0.1565217391304348,0
0.26506024096385544,0
0.0,0
0.10852713178294573,0
0.26506024096385544,0
0.0471976401179941,0
0.14084507042253522,0
0.01812688821752266,0
0.05,0
0.273972602739726,0
0.13861386138613863,0
0.08602150537634409,0
0.12987012987012986,0
0.2558139534883721,0
0.17142857142857143,0
0.16071428571428573,0
0.04918032786885246,0
0.16923076923076924,0
0.29411764705882354,0
0.0,0
0.5185185185185185,0
0.425,0
0.023668639053254437,0
0.006644518272425249,0
0.0,0
0.05128205128205128,0
0.14634146341463414,0
0.14285714285714285,0
0.15,0
0.14473684210526316,0
0.13675213675213677,0
0.0,0
0.21428571428571427,0
0.1565217391304348,0
0.21428571428571427,0
0.5675675675675675,0
0.025839793281653745,0
0.45588235294117646,0
0.5405405405405406,0
0.13071895424836602,0
0.1565217391304348,0
0.11042944785276074,0
0.05070422535211268,0
0.0,0
0.2857142857142857,0
0.2222222222222222,0
0.46153846153846156,0
0.5454545454545454,0
0.23809523809523808,0
0.45112781954887216,0
0.05042016806722689,0
0.2077922077922078,0
0.3561643835616438,0
0.5128205128205128,0
0.09523809523809523,0
0.08602150537634409,0
0.0380952380952381,0
0.0594059405940594,0
0.192,0
0.14285714285714285,0
0.006644518272425249,0
0.06315789473684211,0
0.47619047619047616,0
0.26506024096385544,0
0.5063291139240507,0
0.36585365853658536,0
0.3037974683544304,0
0.0,0
0.1897810218978102,0
0.45112781954887216,0
0.16129032258064516,0
0.5194805194805194,0
0.1565217391304348,0
0.5185185185185185,0
0.0966183574879227,0
0.18691588785046728,0
0.05325443786982249,0
0.3157894736842105,0
0.5675675675675675,0
0.04878048780487805,0
0.05042016806722689,0
0.4166666666666667,0
0.0,0
0.0,0
0.0,0
0.19298245614035087,0
0.0,0
0.2631578947368421,0
0.3783783783783784,0
0.391304347826087,0
0.46153846153846156,0
