0.9331999609691323,1
0.9246678155996073,1
0.8979207169255897,1
0.8979207169255897,1
0.9297896042669864,1
0.9349832808502655,1
0.9080390921946355,1
0.8974012530089761,1
0.9196163667220596,1
0.9246678155996073,1
0.8979207169255897,1
0.8979207169255897,1
0.9297896042669864,1
0.9349832808502655,1
0.9080390921946355,1
0.8974012530089761,1
0.9196163667220596,1
0.8900195035115384,1
0.8900195035115384,1
0.9375152854594623,1
0.942792957018753,1
0.9155203257733142,1
0.9046950970663821,1
0.9271787897004424,1
0.9058037629464972,1
0.8947946471396705,1
0.8996360283459762,1
0.8750016215247579,1
0.8666974148563337,1
0.8853091946418824,1
0.8947946471396705,1
0.8996360283459762,1
0.8750016215247579,1
0.8666974148563337,1
0.8853091946418824,1
0.9481457497443332,1
0.9205527100479465,1
0.9095660793437556,1
0.9323110934854425,1
0.9256551469314526,1
0.9145033359004314,1
0.9375152854594623,1
0.8887413764254255,1
0.9105565029544745,1
0.8998890211201666,1
0.8948546317062925,1
0.8770707358942653,1
0.8814421740834433,1
0.9108066581299971,1
0.8518995349961838,1
0.903057478632817,1
0.906673533084171,1
0.9118963600888239,1
0.9171967243001037,1
0.9015264305903593,1
0.9171967243001037,1
0.9086543865640022,1
0.8851222499114013,1
0.9032353050915741,1
0.8720092445462951,1
0.8770366523574273,1
0.8821395921870625,1
0.867055565726832,1
0.8821395921870625,1
0.8738297405289575,1
0.8727826222047078,1
0.8416862425790799,1
0.8466898449669491,1
0.8517716655501034,1
0.8367589062264517,1
0.8517716655501034,1
0.8435047523893022,1
0.8925152168769108,1
0.8977672317593053,1
0.9030993704857099,1
0.8873413687982753,1
0.9030993704857099,1
0.8944652723273537,1
0.9357961928851135,1
0.9412001742096507,1
0.9252214334503294,1
0.9412001742096507,1
0.9324333254161022,1
0.9466843803948403,1
0.930470552373733,1
0.9466843803948403,1
0.9378072169261796,1
0.9357961928851591,1
0.9522507636064553,1
0.9432608763026098,1
0.9357961928851569,1
0.927137323419673,1
0.943788682104446,1
0.7990885402687146,1
0.9648711943793911,1
0.9809523809523809,1
0.8222585924713585,1
0.8166536778050603,1
0.8614073169628726,1
0.8863229082644267,1
0.8742165662121926,1
0.6659848333398726,1
0.9009709253679278,1
0.8610821988251209,1
0.7993035090549042,1
0.8389610087497914,1
0.8614442442749302,1
0.8315552457926095,1
0.8333333333333335,1
0.9299363057324841,1
0.7643312101910827,1
0.7643312101910827,1
0.9299363057324841,1
0.8354430379746836,1
0.581444124093898,1
0.7396199065532765,1
0.7418092796591679,1
0.9564764492748382,1
0.5108695652173914,1
0.5130890052356021,1
0.44919786096256686,1
0.44919786096256686,1
0.5355191256830601,1
0.5052631578947369,1
0.7338165524880067,1
0.9830178547466922,1
0.9648711943793911,1
0.6579416455577447,1
0.756013316687474,1
0.756013316687474,1
0.6700034013605441,1
0.7810297629448425,1
0.7810297629448425,1
0.7669458631256385,1
0.6873240675580576,1
0.6785520767697948,1
0.6616694456330879,1
0.7021681649920677,1
0.7021681649920677,1
0.7337031900138696,1
0.6344614864579372,1
0.6344614864579372,1
0.7115331379254194,1
0.7514875502104486,1
0.7424882996676931,1
0.7251245937161431,1
0.8148914960509164,1
0.7917378639069554,1
0.7738622184946328,1
0.7738622184946328,1
0.8616694935227333,1
0.810223525713483,1
0.7861207215259003,1
0.7828122067730986,1
0.7159034513873223,1
0.7250359288694961,1
0.7250359288694961,1
0.8276004016064256,1
0.735702287960079,1
0.7256664877437825,1
0.7064019756838905,1
0.7246078384185023,1
0.7246078384185023,1
0.800872412584708,1
0.8901703672671414,1
0.8652273106916712,1
0.8618360808426442,1
0.7925018880138094,1
0.7826278628908356,1
0.7400497919592016,1
0.7198892278401592,1
0.7171288671772384,1
0.7826278628908356,1
0.7400497919592016,1
0.7198892278401592,1
0.7171288671772384,1
0.819799278105467,1
0.7951351252043871,1
0.7917378639069554,1
0.8840839143269894,1
0.8805183582484322,1
0.8561016511867904,1
0.0,0
0.06851229576159301,0
0.4524200871507927,0
0.09502929608854786,0
0.0,0
0.4207127560686548,0
0.311167760314697,0
0.00851063829787234,0
0.07668690654916131,0
0.0684931506849315,0
0.06756756756756757,0
0.6058540938331304,0
0.015037593984962405,0
0.40943267104929065,0
0.6615069260369062,0
0.052665995975855126,0
0.05787781350482314,0
0.0468384074941452,0
0.05544040365973662,0
0.18180063079804004,0
0.5732261269658788,0
0.051079712076779527,0
0.09169054441260745,0
0.0662837086230315,0
0.08366069545964215,0
0.027465916296766014,0
0.2491903238638044,0
0.04605263157894736,0
0.10749958954026383,0
0.10602026326950328,0
0.07311173167681924,0
0.08248844195738367,0
0.06875,0
0.2537719634517084,0
0.04701627486437613,0
0.01652892561983471,0
0.03468208092485549,0
0.609512844588591,0
0.4229711921570588,0
0.09142857142857143,0
0.014869888475836429,0
0.352085304333916,0
0.05483784508174753,0
0.43500524521308187,0
0.014814814814814817,0
0.5471104934051036,0
0.29378176025348296,0
0.07557743273463867,0
0.6879310344827586,0
0.4204031181086006,0
0.4032547595063493,0
0.07418855967455802,0
0.07865651134492187,0
0.12460317460317459,0
0.4278218461719254,0
0.029637125391001135,0
0.013888888888888888,0
0.18719525955843627,0
0.12557900166609903,0
0.09765254966180698,0
0.05675556907683467,0
0.015625,0
0.22891909203428576,0
0.0,0
0.07675151041260624,0
0.05863192182410423,0
0.031746031746031744,0
0.03205128205128205,0
0.015267175572519083,0
0.07387862796833773,0
0.03915171288743882,0
0.0,0
0.022573363431151242,0
0.013698630136986299,0
0.27287546519189443,0
0.026030368763557483,0
0.013793103448275862,0
0.44342528735632186,0
0.2462569563944674,0
0.0968985692042798,0
0.43288191577215424,0
0.015209125475285173,0
0.07260726072607261,0
0.52935726286462,0
0.10372389511194402,0
0.08666429115391633,0
0.058823529411764705,0
0.013422818791946307,0
0.6341638590958913,0
0.08002590717731077,0
0.600720623879822,0
0.06802721088435375,0
0.05401761006289309,0
0.06993006993006994,0
0.01360544217687075,0
0.18979055510533205,0
0.04590163934426229,0
0.06944444444444445,0
0.06944444444444445,0
0.0615518975595034,0
0.05486092669636973,0
0.6169908736160523,0
0.11782937017586656,0
0.13192307692307692,0
0.015267175572519083,0
0.4173907478234634,0
0.4717971650474389,0
0.06756756756756757,0
0.013698630136986299,0
0.13315093479252166,0
0.015384615384615385,0
0.08064812334661267,0
0.08108171859961837,0
0.10024512137071627,0
0.05196229544055631,0
0.4828990518062702,0
0.07891187050359713,0
0.04145077720207254,0
0.1461038961038961,0
0.03565464261857047,0
0.04580152671755725,0
0.015503875968992248,0
0.06993006993006994,0
0.5241179223882364,0
0.11153592955059786,0
0.03868064013568677,0
0.05763560038987581,0
0.013793103448275862,0
0.014705882352941176,0
0.4095541882339242,0
0.04666666666666667,0
0.02797202797202797,0
0.13315093479252166,0
0.5617771463069476,0
0.09523809523809523,0
0.07659768739581861,0
0.4068431650913382,0
0.05061117978299684,0
0.05902445300693934,0
0.1432279737364483,0
0.06285714285714286,0
0.06289308176100629,0
0.182269223874637,0
0.6123710160005499,0
0.08566053027747157,0
0.09895177122868537,0
0.311167760314697,0
0.014492753623188406,0
0.08725412525597538,0
0.05202142281624722,0
0.014084507042253521,0
0.10495679470225855,0
0.014598540145985403,0
0.2963508589387851,0
0.3135379089456479,0
0.6261721271022361,0
0.20578433124877757,0
0.07370833741937592,0
0.5757123331099909,0
0.5309649506956545,0
0.17267410951621479,0
0.07320453031312459,0
0.0839545533001687,0
0.0934641096160514,0
0.0327553902917099,0
0.43288191577215424,0
0.08725412525597538,0
0.013157894736842103,0
0.01444043321299639,0
0.08046342562735867,0
0.03582089552238806,0
0.4918376534655522,0
0.014492753623188406,0
0.13789778206364514,0
0.047758655081861,0
0.7810297629448425,0
0.031578947368421054,0
0.05961387879133587,0
0.2530182289609313,0
0.17786789294693597,0
0.05087440381558029,0
0.09734614448888615,0
0.8536585365853658,1
1.0,1
0.7676508344030809,1
1.0,1
0.9377289377289377,1
0.8475609756097561,1
0.784565916398714,1
0,1
0.6190476190476191,1
0.9163728354431725,1
0.9849660786974219,1
0.9418103448275862,1
0.7935823385958156,1
1.0,1
0.8857142857142857,1
0.8985507246376812,1
0.6466165413533834,1
0.9178082191780823,1
1.0,1
1.0,1
1.0,1
1.0,1
1.0,1
1.0,1
1.0,1
1.0,1
1.0,1
1.0,1
1.0,1
0.7999224570504961,1
1.0,1
1.0,1
0.9304154232390696,1
1.0,1
0.9035532994923858,1
0.9291767554479419,1
0.8367346938775511,1
0.8367346938775511,1
0.9395348837209302,1
0.9025641025641027,1
1.0,1
1.0,1
0.640625,1
0.6197111494981743,1
0.6461775366178023,1
0.5186433893027911,1
0.5724696474009451,1
0.5847998723790032,1
0.5250404634125564,1
0.5198945281360505,1
0.7706422018348624,1
0.7676508344030809,1
0.8717948717948718,1
0.9166666666666665,1
0.8429752066115702,1
0.7899159663865546,1
0.7899159663865546,1
0.7166666666666667,1
0.9152542372881355,1
0.9268292682926831,1
0.8760330578512396,1
0.8032786885245902,1
1.0,1
1.0,1
1.0,1
1.0,1
1.0,1
1.0,1
1.0,1
1.0,1
1.0,1
1.0,1
1.0,1
0.8656931216931216,1
0.8506493506493508,1
0.72265625,1
0.8281852315394242,1
0.9999999999998623,1
0.8926969291512702,1
1.0000000000016998,1
0.8739647042540993,1
0.9268292682926831,1
0.6779661016949152,1
0.6929133858267716,1
0.8206667244796214,1
1.0,1
1.0,1
0.9016332251626369,1
0.8943968672229542,1
0.9086007948801076,1
0.9714101390722417,1
0.9553545374963525,1
1.0,1
1.0,1
0.6457722309893603,1
0.8628407833948781,1
0.8167005190694243,1
0.945951996027843,1
0.8437325667376305,1
0.7716581285558437,1
0.7352995619030058,1
0.9068670378724943,1
0.6737013099831823,1
0.6630427474776396,1
0.887330949880486,1
0.6737013099831748,1
0.6334433350755888,1
0.8437325667365546,1
0.729098669732312,1
0.6521370234726874,1
0.6334433350755888,1
0.6738219149329246,1
0.9454526989349691,1
0.684829344859882,1
0.6969662982854097,1
0.9163902532394723,1
1.0000000000014353,1
1.0000000000014353,1
0.9163902532394723,1
0.7805975719523172,1
0.6874443678745383,1
0.6490021572129445,1
0.7026170057454765,1
0.681388694134305,1
0.9355606407323467,1
0.9163902532394718,1
0.9163902532394718,1
1.000000000000757,1
0.8133333333333334,1
1.0,1
0.87248322147651,1
0.9467455621301775,1
0.8133333333333334,1
0.70983911721217,1
0.6802726436038408,1
0.70983911721217,1
0.6740062766014052,1
0.7035877321384184,1
0.7162054194439439,1
0.70983911721217,1
0.7033930112165159,1
0.7103694166005593,1
0.4436475467659703,1
0.37503815520744416,1
0.8133333333333334,1
0.9427489064952723,1
0.9353404279924491,1
0.8558181709317206,1
0.9128168944334134,1
0.8465470429512122,1
0.9029882874486498,1
0.9228639933371519,1
0.9128168944334134,1
0.8843203259280124,1
0.8945798943296691,1
0.6015007987888936,1
0.5026932999629519,1
0.9429517283859331,1
0.9281021913506993,1
0.8465470429512135,1
0.8653119181294893,1
0.8558181709317213,1
0.6783348410805848,1
0.685545264636755,1
0.502693299962952,1
0.6810712761924186,1
0.8465470429512122,1
0.9029882874486498,1
0.9228639933371519,1
0.9128168944334134,1
0.8843203259280124,1
0.8945798943296691,1
0.6015007987888936,1
0.5026932999629519,1
0.943904083926927,1
0.8558181709317213,1
0.8465470429512135,1
0.6712966748225966,1
0.6783348410805848,1
0.49740753420770467,1
0.6768372275091187,1
0.8133333333333334,1
0.9312977099236641,1
0.8741721854304636,1
1.0,1
0.9128168944334134,1
0.9029882874486498,1
0.8743100411815347,1
0.8843203259280124,1
0.5944743761375135,1
0.49740753420770467,1
0.9325842696629212,1
0.9171270718232044,1
0.9325842696629212,1
0.9325842696629212,1
0.9273743016759777,1
0.9378531073446328,1
1.0,1
0.9325842696629212,1
0.9171270718232044,1
0.9325842696629212,1
0.9325842696629212,1
0.9273743016759777,1
0.9378531073446328,1
0.9427489064952723,1
1.0,1
0.9228639933371519,1
0.8945798943296691,1
0.9050987819378851,1
0.6086918730685967,1
0.5081019107108341,1
0.8843203259280124,1
0.8945798943296691,1
0.5557394908324057,1
0.574856098783416,1
0.9357798165137615,1
1.0,1
0.9357798165137615,1
0.934010152284264,1
1.0,1
0.934010152284264,1
0.9269558103719532,1
0.9357798165137615,1
1.0,1
0.934010152284264,1
1.0,1
0.904047979302702,1
0.49420476848050165,1
0.4044030031883812,1
0.9273743016759777,1
0.9431818181818182,1
0.9431818181818182,1
0.9378531073446328,1
0.9485714285714286,1
0.9325842696629212,1
1.0,1
0.9273743016759777,1
0.9431818181818182,1
0.9431818181818182,1
0.9378531073446328,1
0.9485714285714286,1
0.9273743016759777,1
0.9273743016759777,1
0.9222222222222223,1
0.9325842696629212,1
0.9171270718232044,1
0.9273743016759777,1
1.0,1
0.9273743016759777,1
0.9273743016759777,1
0.9222222222222223,1
0.9325842696629212,1
0.9431818181818182,1
0.9378531073446328,1
0.9485714285714286,1
0.9325842696629212,1
0.9431818181818182,1
0.9273743016759777,1
1.0,1
0.9431818181818182,1
0.9378531073446328,1
0.9485714285714286,1
0.49964125877078747,1
0.4081660904302984,1
1.0000000000014353,1
0.9163902532394723,1
0.9378531073446328,1
0.9485714285714286,1
0.9325842696629212,1
0.9431818181818182,1
0.9273743016759777,1
0.9431818181818182,1
1.0,1
0.9378531073446328,1
0.9485714285714286,1
0.9431818181818182,1
0.9273743016759777,1
0.9378531073446328,1
0.9222222222222223,1
0.9378531073446328,1
0.9378531073446328,1
1.0,1
0.9431818181818182,1
0.9378531073446328,1
0.9485714285714286,1
0.9325842696629212,1
0.9485714285714286,1
0.9485714285714286,1
0.9431818181818182,1
1.0,1
1.0,1
0.4457142857142858,1
0.764559327312244,1
0.8212519051311532,1
1.0,1
0.4457142857142858,1
0.7875,1
0.5571428571428572,1
0.4457142857142858,1
1.0,1
0.8645833333333334,1
1.0,1
0.8645833333333334,1
0.9117572326128037,1
0.7352995619025899,1
0.9443343373097818,1
0.8771266540716777,1
0.7725032793588439,1
0.8472189367849443,1
0.9739364849485393,1
0.8645833333333334,1
1.0,1
0.6334433350755964,1
0.7035944748958483,1
0.7857162284091668,1
0.6259541984732825,1
0.8593015098367082,1
0.9181598062952608,1
0.9162995594713657,1
0.8022598870056498,1
0.7693798449612403,1
0.8796924468564882,1
0.764559327312244,1
0.7875,1
0.8212519051311532,1
0.5571428571428572,1
0.8849718293675384,1
0.9170451667378886,1
0.6617647058823529,1
0.9209272162419816,1
0.9153400149040468,1
0.9462196612534052,1
1.0,1
0.8770121179236752,1
0.9241184085486908,1
1.0000000000000617,1
0.8805351170568562,1
0.9368421052631579,1
1.0000000000001341,1
1.0,1
0.8724832214765101,1
0.9467455621301775,1
0.8133333333333334,1
0.8133333333333334,1
0.9312977099236641,1
0.8741721854304636,1
0.9325842696629212,1
0.9171270718232044,1
0.9325842696629212,1
0.9325842696629212,1
0.9273743016759777,1
0.9378531073446328,1
0.9357798165137615,1
0.934010152284264,1
0.9273743016759777,1
0.9431818181818182,1
0.9431818181818182,1
0.9378531073446328,1
0.9485714285714286,1
0.9273743016759777,1
0.9273743016759777,1
0.9222222222222223,1
0.9325842696629212,1
0.9431818181818182,1
0.9378531073446328,1
0.9485714285714286,1
0.9378531073446328,1
0.9485714285714286,1
0.9431818181818182,1
0.4457142857142858,1
0.8645833333333334,1
0.9162995594713657,1
0.03296703296703297,0
0,0
0.13612565445026178,0
0.0,0
0.0,0
0.0,0
0.42857142857142855,0
0.05245845055276466,0
0,0
0.39766081871345027,0
0.038461538461538464,0
0.05128205128205128,0
0.08759124087591241,0
0.1348314606741573,0
0.011627906976744186,0
0,0
0.8741721854304636,0
0,0
0.04620441846453996,0
0.07142857142857142,0
0.034782608695652174,0
0.041666666666666664,0
0.19045221652435126,0
0.06363762464744233,0
0.19864817438364074,0
0.17218543046357615,0
0,0
0.13612565445026178,0
0.0,0
0,0
0.0163265306122449,0
0.039603960396039604,0
0.5641025641025641,0
0.053760824051745676,0
0,0
0.055865921787709494,0
0.0,0
0.05263157894736842,0
0.06976744186046512,0
0.31016042780748665,0
0,0
0.024024024024024024,0
0.3783783783783784,0
0.07604562737642585,0
0,0
0.17647058823529413,0
0.0,0
0.0,0
0.0847457627118644,0
0.024096385542168672,0
0.18433179723502305,0
0.05734767025089606,0
0.4198473282442748,0
0.1415836125271713,0
0.0,0
0.05932356535507224,0
0.627906976744186,0
0.020100502512562814,0
0.4117647058823529,0
0.021489192692002175,0
0,0
0.0,0
0.03994058386607459,0
0.034482758620689655,0
0.13114754098360656,0
0.06896551724137931,0
0.0,0
0.023255813953488372,0
0.3377646018616924,0
0.07741935483870968,0
0.034934497816593885,0
0.056290992879818036,0
0.12972972972972974,0
0.046445091127049365,0
0,0
0.10390684200513159,0
0.0735060784008314,0
0,0
0,0
0,0
0.08031653311886314,0
0.03018867924528302,0
0.03962604770988323,0
0.0,0
0.2,0
0.6535433070866141,0
0.01834862385321101,0
0.16,0
0.01834862385321101,0
0,0
0.05607476635514019,0
0,0
0,0
0.02320460303554093,0
0,0
0,0
0.055944055944055944,0
0.0,0
0.0,0
0.047244094488188976,0
0.049079754601226995,0
0.5806451612903226,0
0.036231884057971016,0
0,0
0.1643835616438356,0
0,0
0.010876297599286475,0
0.06417112299465241,0
0,0
0.19864817438364074,0
0.7926829268292684,0
0.14857142857142858,0
0,0
0.4131147540983606,0
0.12903225806451613,0
0.13636363636363635,0
0.0498220640569395,0
0.3504149322876744,0
0.05714285714285714,0
0.3728813559322034,0
0.0,0
0,0
0.0,0
0.0297029702970297,0
0.3809523809523809,0
0.3132530120481928,0
0,0
0.43824701195219123,0
0.3118279569892473,0
0,0
0.5620915032679739,0
0.04225352112676056,0
0.0392156862745098,0
0.028169014084507043,0
0.2878787878787879,0
0.0,0
0.02030456852791878,0
0.03571428571428571,0
0.06486486486486487,0
0,0
0.30952380952380953,0
0.027149321266968326,0
0.09821428571428571,0
0.0,0
0.06521739130434782,0
0.0,0
0.715909090909091,0
0.09210526315789473,0
0.3496711538679063,0
0.09271523178807947,0
0.0,0
0.03076923076923077,0
0.02390438247011952,0
0.07741935483870968,0
0.5192307692307693,0
0.5235602094240838,0
0,0
0.5709114056111916,0
0.07650273224043716,0
0.3103969983044923,0
0.03680981595092025,0
0.42718446601941745,0
0.033260503500006956,0
0.07761194029850746,0
0.04878048780487805,0
0.0,0
0.13559322033898305,0
0.0,0
0.5605095541401274,0
0.5891816255379858,0
0.04395604395604396,0
0.03496503496503497,0
0.05357142857142857,0
0.060150375939849614,0
0.0,0
0,0
0.1476510067114094,0
0.0482897384305835,0
0.05084745762711865,0
0.49107142857142855,0
0.1019108280254777,0
0.060162164037083944,0
0.34883720930232565,0
0.05853658536585366,0
0.8876785282012172,0
0.02247191011235955,0
0.41916167664670656,0
0.1111792052506012,0
0.8,0
0.05154639175257732,0
0.052083333333333336,0
0,0
0.1357142857142857,0
0.03773584905660377,0
0.11940298507462686,0
0.011299435028248588,0
0,0
0.03508771929824561,0
0.0,0
0.0,0
0.054187192118226604,0
0,0
0.6746987951807227,0
0.08433734939759036,0
0.711864406779661,0
0.0,0
0.05517241379310345,0
0.32432432432432434,0
0,0
0.024539877300613494,0
0.5472182335755829,0
0.5526315789473685,0
0.5550660792951542,0
0.15873015873015872,0
0.4268469650557041,0
0.5685207416295417,0
0.013953488372093023,0
0.04395604395604396,0
0.1762114537444934,0
0,0
0.004761515054571426,0
0,0
0.13973799126637554,0
0.087739335757303,0
0.37037037037037035,0
0.034653465346534656,0
0.03723404255319149,0
0.37037037037037035,0
0.3618809999918486,0
0.08597206469850457,0
0.0,0
0.0,0
0,0
0.024691358024691357,0
0.05235602094240838,0
0.052083333333333336,0
0.06382978723404255,0
0.0392156862745098,0
0.012565009804757438,0
0.045626114333071816,0
0.20270270270270271,0
0.03428571428571429,0
0.11940298507462686,0
0.06533420461149285,0
0.03418803418803419,0
0.025236593059936908,0
0.5051873414588234,0
0.042735042735042736,0
0.04555258390130273,0
0.11822660098522167,0
0.04225352112676056,0
0.022388059701492536,0
0.08791208791208792,0
0.02197802197802198,0
0.251246309471952,0
0.0,0
0.03957790850780573,0
0,0
0,0
0.2484472049689441,0
0.03409090909090909,0
0.7167630057803468,0
0.0,0
0.0875,0
0.0727309674677498,0
0,0
0.05240174672489083,0
0.0297757037031592,0
0.11940298507462686,0
0.03278688524590164,0
0.0,0
0.03592814371257485,0
0.14035087719298245,0
0.07773851590106007,0
0,0
0.05714285714285714,0
0.16759776536312845,0
0.05194805194805196,0
0.22222222222222218,0
0.07103825136612021,0
0,0
0.03361344537815126,0
0.012307692307692308,0
0.5223772158340456,0
0.11914893617021277,0
0.03524229074889868,0
0.028571428571428574,0
0.06666666666666667,0
0.7514450867052023,0
0.19534883720930232,0
0.037037037037037035,0
0.044444444444444446,0
0.054187192118226604,0
0.026315789473684213,0
0.5978260869565217,0
0.031578947368421054,0
0.06177606177606178,0
0.07086088292253574,0
0.010582010582010583,0
0.031880950567527426,0
0.036585365853658534,0
0.17177914110429449,0
0.14408657871911384,0
0.09523809523809522,0
0.40384615384615385,0
0,0
0.0316622691292876,0
0,0
0.014873949579831933,0
0.013651877133105802,0
0.021367521367521368,0
0,0
0,0
0.031578947368421054,0
0.05369127516778523,0
0.09523809523809522,0
0.04395604395604396,0
0.06611570247933884,0
0,0
0.015151515151515152,0
0.0,0
0.04195804195804196,0
0.07706678829638515,0
0.2003454231433506,0
0.0,0
0.14864864864864866,0
0.030888030888030885,0
0.052941176470588235,0
0.4343891402714932,0
0.04519774011299434,0
0,0
0.5857142857142857,0
0,0
0.010256410256410256,0
0.022727272727272728,0
0.08211926481801085,0
0.045112781954887216,0
0.27941176470588236,0
0.030075187969924807,0
0.4230769230769231,0
0.06714700048349448,0
0.0686579785073559,0
0.013289036544850499,0
0.05332612138291517,0
0.8512154992331111,0
0.0945945945945946,0
0,0
0.031088082901554404,0
0.04819277108433735,0
0.02941176470588235,0
0.027522935779816515,0
0.043243243243243246,0
0.06308396464441833,0
0,0
0.0,0
0.08118081180811808,0
0.13445378151260504,0
0.0,0
0.014150943396226415,0
0.14218009478672985,0
0.0,0
0.0967741935483871,0
0.013888888888888888,0
0.2857142857142857,0
0.07921203396785538,0
0.037383177570093455,0
0.024,0
0.045283018867924525,0
0.04081632653061224,0
0.7205405111479368,0
0.17761069320783243,0
0.022727272727272728,0
0.729064039408867,1
0.8269674719848548,1
0.9316069364161849,1
0.9610084033613445,1
0.956354300385109,1
0.9657095741585023,1
0.9610084033613445,1
0.956354300385109,1
0.9517465398738348,1
0.9316069364161849,1
0.9271878005220497,1
0.9360698608387037,1
0.9316069364161849,1
0.9271878005220497,1
0.9228117913832199,1
0.956354300385109,1
0.9657095741585023,1
0.9610084033613445,1
0.956354300385109,1
0.9517465398738348,1
0.9610084033613445,1
0.956354300385109,1
0.9517465398738348,1
0.9471844117098638,1
0.9657095741585023,1
0.9610084033613445,1
0.956354300385109,1
0.956354300385109,1
0.9517465398738348,1
0.9471844117098638,1
0.999999999999896,1
0.8416326530642289,1
0.8537095088819227,1
0.7418300653594772,1
0.8202614379084967,1
1.0000000000000604,1
0.9194483318648063,1
0.8385395537524868,1
0.8447334200263797,1
0.8799469940645197,1
0.7911710354829768,1
0.8504696305574899,1
0.89489027511209,1
0.8986306091088396,1
1.0000000000029512,1
0.7328173374598174,1
0.744591816621535,1
0.7233682122319604,1
0.7338096217090184,1
0.7338096217090184,1
0.7003431010862691,1
0.8652134163748382,1
0.8365254294442157,1
0.8506030329239576,1
0.8506030329239576,1
0.8053997670200544,1
0.8503526809432875,1
0.865009342709728,1
0.865009342709728,1
0.8181078906146182,1
0.8362342688317937,1
0.8362342688317937,1
0.7925858951157355,1
0.8503526809432875,1
0.8051259334074918,1
0.8051259334074918,1
0.6418408565699301,1
0.9156155873628677,1
0.4454779223687781,1
0.45224870196505623,1
0.438932496074354,1
0.4454779223687781,1
0.4454779223687781,1
0.4325999112984284,1
0.438932496074354,1
0.42646866200192807,1
0.8395526635253441,1
0.8120419152078757,1
0.8255506561998911,1
0.8255506561998911,1
0.7989988686439382,1
0.8120419152078757,1
0.7863961075241297,1
0.8255506561998911,1
0.8395526635253441,1
0.8395526635253441,1
0.8120419152078757,1
0.8255506561998911,1
0.7989988686439382,1
0.8120419152078757,1
0.8120419152078757,1
0.7863961075241297,1
0.7989988686439382,1
0.7742101648340558,1
0.9043824701195219,1
0.8255506561998911,1
0.7989988686439382,1
0.8120419152078757,1
0.7863961075241297,1
0.7989988686439382,1
0.8120419152078757,1
0.7863961075241297,1
0.7863961075241297,1
0.7624193224353206,1
0.7742101648340558,1
0.7814066838457082,1
0.6160408106474122,1
0.8265947888589398,1
0.7034453034096655,1
0.8096442324271509,1
0.6502188178233359,1
1.0,1
0.9528336247086245,1
0.9491094147582697,1
0.9405905006418485,1
0.9663154927592403,1
0.9622681060685463,1
0.9703980099502487,1
0.9663154927592403,1
0.9622681060685463,1
0.9582553869604379,1
0.9406106089032917,1
0.9367409762863232,1
0.9445132438940489,1
0.9406106089032917,1
0.9367409762863232,1
0.9329039184111648,1
0.9622447736253025,1
0.9703794196278394,1
0.9662945017906046,1
0.9622447736253025,1
0.958229770781552,1
0.9662945017906046,1
0.9622447736253025,1
0.958229770781552,1
0.9542490372272143,1
0.9703794196278394,1
0.9662945017906046,1
0.9622447736253025,1
0.9622447736253025,1
0.958229770781552,1
0.9542490372272143,1
0.7411184693234971,1
0.9459039059799517,1
0.9372906508373967,1
0.9415767847971238,1
0.9502726281352235,1
0.9459039059799517,1
0.9415767847971238,1
0.9553140096618357,1
0.9595953440185263,1
0.9682786020237134,1
0.9639166803345907,1
0.9595953440185263,1
0.9510721053156478,1
0.9595953440185263,1
0.9553140096618357,1
0.9510721053156478,1
0.9639166803345907,1
0.9595953440185263,1
0.9553140096618357,1
0.9682786020237134,1
0.9639166803345907,1
0.9595953440185263,1
0.8743703014802758,1
0.8668113128544783,1
0.8705737767877718,1
0.8782013685239491,1
0.8743703014802758,1
0.8705737767877718,1
0.9540347293156283,1
0.9584326867306825,1
0.9673563218390804,1
0.9628730048577377,1
0.9584326867306825,1
0.9496785074312217,1
0.9584326867306825,1
0.9540347293156283,1
0.9496785074312217,1
0.9628730048577377,1
0.9584326867306825,1
0.9540347293156283,1
0.9673563218390804,1
0.9628730048577377,1
0.9584326867306825,1
0.90657986514764,1
0.9016663614722578,1
0.9023345765989776,1
0.9108669108669109,1
0.90657986514764,1
0.9023345765989776,1
0.9513154659454143,1
0.9561410018552875,1
0.9655381352722866,1
0.9608156737305078,1
0.9561410018552875,1
0.9467163234506596,1
0.9559612518628912,1
0.9513154659454143,1
0.9467163234506596,1
0.9608156737305078,1
0.9561410018552875,1
0.9515133705553923,1
0.9655381352722866,1
0.9608156737305078,1
0.9561410018552875,1
0.9039202132912018,1
0.895243625102821,1
0.8995601173020528,1
0.9083246047184398,1
0.9039202132912018,1
0.8995601173020528,1
0.95,1
0.9547643483066235,1
0.9644440861081996,1
0.9595787682161472,1
0.9547643483066235,1
0.9452849153372336,1
0.9547643483066235,1
0.95,1
0.9452849153372336,1
0.9595787682161472,1
0.9547643483066235,1
0.95,1
0.9644440861081996,1
0.9595787682161472,1
0.9547643483066235,1
0.9723560263178159,1
0.9753494457068098,1
0.9693815064298836,1
0.966425702811245,1
0.9723560263178159,1
0.9723560263178159,1
0.9634884346422807,1
0.9783619502818401,1
0.9723560263178159,1
0.9693815064298836,1
0.9753494457068098,1
0.9753494457068098,1
0.966425702811245,1
0.9753494457068098,1
0.9723560263178159,1
0.9783619502818401,1
0.9783619502818401,1
0.9693815064298836,1
0.966425702811245,1
0.9723560263178159,1
0.9723560263178159,1
0.9634884346422807,1
0.9693815064298836,1
0.9693815064298836,1
0.9605695234752963,1
0.9753494457068098,1
0.966425702811245,1
0.966425702811245,1
0.9282400247451964,1
0.9282400247451964,1
0.9231315822868875,1
0.9256777493609903,1
0.9308185903934368,1
0.9282400247451964,1
0.9256777493609903,1
0.9458027219081103,1
0.8933701930200683,1
0.8958089789830856,1
0.8982630272956584,1
0.8933701930200683,1
0.8909465020579835,1
0.8958089789830856,1
0.8958089789830856,1
0.9778243931678914,1
0.9724545007381996,1
0.9751310360213404,1
0.9805347593586652,1
0.9778243931678914,1
0.9751310360213404,1
0.9197126336082145,1
0.9424547380013029,1
0.9450231481485185,1
0.9476075363519704,1
0.9424547380013029,1
0.9399021331183316,1
0.9450231481485185,1
0.9670138888892593,1
0.9724545007381996,1
0.9751310360213404,1
0.9805347593586652,1
0.9778243931678914,1
0.9751310360213404,1
0.9197126336082145,1
0.9424547380013029,1
0.9450231481485185,1
0.9476075363519704,1
0.9424547380013029,1
0.9399021331183316,1
0.9670138888892593,1
0.9450231481485185,1
0.9697946033028296,1
0.9751310360213404,1
0.9724545007381996,1
0.9697946033028296,1
0.9148105942888396,1
0.9373651635724279,1
0.9399021331183316,1
0.9424547380013029,1
0.9373651635724279,1
0.9674218311181352,1
0.9399021331183316,1
0.9399021331183316,1
0.9778243931678914,1
0.9751310360213404,1
0.9724545007381996,1
0.9172541743973953,1
0.9399021331183316,1
0.9424547380013029,1
0.9450231481485185,1
0.9672193453374393,1
0.9373651635724279,1
0.9424547380013029,1
0.9424547380013029,1
0.9805347593586652,1
0.9778243931678914,1
0.9221861319026391,1
0.9450231481485185,1
0.9476075363519704,1
0.9668053855572877,1
0.9450231481485185,1
0.9424547380013029,1
0.9476075363519704,1
0.9476075363519704,1
0.9751310360213404,1
0.9197126336082145,1
0.9424547380013029,1
0.9670138888892593,1
0.9476075363519704,1
0.9424547380013029,1
0.9399021331183316,1
0.9450231481485185,1
0.9450231481485185,1
0.9172541743973953,1
0.9672193453374393,1
0.9424547380013029,1
0.9450231481485185,1
0.9399021331183316,1
0.9373651635724279,1
0.9424547380013029,1
0.9424547380013029,1
0.9500448430496861,1
0.9525831404215667,1
0.9551369551373156,1
0.9500448430496861,1
0.9475218983386441,1
0.9525831404215667,1
0.9525831404215667,1
0.9755443266310317,1
0.9781940173333258,1
0.9729109274567457,1
0.9702936450965922,1
0.9755443266310317,1
0.9755443266310317,1
0.9808601771992161,1
0.9755443266310317,1
0.9729109274567457,1
0.9781940173333258,1
0.9781940173333258,1
0.9781940173333258,1
0.9755443266310317,1
0.9808601771992161,1
0.9808601771992161,1
0.9702936450965922,1
0.9755443266310317,1
0.9755443266310317,1
0.9729109274567457,1
0.9729109274567457,1
0.9781940173333258,1
0.9489293720527082,1
0.9547095761379805,1
0.9518097315260317,1
0.9489293720527082,1
0.9460682777136816,1
0.9518097315260317,1
0.9337939698490826,1
0.9542378175758429,1
0.9702887878593841,1
0.9667063586568231,1
0.9631519274376417,1
0.959625146427177,1
0.9667063586568231,1
0.9324150596877872,1
0.9666029622551362,1
0.9738995690281343,1
0.9702887878593841,1
0.9667063586568231,1
0.9738995690281343,1
0.9392110502737681,1
0.9738180051813472,1
0.9667063586568231,1
0.9631519274376417,1
0.9702887878593841,1
0.9357999166833815,1
0.9701962295661112,1
0.959625146427177,1
0.9667063586568231,1
0.9324150596877872,1
0.9666029622551362,1
0.9631519274376417,1
0.9290561569175181,1
0.9630378467176344,1
0.9357999166833815,1
0.9701962295661112,1
0.9386529652098552,1
1.0,1
0.021154673936437333,0
0.009568980676422891,0
0.09948001118213362,0
0.10012780097086348,0
0.22963010667959755,0
0.4818507657214975,0
0.3004120293570125,0
0.02620137299771167,0
0.03592012951969779,0
0.39648731530507836,0
0.08830487548618375,0
0.04272311594976568,0
0.00753495217071376,0
0.7321081081081082,0
0.047174012082134065,0
0.0457790770621392,0
0.1602435312024353,0
0.0,0
0.07826324911887875,0
0.0,0
0.03304044731682521,0
0.021834061135371178,0
0.025975998346702295,0
0.17330856355246602,0
0.09869967397061485,0
0.1674740484429066,0
0.009409039916042413,0
0.16880031206780383,0
0.40021327375190263,0
0.037206931702251894,0
0.08494705674880605,0
0.4742566113216224,0
0.04637928101032158,0
0.894086260560249,0
0.05262752021735231,0
0.07052296071034328,0
0.03653653653644555,0
0.04728384869189906,0
0.0,0
0.04382629577733318,0
1.0,0
0.03634861627395772,0
0.010434782608695653,0
0.2892302413660015,0
0.06639004149377593,0
0.03508771929824561,0
0.20716928179614746,0
0.03309692671394799,0
0.21683126045700213,0
0.02860858257477243,0
0.3989628732847156,0
0.9152494331065759,0
0.04794716572876355,0
0.008495262903598514,0
0.1722820736406852,0
0.5622356902356902,0
0.6310791223071924,0
0.09377783561467758,0
0.061446977205153616,0
0.16123062687948184,0
0.03408045698794598,0
0.028644061973959946,0
0.0313111545976547,0
0.24941369020887597,0
0.0734030651118458,0
0.03608247422680412,0
0.02798560944817927,0
0.047071830918227794,0
0.08786749542370244,0
0.0,0
0.2526755630203906,0
0.015275863080397738,0
0.9145299145299146,0
0.02007168458781362,0
0.03623254044457327,0
0.05059786028937736,0
0.037037037037037035,0
0.8149904639462563,0
0.0781758957654723,0
0.026905829596412557,0
0.2526755630203906,0
0.8175316474977814,0
0.0,0
0.8665426644966288,0
0.04643117736009727,0
0.04528591749636776,0
0.5451998981410746,0
0.15598278960840914,0
0.02029029793735676,0
0.054316477592321846,0
0.07449945676973445,0
0.11339382940073518,0
0.5087046620869844,0
0.059738643434972,0
0.0,0
0.025733663753480917,0
0.02455661664392906,0
0.894086260560249,0
0.031713900134647977,0
0.04335347429168529,0
0.1259129552087299,0
0.8207660788921891,0
0.07165490196078432,0
0.04537114264639856,0
0.5705357142857143,0
0.03617571059431524,0
0.11211816670388844,0
0.006737562281549788,0
0.6015839366124655,0
0.036070396637506656,0
0.05897960519198846,0
0.07179164795689269,0
0.2326827401454267,0
0.03642714570849212,0
0.181904699396167,0
0.020458798253517225,0
0.8702451775734631,0
0.4684174508124194,0
0.047174012082134065,0
0.5660690089043747,0
0.594716849102814,0
0.0,0
0.5751639513689234,0
0.021164021164021163,0
0.17893565067509337,0
0.017543859649122806,0
0.058645944958086726,0
0.0,0
0.05261117278297491,0
0.036213991769239354,0
0.022565320665083134,0
0.020930232558139535,0
0.460062380175515,0
0.3989628732847156,0
0.027951346912347862,0
0.014934702533764927,0
0.4634556454779367,0
0.034869976359202325,0
0.10295698924687467,0
0.04445261512956953,0
0.0614728522788783,0
0.07268885876767132,0
0.09723032069959157,0
0.05211944627552349,0
0.46189948263119,0
0.007964925100474972,0
0.04714655491110423,0
0.4133674624659686,0
0.026629002328534716,0
0.47497331485263866,0
0.06472077155552036,0
0.04250823800467853,0
0.21455880764661414,0
0.0,0
0.06812581486269471,0
0.051881478635240286,0
0.012903225806451613,0
0.8228283232596374,0
0.9133466135458167,0
0.02067814025173388,0
0.024204109279547786,0
0.05919478417286419,0
0.0369807497466151,0
0.061076725330854974,0
0.08185714285707496,0
0.044966930390025014,0
0.012027491408934709,0
0.013793103448275864,0
0.03571734841472871,0
0.0,0
0.1844373432467185,0
0.0553987890860838,0
0.037037037037037035,0
0.0,0
0.055729243346306086,0
0.015776699029126214,0
0.05250431597114321,0
0.45458657954236603,0
0.1813732687319532,0
0.6057184651511682,0
0.27390070686742696,0
0.5716471188167234,0
0.23994932432432434,0
0.015195079024866259,0
0.0987298593811682,0
0.045221963094096845,0
0.06131145968525892,0
0.4512606599923531,0
0.42516861087770963,0
0.19430072505568818,0
0.0,0
0.0182370820668693,0
0.0160857908847185,0
0.028643981716353264,0
0.0,0
0.09884127377273459,0
0.09978934970203734,0
0.08068562933949483,0
0.0,0
0.049999999999875484,0
0.014184397163120567,0
0.8706677937447168,0
0.05166768720247762,0
0.023929657831918708,0
0.07472504882310618,0
0.862457982225906,0
0.020701924632055634,0
0.07018677220195972,0
0.03425547996976568,0
0.15982293668821715,0
0.950616531578199,0
0.1590405670527182,0
0.41208920187774545,0
0.9089884474499859,0
0,0
0.09732308731501862,0
0.03617571059431524,0
0.043993571715414605,0
0.020366598778004074,0
0.1701943376820224,0
0.014285714285714285,0
0.04441153949333055,0
0.06447675296132167,0
0.03411507484162727,0
0.23188650595488336,0
0.18163624443600979,0
0.03641365916804964,0
0.2468821917808219,0
0.18297723990238557,0
0.8305266098765013,0
0.10045515701443193,0
0.3280231696517299,0
0.055944055944055944,0
0.16805390408244153,0
0.011402508551881414,0
0.15891291523423992,0
0.19054545454545452,0
0.9152494331065759,0
0.03324802693803263,0
0.461402928828561,0
0.8966144058168597,0
0.8706677937447168,0
0.19901783406565005,0
0.049203049202913345,0
0.06685418949396336,0
0.016304347826086956,0
0.012944983818770227,0
0.0,0
0.030164610947471773,0
0.16076915953156704,0
0.4635110886930061,0
0.20193501000430564,0
0.0,0
0.05229383619466612,0
0.03601306711523928,0
0.16076915953156704,0
0.032467532467532464,0
0.16334234118303093,0
0.01634877384196185,0
0.4567241209492944,0
0.0969217063840167,0
0.037902388369583706,0
0.035714285713955664,0
0.16978920086781146,0
0.45747696120165904,0
0.043484848456205545,0
0.9496730421585913,0
0.020815264527320035,0
0.04631546124932799,0
0.12021044877689455,0
0.057904396951534376,0
0.24605403522521938,0
0.24124966509706042,0
0.038285465519627825,0
0.013043478260869565,0
0.0273482941902136,0
0.07567429828457228,0
0.03673079980907894,0
0.07168458781362007,0
0.04263550817834524,0
0.04647525295346895,0
0.02063983488132095,0
0.02028397565922921,0
0.1510835411218553,0
0.03791763954056551,0
0.2280668172995288,0
0.05363788613083392,0
0.46779381566894174,0
0.04846292947547958,0
0.0,0
0.0,0
0.007538778078850663,0
0.009337068160597572,0
0.05907563408464096,0
0.06160050451330787,0
0.03382090827404363,0
0.4471839069097605,0
0.045916222709489855,0
0.0,0
0.0,0
0.853836563527145,0
0.030589889196828503,0
0.24941369020887597,0
0.4944706103856489,0
0.03649803649791449,0
0.0,0
0.24605403522521938,0
0.034724753897088186,0
0.026240148094391496,0
0.4858228980319664,0
0.03742203742193409,0
0.2294712678094668,0
0.037902388369583706,0
0.0,0
0.0,0
0.007532956685499057,0
0.2094276094276094,0
0.0062047569803516025,0
0.4455599584251265,0
0.20132702424066193,0
0.015646959617726976,0
0.06781103702626136,0
0.477196954992117,0
0.025697230181202336,0
0.04647525295346895,0
0.020952276387058995,0
0.0,0
0.0,0
0.22802552476968066,0
0.04713933946943631,0
0.007428040854224697,0
0.034782608695652174,0
0.2884717366548601,0
0.5459734329597343,0
0.908939014202172,0
0.06553526782331996,0
0.0,0
0.1800637546308262,0
0.05370738165408407,0
0.04401840487898108,0
0.2736475730325486,0
0.006018054162487462,0
0.8279429906403528,0
0.2892302413660015,0
0.04791666666654734,0
0.052478151132171004,0
0.22813138189244384,0
0.21821862170488474,0
0.05775566261997184,0
0.48549269165731457,0
0.04515101531800388,0
0.04783950134830513,0
0.01890359168241966,0
0.04432197016466679,0
0.17434697855750486,0
0.043859649122807015,0
0.02597114597114597,0
0.7321081081081082,0
0.45626989783773303,0
0.006706997149052108,0
0.17320427916454406,0
0.39526197612175207,0
0.0,0
0.07632111799824577,0
0.5451998981410746,0
0.46949951644077714,0
0.0,0
0.03404394493503404,0
0.0,0
0.015724534530131992,0
0.036763567558269546,0
0.07702695893163948,0
0.40147221199833527,0
0.619776006339883,0
0.059341720080989424,0
0.5729665889665889,0
0.03647394061913397,0
0.04420807833512546,0
0.023884764579989295,0
0.0,0
0.04753192371465586,0
0.181872346763983,0
0.885845147219193,0
0.4824387975150893,0
0.22559960026648898,0
0.0,0
0.22877350083059442,0
0.17927912129955842,0
0.03605243202253277,0
0.862457982225906,0
0.5459734329597343,0
0.8982670378019215,0
0.12326055484976511,0
0.10828025477707007,0
0.4644229776562883,0
0.27460911181830405,0
0.08896797153024912,0
0.0,0
0.04606199971276097,0
0.054886000661271986,0
0.027956069034105878,0
0.007079646017699115,0
0.07489467935206726,0
0.09495922489242191,0
0.07352116042673107,0
0.8610441767068273,0
0.028405943087131492,0
0.0,0
0.04618355202690767,0
0.049259581780137666,0
0.0801923400175931,0
0.009569377990430622,0
1.0000000000010396,1
1.0,1
0.8579488165726527,1
0.999999999871887,1
0.7724425887265136,1
0.859835878900422,1
0.9494771283760589,1
0.864331753815812,1
0.9494771283760589,1
0.864331753815812,1
0.9441907661084229,1
0.859835878900422,1
0.9999999999998506,1
0.9441907661084229,1
0.859835878900422,1
0.9494771283760589,1
0.864331753815812,1
0.9494771283760589,1
0.9441907661084229,1
0.859835878900422,1
0.9172387969334058,1
0.922385238313328,1
0.922385238313328,1
0.9172387969334058,1
0.8871948537819659,1
0.7366505425699692,1
0.8361981528898891,1
0.8313521772345303,1
0.9581560283683866,1
0.9225630875798126,1
0.9999999999996002,1
0.9581560283683866,1
0.9286448757384721,1
0.8473451327368507,1
0.6767612416692287,1
0.9361534655320164,1
0.869209222217938,1
0.7804368689709129,1
0.6149329453428583,1
0.9388498546277884,1
0.8715222805331563,1
0.7826510721179584,1
0.5947348648751352,1
0.9388498546277884,1
0.8715222805331563,1
0.7826510721179584,1
0.5947348648751352,1
0.9361534655320164,1
0.869209222217938,1
0.7804368689709129,1
0.6149329453428583,1
0.822707538302381,1
0.6480357789175473,1
0.869209222217938,1
0.9459733374920314,1
0.7613298840688998,1
0.590578126593697,1
0.8715222805331563,1
0.9482763696319376,1
0.7633167907387481,1
0.5683209085092864,1
0.8715222805331563,1
0.9482763696319376,1
0.7633167907387481,1
0.5683209085092864,1
0.869209222217938,1
0.9459733374920314,1
0.7613298840688998,1
0.590578126593697,1
0.6495800598569892,1
0.7832428605079143,1
0.7634724671787158,1
0.8395201069692858,1
0.5889922805328313,1
0.7855181023654194,1
0.7655088554083128,1
0.8418044845236538,1
0.5681546346765385,1
0.7855181023654194,1
0.7655088554083128,1
0.8418044845236538,1
0.5681546346765385,1
0.7832428605079143,1
0.7634724671787158,1
0.8395201069692858,1
0.5889922805328313,1
0.6149329453428578,1
0.5905781265936975,1
0.5842938472139532,1
0.9473580129725816,1
0.6166496880075792,1
0.5921057572028129,1
0.5858749996752205,1
0.9214173641917067,1
0.6166496880075792,1
0.5921057572028129,1
0.5858749996752205,1
0.9214173641917067,1
0.6149329453428578,1
0.5905781265936975,1
0.5842938472139532,1
0.9473580129725816,1
0.8643317538158122,1
0.9561752988047814,1
0.8643317538158122,1
0.9561752988047814,1
0.8598358789004222,1
0.9515599343185553,1
0.8598358789004222,1
0.9117022605223855,1
1.0000000000000004,1
0.8643317538158122,1
0.9561752988047814,1
0.8643317538158122,1
0.8598358789004222,1
0.9515599343185553,1
0.922385238313328,1
0.922385238313328,1
0.9172387969334058,1
0.7370063504517286,1
0.8360056575349825,1
0.8311688311688312,1
0.9225630875798126,1
0.9581560283683866,1
0.9999999999995922,1
0.9277300664530679,1
0.8409919766525896,1
0.672652274402312,1
0.9388498546277884,1
0.8715222805331563,1
0.7826510721179584,1
0.5947348648751352,1
0.9388498546277884,1
0.8715222805331563,1
0.7826510721179584,1
0.5947348648751352,1
0.9361534655320164,1
0.869209222217938,1
0.7804368689709129,1
0.6149329453428583,1
0.817113565750828,1
0.6439111982017373,1
0.8715222805331563,1
0.9482763696319376,1
0.7633167907387481,1
0.5683209085092864,1
0.8715222805331563,1
0.9482763696319376,1
0.7633167907387481,1
0.5683209085092864,1
0.869209222217938,1
0.9459733374920314,1
0.7613298840688998,1
0.590578126593697,1
0.835005703212445,1
0.6393547099444505,1
0.7826510721179571,1
0.7633167907387538,1
0.9447880870558923,1
0.5626688660156941,1
0.7826510721179571,1
0.7633167907387538,1
0.9447880870558923,1
0.5626688660156941,1
0.7804368689709116,1
0.7613298840689056,1
0.9423435131035116,1
0.584293847213953,1
0.6166496880075792,1
0.5921057572028129,1
0.5858749996752205,1
0.9214173641917067,1
0.6166496880075792,1
0.5921057572028129,1
0.5858749996752205,1
0.9214173641917067,1
0.6149329453428578,1
0.5905781265936975,1
0.5842938472139532,1
0.9473580129725816,1
0.9108328195476385,1
0.9548257285647852,1
0.8688778249948754,1
0.9494771283760589,1
0.864331753815812,1
0.9494771283760589,1
0.9494771283760589,1
0.864331753815812,1
0.9999999999998471,1
0.9108328195476385,1
0.9548257285647852,1
0.9494771283760589,1
0.864331753815812,1
0.8688778249948756,1
0.9608391608391613,1
0.8643317538158122,1
0.9561752988047814,1
0.8643317538158122,1
0.8643317538158122,1
0.9561752988047814,1
0.9108328195476387,1
1.0000000000000004,1
0.8688778249948756,1
0.8643317538158122,1
0.9561752988047814,1
0.9275913380850557,1
0.922385238313328,1
0.8059138407356358,1
0.8012280886588269,1
0.9273873879241707,1
0.8402930402862274,1
0.6501616385111719,1
0.9415642770326293,1
0.8738499338292193,1
0.7848803678522784,1
0.5964457209209088,1
0.9388498546277884,1
0.8715222805331563,1
0.7826510721179584,1
0.6166496880075797,1
0.8163421153137952,1
0.6193834340497085,1
0.8738499338292193,1
0.950592885376299,1
0.7653163941849813,1
0.569835433159867,1
0.8715222805331563,1
0.9482763696319376,1
0.7633167907387481,1
0.5921057572028123,1
0.6154224328726161,1
0.7848803678522772,1
0.7653163941849871,1
0.9472481097236954,1
0.5642393574095692,1
0.7826510721179571,1
0.7633167907387538,1
0.9447880870558923,1
0.5858749996752204,1
0.5964457209209092,1
0.5698354331598655,1
0.5642393574095692,1
0.950316730840811,1
0.5947348648751357,1
0.568320908509285,1
0.5626688660156941,1
0.9214173641917068,1
0.9108328195476385,1
0.9494771283760589,1
0.864331753815812,1
0.9494771283760589,1
0.9494771283760589,1
0.864331753815812,1
0.9548257285647852,1
0.8688778249948754,1
0.9999999999998471,1
0.9494771283760589,1
0.864331753815812,1
0.922385238313328,1
0.8643317538158122,1
0.9561752988047814,1
0.8643317538158122,1
0.8643317538158122,1
0.9561752988047814,1
0.8688778249948756,1
0.9608391608391613,1
0.9108328195476387,1
0.8643317538158122,1
0.9561752988047814,1
0.8965887931355246,1
0.9273873879241707,1
0.8402930402862274,1
0.6501616385111719,1
0.9388498546277884,1
0.8715222805331563,1
0.7826510721179584,1
0.6166496880075797,1
0.8163421153137952,1
0.6193834340497085,1
0.8715222805331563,1
0.9482763696319376,1
0.7633167907387481,1
0.5921057572028123,1
0.6154224328726161,1
0.7826510721179571,1
0.7633167907387538,1
0.9447880870558923,1
0.5858749996752204,1
0.5947348648751357,1
0.568320908509285,1
0.5626688660156941,1
0.9214173641917068,1
0.9117022605223851,1
0.9441907661084229,1
0.9441907661084229,1
0.859835878900422,1
0.9494771283760589,1
0.864331753815812,1
0.9494771283760589,1
0.9999999999998486,1
0.9117022605223851,1
0.8598358789004222,1
0.8598358789004222,1
0.9515599343185553,1
0.8643317538158122,1
0.9561752988047814,1
0.8643317538158122,1
0.9117022605223855,1
1.0000000000000004,1
0.9225630875798122,1
0.9225630875798122,1
0.9277300664530679,1
0.8409919766525896,1
0.672652274402312,1
0.817113565750828,1
0.6439111982017373,1
0.6393547099444505,1
1.0,1
1.0,1
1.0,1
1.0,1
1.0,1
1.0,1
0.9441907661084229,1
0.859835878900422,1
0.9494771283760589,1
0.864331753815812,1
0.9494771283760589,1
0.9441907661084229,1
0.859835878900422,1
0.9581560283683866,1
0.9117022605223851,1
0.9494771283760589,1
0.864331753815812,1
0.9494771283760589,1
0.9441907661084229,1
0.859835878900422,1
0.8643317538158122,1
0.9561752988047814,1
0.8643317538158122,1
0.8598358789004222,1
0.9515599343185553,1
0.9108328195476385,1
0.9548257285647852,1
0.9494771283760589,1
0.864331753815812,1
0.8688778249948756,1
0.8643317538158122,1
0.9561752988047814,1
0.9494771283760589,1
0.864331753815812,1
0.9117022605223851,1
1.0,1
0.06966729606818707,0
0.03888888888888889,0
0.3871782178217531,0
0.0,0
0.04617117117117117,0
0.10570629257311819,0
0.12216820612442612,0
0.05882538201932807,0
0.34539925306220437,0
0.0,0
0.030619153813811563,0
0.030795074435386992,0
0.08859313852710782,0
0.3881642781181658,0
0.22387249746098892,0
0.060860417604374696,0
0.014864864864864866,0
0.08831446387093672,0
0.2248063154170561,0
0.018691588785046728,0
0.02490170380078637,0
0.012944983818770227,0
0.04458519418508196,0
0.012084592145015107,0
0.3244906673439493,0
0.44775789707173913,0
0.025641025641025644,0
0.06061241672375948,0
0.0,0
0.08831446387093672,0
0.07448378966819207,0
0.4862273001269258,0
0.0,0
0.06646525679758308,0
0.0,0
0.37396105612576114,0
0.3881642781181658,0
0.16277091906291227,0
0.030632135895293792,0
0.0,0
0.06593406593406594,0
0.08831446387093672,0
0.4272540983703047,0
0.04375660822382562,0
0.08323142608333466,0
0.3721530240520914,0
0.0683822699807507,0
0.06341463414634146,0
0.0,0
0.1699896399869512,0
0.14856502354734566,0
0.06349206349206349,0
0.014905149051490514,0
0.06512006512006512,0
0.023792862141357594,0
0.046725512635828075,0
0.369887014393953,0
0.06813646093869628,0
0.0843764048807448,0
0.0366732154551408,0
0.03793438920898635,0
0.4450014460715012,0
0.457882905636689,0
0.23769115146467434,0
0.23769115146467434,0
0.38790237549123824,0
0.22080947942280277,0
0.037006584961758376,0
0.04715953797167767,0
0.06109742436004458,0
0.09344231734922755,0
0.3446327368173666,0
0.0,0
0.07320577463439816,0
0.0,0
0.0,0
0.49950007337718666,0
0.0892644653659585,0
0.0366732154551408,0
0.09314060127095913,0
0.017830609212481426,0
0.23933504216905285,0
0.04458519418508196,0
0.11408741398689255,0
0.04057971014492753,0
0.04708582896842347,0
0.0,0
0.0,0
0.03899721448467967,0
0.351931415057916,0
0.0625484100992017,0
0.062337662337662345,0
0.4281226223006138,0
0.01784203362395615,0
0.2600625992361723,0
0.18610139859880478,0
0.06349206349206349,0
0.04302763819095477,0
0.19047855458237967,0
0.3523261642477285,0
0.4628284193621918,0
0.23933504216905285,0
0.047808358817533134,0
0.34616932406538387,0
0.2236290232689713,0
0.246870499610341,0
0.0,0
0.012084592145015107,0
0.369887014393953,0
0.014905149051490514,0
0.04815849368921995,0
0.0,0
0.431550157159482,0
0.040697674418604654,0
0.03888888888888889,0
0.01784203362395615,0
0.0,0
0.5696557178605532,0
0.04708582896842347,0
0.026543566070398154,0
0.02490170380078637,0
0.012698412698412698,0
0.16475073981233884,0
0.07962211932086437,0
0.0337204549727844,0
0.034216063891282664,0
0.044512342235819416,0
0.01767827349222698,0
0.0,0
0.0,0
0.046956201240862465,0
0.3528419300931407,0
0.09089294006197281,0
0.0625,0
0.0,0
0.015047879616963064,0
0.06356968215158924,0
0.15148274185607302,0
0.22537148956600958,0
0.0,0
0.06216104757268655,0
0.11653543307086614,0
0.018893387314439947,0
0.0,0
0.012084592145015107,0
0.22413623708785874,0
0.0,0
0.19484852325590585,0
0.04641359807715504,0
0.034148827726809376,0
0.0,0
0.04715953797167767,0
0.4294858179988362,0
0.24571883976016473,0
0.0,0
0.09314060127095913,0
0.0,0
0.018880647336480108,0
0.08187708492266463,0
0.07640449438202247,0
0.018893387314439947,0
0.2528699620645615,0
0.0,0
0.05965377067020493,0
0.07282913165266107,0
0.06350972966623858,0
0.388164278118166,0
0.014895057549085985,0
0.047808358817533134,0
0.06280420788192809,0
0.03856749311294766,0
0.06282722513089005,0
0.04617117117117117,0
0.08187708492266463,0
0.06866517316588906,0
0.11045728046535301,0
0.33609325317699534,0
0.44775789707173913,0
0.06425701050073707,0
0.06388206388206388,0
0.11460297374189224,0
0.014864864864864866,0
0.22316963524313194,0
0.0,0
0.5638406732486795,0
0.0,0
0.06241590489238375,0
0.04405577097599208,0
0.07249607898606668,0
0.04598702044988762,0
0.050746784270941814,0
0.4281208778026649,0
0.0,0
0.24571883976016473,0
0.01873536299765808,0
0.018779342723004695,0
0.0,0
0.0467896174863388,0
0.0,0
0.00979706088173548,0
0.030734027279253413,0
0.058748491176066064,0
0.16298924547794338,0
0.22080947942280277,0
0.03840089667959544,0
0.05965377067020493,0
0.015047879616963064,0
0.38790237549123824,0
0.03888888888888889,0
0.26125826532241925,0
0.0,0
0.2600625992361723,0
0.1913277813374283,0
0.4450014460715012,0
0.06350972966623858,0
0.01873536299765808,0
0.044512342235819416,0
0.0,0
0.0356840672479123,0
0.08790183902565203,0
0.0,0
0.06282722513089005,0
0.24514725399222353,0
0.06349206349206349,0
0.017809030980993516,0
0.3446327368173666,0
0.0633245382585752,0
0.0,0
0.06961961456965325,0
0.4964632166788432,0
0.043914832587868005,0
0.7078651685393258,0
0.3469429762426834,0
0.3730547774673052,0
0.4294858179988362,0
0.018691588785046728,0
0.07214545994386772,0
0.04739876642429915,0
0.018214936247723135,0
0.3721530240520914,0
0.058352360981811964,0
0.11408741398689255,0
0.457882905636689,0
0.06611570247933884,0
0.15040767003857797,0
0.08158298037603871,0
0.4878690825641883,0
0.036721311475409836,0
0.018691588785046728,0
0.030467543563434223,0
0.2248063154170561,0
0.0,0
0.04630152456239413,0
0.09390752902036306,0
0.07051282051282051,0
0.04708582896842347,0
0.07960686178502714,0
0.2238724974609887,0
0.10711741682957834,0
0.07356905580007603,0
0.09390752902036306,0
0.057928573397868034,0
0.07448378966819207,0
0.34616932406538387,0
0.0,0
0.04739876642429915,0
0.3469429762426834,0
0.036721311475409836,0
0.046956201240862465,0
0.01510989010989011,0
0.045666144378590734,0
0.22180730922333083,0
0.06356968215158924,0
0.06593406593406594,0
0.04302763819095477,0
0.34539925306220437,0
0.16298924547794338,0
0.08158298037603871,0
0.06937683638116116,0
0.12150653392639728,0
0.22080947942280277,0
0.0,0
0.5468192727687481,0
0.39614634146338595,0
0.014895057549085985,0
0.0,0
0.0,0
0.04548596898167098,0
0.05526693678592337,0
0.06356968215158924,0
0.06109742436004458,0
0.051593323216995446,0
0.06216104757268655,0
0.0,0
0.24571883976016473,0
0.07448378966819207,0
0.24514725399222353,0
0.5716794376752635,0
0.04630152456239413,0
0.4592846481917422,0
0.4928033356336904,0
0.0644630530344172,0
0.07422847396099014,0
0.06061241672375948,0
0.02631578947368421,0
0.0,0
0.2238724974609887,0
0.24629324738853572,0
0.4294858179988362,0
0.5716794376752635,0
0.22594592279305387,0
0.431550157159482,0
0.06961961456965325,0
0.03342115534738486,0
0.2691003106255223,0
0.41632214195918166,0
0.06280420788192809,0
0.0670391061452514,0
0.012738853503184714,0
0.01873536299765808,0
0.11431977212241592,0
0.07262569832402235,0
0.0,0
0.018779342723004695,0
0.47556226201192797,0
0.34616932406538387,0
0.4878690825641883,0
0.3807340761151608,0
0.3730547774673052,0
0.0,0
0.1951210206592182,0
0.4281208778026649,0
0.11506942897832025,0
0.4928033356336904,0
0.07422847396099014,0
0.5485756702447154,0
0.056480821750850375,0
0.30911663751020035,0
0.014864864864864866,0
0.3730547774673052,0
0.5716794376752635,0
0.05841849662569114,0
0.06961961456965325,0
0.38892097204549875,0
0.0,0
0.0,0
0.0,0
0.16285303175596666,0
0.0,0
0.351931415057916,0
0.3871782178217531,0
0.4450014460715012,0
0.4294858179988362,0
