0.8955711249594608,1
0.8762512788418092,1
0.8511345477790818,1
0.8511345477790818,1
0.8840789571799258,1
0.8920488400488256,1
0.8437276118598973,1
0.8186093109169895,1
0.8685619839212544,1
0.8762512788418092,1
0.8511345477790818,1
0.8511345477790818,1
0.8840789571799258,1
0.8920488400488256,1
0.8437276118598973,1
0.8186093109169895,1
0.8685619839212544,1
0.8320886033596754,1
0.8320886033596754,1
0.8999459006451055,1
0.9082010582010434,1
0.8584788435940731,1
0.8322093034344181,1
0.8838803585971345,1
0.846181945238545,1
0.8391257221929098,1
0.8462835078271203,1
0.8020103532461554,1
0.7801467925987269,1
0.8251690989443585,1
0.8391257221929098,1
0.8462835078271203,1
0.8020103532461554,1
0.7801467925987269,1
0.8251690989443585,1
0.9166100614467716,1
0.8661399365186259,1
0.83925975684595,1
0.8918403588029635,1
0.8739397678768122,1
0.8464312617530563,1
0.8999459006451055,1
0.8020391235224581,1
0.850952783609994,1
0.8252768361807108,1
0.8738089696560256,1
0.8528541563483716,1
0.8579940699325687,1
0.8999353364533696,1
0.6635160923490115,1
0.7804876577318055,1
0.8030533934723911,1
0.8122198648436022,1
0.8215991400750655,1
0.7940924925166871,1
0.8215991400750655,1
0.7989146085061224,1
0.7693276211084413,1
0.7852231755087699,1
0.7055656026553568,1
0.7136391173384526,1
0.7219006803549373,1
0.6976736946368869,1
0.7219006803549373,1
0.7016414329191567,1
0.7127645057656823,1
0.6353046594981036,1
0.6430929763147584,1
0.6510756880071313,1
0.6277036110204084,1
0.6510756880071313,1
0.6314064133727548,1
0.7478308580857825,1
0.7569095294597166,1
0.7662131262611196,1
0.7389689113914779,1
0.7662131262611196,1
0.7434807065125807,1
0.8792397821640386,1
0.8889887308780606,1
0.8603739472499592,1
0.8889887308780606,1
0.8652423097958181,1
0.8989580391181794,1
0.869703856749287,1
0.8989580391181794,1
0.8746998327029433,1
0.879239782164038,1
0.9091553920360249,1
0.8843688236477378,1
0.8792397821640386,1
0.8559892537746815,1
0.8874799763747044,1
0.7558599295877934,1
0.963855421686747,1
0.9803921568627451,1
0.7554807631958828,1
0.7483253588516746,1
0.8060801643583669,1
0.8829116122330621,1
0.7662809435800292,1
0.47909987071261223,1
0.9103907766414197,1
0.8577849607030255,1
0.8158347779417263,1
0.7692657071070392,1
0.8383274599546741,1
0.7512323425456726,1
0.8289473684210527,1
0.9281045751633986,1
0.7581699346405228,1
0.7581699346405228,1
0.9281045751633986,1
0.8311688311688312,1
0.6321967054230907,1
0.6665797194023874,1
0.6699770213018998,1
0.945146173983245,1
0.7159090909090909,1
0.7103825136612022,1
0.6480446927374302,1
0.6480446927374302,1
0.7428571428571429,1
0.7032967032967034,1
0.9716821013023544,1
0.9997349589186483,1
0.963855421686747,1
0.8276692261496225,1
0.749157526761756,1
0.749157526761756,1
0.6616613568215892,1
0.7758241758241757,1
0.7758241758241757,1
0.7603119915781413,1
0.6792299898682876,1
0.6703296703296703,1
0.653215942461939,1
0.6933591014147639,1
0.6933591014147639,1
0.7272883380156187,1
0.6254327588859825,1
0.6254327588859825,1
0.7028669573259347,1
0.745373139287613,1
0.736219033697492,1
0.718572892485936,1
0.8087583148558759,1
0.7097715557051927,1
0.718909708957009,1
0.718909708957009,1
0.822810434845777,1
0.7299268359763675,1
0.7192485537038782,1
0.7001083346192042,1
0.707665305295845,1
0.7175967823026648,1
0.7175967823026648,1
0.8217934730596229,1
0.7278139720307599,1
0.7175967823026648,1
0.6980074777426102,1
0.6389758939772833,1
0.6389758939772833,1
0.7197070821457423,1
0.8735688427417752,1
0.8622675198926277,1
0.8416976714612601,1
0.7474161594462345,1
0.7291056528022432,1
0.6552543642039067,1
0.6466510538641687,1
0.631137150570238,1
0.7291056528022432,1
0.6552543642039067,1
0.6466510538641687,1
0.631137150570238,1
0.7404434700813206,1
0.7294544739735527,1
0.7097715557051927,1
0.8843052576204267,1
0.8626782849551312,1
0.8516585937161115,1
0.0,0
0.05795783194148703,0
0.3452317867602498,0
0.09801531065914788,0
0.0,0
0.3168957455186091,0
0.3660416022795244,0
0.008658008658008658,0
0.07386077451287089,0
0.07092198581560284,0
0.06944444444444445,0
0.446280808270637,0
0.015384615384615385,0
0.3038024658219735,0
0.58411527902916,0
0.04833297703254111,0
0.06,0
0.07729468599033816,0
0.05689132795975532,0
0.14859626109170077,0
0.5091963311008253,0
0.05190650596984664,0
0.07602339181286549,0
0.06307194193481905,0
0.08539188117384094,0
0.027958025862328397,0
0.03216237314578994,0
0.04761904761904762,0
0.10719050437256884,0
0.12534491927056485,0
0.05506129166344689,0
0.060709700364258275,0
0.08441558441558442,0
0.09507079347623223,0
0.08534322820037106,0
0.01694915254237288,0
0.03508771929824561,0
0.4507628008163544,0
0.3196452822725322,0
0.07580174927113703,0
0.04580152671755725,0
0.4622705702892775,0
0.050425514992444125,0
0.4617061486397315,0
0.015384615384615385,0
0.4385423743096364,0
0.12667037112257373,0
0.04584781972644695,0
0.6792299898682876,0
0.6856820346474396,0
0.292895100743844,0
0.08203788505223863,0
0.1263336732751435,0
0.21729490022172948,0
0.4188752424046542,0
0.048520975235750365,0
0.014388489208633096,0
0.034020291693072975,0
0.10968072572119172,0
0.1298402128312886,0
0.06444561512434815,0
0.016,0
0.07037630319835374,0
0.0,0
0.0621724992617184,0
0.060810810810810814,0
0.0326530612244898,0
0.032679738562091505,0
0.047058823529411764,0
0.125,0
0.04,0
0.0,0
0.046620046620046623,0
0.014184397163120567,0
0.08509332261348579,0
0.0400890868596882,0
0.014184397163120565,0
0.4341053191002769,0
0.13293115491469273,0
0.12867674723941078,0
0.3366625414597561,0
0.046875,0
0.0707070707070707,0
0.8232244521864969,0
0.11188502909539762,0
0.0957124153085706,0
0.06944444444444445,0
0.01388888888888889,0
0.6447242572244052,0
0.08169606900477483,0
0.46507286974727136,0
0.07042253521126761,0
0.05537030537030538,0
0.07246376811594203,0
0.014084507042253521,0
0.27292382071458443,0
0.10884353741496598,0
0.07194244604316546,0
0.07142857142857142,0
0.04112598146644401,0
0.05546986113269348,0
0.4600032937158701,0
0.09889045487080113,0
0.22974358974358972,0
0.015873015873015872,0
0.663331988704167,0
0.46289015096354547,0
0.06944444444444445,0
0.05673758865248227,0
0.23192436040044492,0
0.04743083003952569,0
0.08219720407882829,0
0.08267051514936034,0
0.052187766714081395,0
0.05267540425784205,0
0.7295761042371044,0
0.13879518072289157,0
0.042328042328042326,0
0.25356265356265356,0
0.03125662778366914,0
0.046875,0
0.015873015873015872,0
0.07246376811594203,0
0.4291791703237509,0
0.0520476679436322,0
0.060004041859765274,0
0.05828284777156087,0
0.014285714285714285,0
0.015267175572519082,0
0.3002950666228586,0
0.048275862068965524,0
0.06451612903225806,0
0.23192436040044492,0
0.4678607167966237,0
0.13580246913580246,0
0.0620805407183099,0
0.6630882630813512,0
0.054909509166451494,0
0.06036010929636543,0
0.24831265408398337,0
0.05936291943714241,0
0.06535947712418301,0
0.05144308141308262,0
0.47996248065047925,0
0.06741638500573714,0
0.10024343664771793,0
0.3660416022795244,0
0.015037593984962403,0
0.089404130024613,0
0.05999627930050849,0
0.043478260869565216,0
0.11331801433777884,0
0.045112781954887216,0
0.18808006605999886,0
0.3695606055314494,0
0.6173001709117213,0
0.12811359026369168,0
0.08018778441255095,0
0.41784667864066066,0
0.4362536304985935,0
0.3003925584570746,0
0.012248134135110653,0
0.06028851794204651,0
0.07920176258555807,0
0.03294035750689904,0
0.3366625414597561,0
0.089404130024613,0
0.013605442176870748,0
0.04460966542750929,0
0.08201941747572816,0
0.03140899803693763,0
0.8125852917228691,0
0.04477611940298507,0
0.23917075831969448,0
0.04749311922375514,0
0.7758241758241757,0
0.06989247311827956,0
0.06377523538663737,0
0.07721291320958798,0
0.08750412034907613,0
0.055105348460291734,0
0.07554695941096481,0
0.85,1
1.0,1
0.7466086776431603,1
1.0,1
0.9425287356321839,1
0.8434504792332269,1
0.785234899328859,1
0,1
0.7213114754098361,1
0.9128141559705015,1
0.9831558874940409,1
0.9426725036481135,1
0.787669473383759,1
1.0,1
0.8805970149253731,1
0.8939393939393939,1
0.6461538461538462,1
0.9142857142857143,1
1.0,1
1.0,1
1.0,1
1.0,1
1.0,1
1.0,1
1.0,1
1.0,1
1.0,1
1.0,1
1.0,1
0.9409372972088932,1
1.0,1
1.0,1
0.9302022178734508,1
1.0,1
0.8961748633879781,1
0.9352012941427831,1
0.8351648351648353,1
0.8351648351648353,1
0.945273631840796,1
0.8950276243093923,1
1.0,1
1.0,1
0.7479674796747967,1
0.7261932344763669,1
0.7448615554310172,1
0.6351256613423042,1
0.6833552920509443,1
0.8247813953488372,1
0.6470614650015217,1
0.8133629191321499,1
0.7663551401869159,1
0.7466086776431603,1
0.8771929824561403,1
0.9137931034482759,1
0.9059829059829061,1
0.7931034482758621,1
0.7931034482758621,1
0.7863247863247863,1
0.9137931034482759,1
0.9915966386554622,1
0.8813559322033898,1
0.8739495798319328,1
1.0,1
1.0,1
1.0,1
1.0,1
1.0,1
1.0,1
1.0,1
1.0,1
1.0,1
1.0,1
1.0,1
0.874684928900937,1
0.863013698630137,1
0.7154811715481172,1
0.8141619969434539,1
0.999999999999994,1
0.8118156116857108,1
1.0000000000000564,1
0.8106646368334743,1
0.9256198347107438,1
0.6724137931034483,1
0.688,1
0.9174316856113703,1
1.0,1
1.0,1
0.9428120416635593,1
0.937652164708373,1
0.9382468593814418,1
0.9423956109438786,1
0.939444630311141,1
1.0,1
1.0,1
0.8121419202840138,1
0.7258708308183448,1
0.7154226985021916,1
0.908169279736181,1
0.7979540023897262,1
0.8585300650391795,1
0.7502748385745065,1
0.8947656174410388,1
0.758281184169608,1
0.6928897445630808,1
0.8857800027059908,1
0.7582811841696078,1
0.6447588284398827,1
0.7979540023896957,1
0.8462835973174971,1
0.6749969105086905,1
0.6447588284398827,1
0.7546578481466706,1
0.9068148103299011,1
0.7284996305880737,1
0.7905646740080213,1
0.8099985757015372,1
1.0000000000000453,1
1.0000000000000453,1
0.8099985757015372,1
0.7302721088435374,1
0.7905550004027518,1
0.7497558914489219,1
0.8154493728451404,1
0.7713804137756233,1
0.9060382916053022,1
0.8099985757015372,1
0.8099985757015372,1
1.0000000000000215,1
0.8163265306122449,1
1.0,1
0.8767123287671232,1
0.9454545454545454,1
0.8163265306122449,1
0.694566737746547,1
0.6306902035531902,1
0.694566737746547,1
0.6272482747375036,1
0.6904479938963617,1
0.698738365700643,1
0.694566737746547,1
0.6865438557687872,1
0.6906416323238369,1
0.6439700829984064,1
0.5817864529954866,1
0.8163265306122449,1
0.9561419264290478,1
0.9502107460217014,1
0.8233648028132746,1
0.9359344452589806,1
0.8175515501463847,1
0.9285226125823873,1
0.9434704408884945,1
0.9359344452589806,1
0.9207845508432486,1
0.9281083202182137,1
0.87491988105908,1
0.7645522209730725,1
0.880080844374598,1
0.9443574523392791,1
0.8175515501463847,1
0.8292672670635359,1
0.8233648028132746,1
0.8038082923838382,1
0.8093896868214405,1
0.7645522209730713,1
0.9034749684612668,1
0.8175515501463847,1
0.9285226125823873,1
0.9434704408884945,1
0.9359344452589806,1
0.9207845508432486,1
0.9281083202182137,1
0.87491988105908,1
0.7645522209730725,1
0.8816654492330347,1
0.8233648028132746,1
0.8175515501463847,1
0.7983076152239136,1
0.8038082923838382,1
0.7591278753918276,1
0.897867916403917,1
0.8163265306122449,1
0.9302325581395349,1
0.8783783783783783,1
1.0,1
0.9359344452589806,1
0.9285226125823873,1
0.9135806543551557,1
0.9207845508432384,1
0.8678858248667038,1
0.7591278753918328,1
0.9349112426035503,1
0.9186046511627907,1
0.9404761904761905,1
0.9404761904761905,1
0.9349112426035503,1
0.9404761904761905,1
1.0,1
0.9349112426035503,1
0.9186046511627907,1
0.9404761904761905,1
0.9404761904761905,1
0.9349112426035503,1
0.9404761904761905,1
0.9561419264290478,1
1.0,1
0.9434704408884945,1
0.9281083202182235,1
0.9355552115025402,1
0.8820732158484699,1
0.770059685789297,1
0.9207845508432486,1
0.9281083202182137,1
0.8729715307238611,1
0.7687937139789729,1
0.9377049180327869,1
1.0,1
0.9377049180327869,1
0.9392265193370167,1
1.0,1
0.9392265193370167,1
0.933513935529882,1
0.9377049180327869,1
1.0,1
0.9392265193370167,1
1.0,1
0.9151003202646043,1
0.8580512021961356,1
0.7483430869282112,1
0.9239766081871345,1
0.9461077844311377,1
0.9461077844311377,1
0.9404761904761905,1
0.9461077844311377,1
0.9349112426035503,1
1.0,1
0.9239766081871345,1
0.9461077844311377,1
0.9461077844311377,1
0.9404761904761905,1
0.9461077844311377,1
0.9294117647058823,1
0.9294117647058823,1
0.9239766081871345,1
0.9294117647058823,1
0.9186046511627907,1
0.9239766081871345,1
1.0,1
0.9294117647058823,1
0.9294117647058823,1
0.9239766081871345,1
0.9294117647058823,1
0.9518072289156626,1
0.9461077844311377,1
0.9518072289156626,1
0.9404761904761905,1
0.9461077844311377,1
0.9294117647058823,1
1.0,1
0.9518072289156626,1
0.9461077844311377,1
0.9518072289156626,1
0.8649537315221865,1
0.7535853144555621,1
1.0000000000000453,1
0.8099985757015372,1
0.9461077844311377,1
0.9518072289156626,1
0.9404761904761905,1
0.9461077844311377,1
0.9294117647058823,1
0.9518072289156626,1
1.0,1
0.9461077844311377,1
0.9518072289156626,1
0.9461077844311377,1
0.9349112426035503,1
0.9404761904761905,1
0.9239766081871345,1
0.9461077844311377,1
0.9461077844311377,1
1.0,1
0.9461077844311377,1
0.9404761904761905,1
0.9461077844311377,1
0.9294117647058823,1
0.9518072289156626,1
0.9518072289156626,1
0.9461077844311377,1
1.0,1
1.0,1
0.5562130177514792,1
0.752183505092322,1
0.780246913580247,1
1.0,1
0.5562130177514792,1
0.782051282051282,1
0.583941605839416,1
0.5562130177514792,1
1.0,1
0.8648648648648649,1
1.0,1
0.8648648648648649,1
0.8906631181795253,1
0.7502748385744743,1
0.9044661342800224,1
0.8395932665176922,1
0.8564977145878842,1
0.7897440017140211,1
0.9538157894739115,1
0.8648648648648649,1
1.0,1
0.644758828439883,1
0.8037067228603794,1
0.8650773704808056,1
0.8976377952755905,1
0.8270980907227435,1
0.8640559440559383,1
0.918918918918919,1
0.804733727810651,1
0.6010124252185918,1
0.8276197085357332,1
0.752183505092322,1
0.782051282051282,1
0.780246913580247,1
0.583941605839416,1
0.7917803236952715,1
0.8559430604982559,1
0.732824427480916,1
0.8336782784330964,1
0.9261667682720963,1
0.9110054118154892,1
1.0,1
0.81422351233672,1
0.9586056644555025,1
1.0000000000000002,1
0.9528533389025219,1
0.9333333333333333,1
1.0000000000000018,1
1.0,1
0.8767123287671232,1
0.9454545454545454,1
0.8163265306122449,1
0.8163265306122449,1
0.9302325581395349,1
0.8783783783783783,1
0.9349112426035503,1
0.9186046511627907,1
0.9404761904761905,1
0.9404761904761905,1
0.9349112426035503,1
0.9404761904761905,1
0.9377049180327869,1
0.9392265193370167,1
0.9239766081871345,1
0.9461077844311377,1
0.9461077844311377,1
0.9404761904761905,1
0.9461077844311377,1
0.9294117647058823,1
0.9294117647058823,1
0.9239766081871345,1
0.9294117647058823,1
0.9518072289156626,1
0.9461077844311377,1
0.9518072289156626,1
0.9461077844311377,1
0.9518072289156626,1
0.9461077844311377,1
0.5562130177514792,1
0.8648648648648649,1
0.918918918918919,1
0.0930232558139535,0
0,0
0.17204301075268819,0
0.0,0
0.0,0
0.0,0
0.47798742138364786,0
0.020717355721090496,0
0,0
0.45121951219512196,0
0.047619047619047616,0
0.05429864253393665,0
0.09448818897637795,0
0.13649851632047477,0
0.012195121951219513,0
0,0
0.8783783783783783,0
0,0
0.03345951339084686,0
0.09937888198757763,0
0.037383177570093455,0
0.07246376811594203,0
0.2520253457979102,0
0.05230926493820277,0
0.24067829304188512,0
0.30344827586206896,0
0,0
0.17297297297297298,0
0.0,0
0,0
0.016736401673640166,0
0.061855670103092786,0
0.6122448979591837,0
0.03772204059613376,0
0,0
0.05714285714285714,0
0.06511627906976744,0
0.06923076923076923,0
0.06976744186046512,0
0.31034482758620685,0
0,0
0.019543973941368076,0
0.41706161137440756,0
0.14007782101167315,0
0,0
0.16666666666666666,0
0.0,0
0.0,0
0.08695652173913043,0
0.025000000000000005,0
0.18357487922705312,0
0.09505703422053231,0
0.42399999999999993,0
0.031948192835305325,0
0.0,0
0.0027278926696431465,0
0.6867469879518072,0
0.020618556701030927,0
0.4111498257839722,0
0.041787684340875826,0
0,0
0.0,0
0.001964379234458494,0
0.03488372093023256,0
0.14772727272727273,0
0.2891566265060241,0
0.05755395683453238,0
0.02564102564102564,0
0.47282721708389913,0
0.09210526315789473,0
0.07692307692307693,0
0.04442307652108593,0
0.12222222222222222,0
0.0021413649641637868,0
0,0
0.0930015635715146,0
0.03638043500702435,0
0,0
0,0
0,0
0.1185665219562604,0
0.03137254901960784,0
0.008424711347908584,0
0.0,0
0.1958041958041958,0
0.6610878661087866,0
0.02,0
0.1487603305785124,0
0.019417475728155338,0
0,0
0.057507987220447275,0
0,0
0,0
0.04148259672338993,0
0,0
0,0
0.05755395683453238,0
0.0,0
0.001183431952662722,0
0.05084745762711865,0
0.05161290322580646,0
0.588888888888889,0
0.052830188679245285,0
0,0
0.16666666666666666,0
0,0
0.011497670730498562,0
0.10285714285714286,0
0,0
0.24067829304188512,0
0.7875,0
0.15757575757575756,0
0,0
0.4111498257839722,0
0.143646408839779,0
0.1566265060240964,0
0.05223880597014925,0
0.37915619324961203,0
0.07563025210084033,0
0.416289592760181,0
0.0,0
0,0
0.0,0
0.05235602094240838,0
0.49689440993788814,0
0.3506493506493506,0
0,0
0.453781512605042,0
0.31213872832369943,0
0,0
0.7074829931972789,0
0.043478260869565216,0
0.041884816753926704,0
0.0297029702970297,0
0.31746031746031744,0
0.0,0
0.020942408376963352,0
0.036231884057971016,0
0.05747126436781609,0
0,0
0.3461538461538462,0
0.03,0
0.12093023255813952,0
0.0,0
0.06818181818181818,0
0.0,0
0.7108433734939759,0
0.09859154929577464,0
0.7184603493595627,0
0.1,0
0.0,0
0.03278688524590164,0
0.024896265560165973,0
0.15894039735099338,0
0.5221674876847291,0
0.5297297297297298,0
0,0
0.5430902026646627,0
0.0782122905027933,0
0.5686539446325749,0
0.038461538461538464,0
0.4293193717277487,0
0.034749854103665975,0
0.07547169811320754,0
0.05154639175257732,0
0.0,0
0.15568862275449102,0
0.0,0
0.5540540540540541,0
0.6172231734329615,0
0.060606060606060615,0
0.03717472118959108,0
0.05555555555555555,0
0.064,0
0.0,0
0,0
0.1527777777777778,0
0.06779661016949153,0
0.05357142857142857,0
0.5358851674641149,0
0.11999999999999998,0
0.054483160908257756,0
0.3493975903614458,0
0.020202020202020204,0
0.8163120567375814,0
0.05405405405405406,0
0.43209876543209874,0
0.07608927963705966,0
0.8079470198675496,0
0.05376344086021505,0
0.054945054945054944,0
0,0
0.1660377358490566,0
0.06578947368421052,0
0.11578947368421053,0
0.012048192771084336,0
0,0
0.06289308176100629,0
0.03571428571428571,0
0.03418803418803419,0
0.061224489795918366,0
0,0
0.7283950617283951,0
0.08917197452229299,0
0.70995670995671,0
0.0,0
0.08058608058608059,0
0.36363636363636365,0
0,0
0.07547169811320754,0
0.6078420703870256,0
0.5514018691588785,0
0.5514018691588785,0
0.16352201257861634,0
0.476783240963598,0
0.8635341963537775,0
0.014423076923076924,0
0.045714285714285714,0
0.17674418604651163,0
0,0
0.009255184985158427,0
0,0
0.1388888888888889,0
0.07304123093589955,0
0.3783783783783784,0
0.047244094488188976,0
0.04481792717086835,0
0.3783783783783784,0
0.404480674013422,0
0.11536089861249092,0
0.0012368583797155224,0
0.0,0
0,0
0.11864406779661016,0
0.07650273224043716,0
0.054945054945054944,0
0.05617977528089888,0
0.11085450346420324,0
0.015919238982721802,0
0.03246075659862141,0
0.2676056338028169,0
0.03680981595092025,0
0.11398963730569948,0
0.05997399087494317,0
0.05504587155963303,0
0.026402640264026406,0
0.6752610237173959,0
0.06363636363636363,0
0.09498865025318666,0
0.13402061855670103,0
0.045112781954887216,0
0.0390625,0
0.09248554913294797,0
0.023809523809523808,0
0.4733000384172109,0
0.0,0
0.023598445036541627,0
0,0
0,0
0.37179487179487186,0
0.059880239520958084,0
0.7664670658682635,0
0.05714285714285714,0
0.09032258064516129,0
0.056589244953011306,0
0,0
0.05454545454545454,0
0.03269667508140649,0
0.14173228346456693,0
0.035398230088495575,0
0.0,0
0.06134969325153374,0
0.15757575757575756,0
0.07434944237918216,0
0,0
0.07518796992481203,0
0.17045454545454547,0
0.0821917808219178,0
0.2923076923076923,0
0.07536231884057971,0
0,0
0.034482758620689655,0
0.01904761904761905,0
0.5732312751287328,0
0.136986301369863,0
0.03587443946188341,0
0.06106870229007634,0
0.10526315789473684,0
0.8795180722891566,0
0.25961538461538464,0
0.06535947712418301,0
0.047337278106508875,0
0.061224489795918366,0
0.02857142857142857,0
0.5942857142857143,0
0.03333333333333333,0
0.06374501992031872,0
0.05467158661377639,0
0.0111731843575419,0
0.032971957149348204,0
0.037267080745341616,0
0.20779220779220783,0
0.195908345019541,0
0.09999999999999999,0
0.41025641025641024,0
0,0
0.0670391061452514,0
0,0
0.026253965733634952,0
0.014440433212996389,0
0.04356357927786499,0
0,0
0,0
0.05649717514124294,0
0.0547945205479452,0
0.08823529411764706,0
0.045714285714285714,0
0.06896551724137931,0
0,0
0.04897959183673469,0
0.0,0
0.04477611940298507,0
0.03592860397388397,0
0.35782359233686667,0
0.0,0
0.1527777777777778,0
0.032388663967611336,0
0.04361370716510903,0
0.47619047619047616,0
0.046242774566473986,0
0,0
0.5925925925925926,0
0,0
0.01098901098901099,0
0.023076923076923078,0
0.06205469327419396,0
0.046153846153846156,0
0.3053435114503817,0
0.03225806451612903,0
0.48704663212435234,0
0.029200298356211428,0
0.046252255207326835,0
0.09187279151943463,0
0.03316472043309606,0
0.8177886079807816,0
0.09859154929577464,0
0,0
0.03333333333333333,0
0.07453416149068323,0
0.031496062992125984,0
0.029055690072639227,0
0.0670391061452514,0
0.06166886109271686,0
0,0
0.029197080291970802,0
0.10077519379844961,0
0.11965811965811965,0
0.0,0
0.024213075060532687,0
0.14,0
0.0,0
0.09782608695652176,0
0.014285714285714285,0
0.33548387096774196,0
0.14345323145665914,0
0.038834951456310676,0
0.02510460251046025,0
0.04743083003952569,0
0.07042253521126761,0
0.7350991639645207,0
0.20180193843282107,0
0.04678362573099415,0
0.7308673469387755,1
0.9912302270215387,1
0.9203803448379623,1
0.9517224038219764,1
0.946013986013986,1
0.9575002384055438,1
0.9517224038219764,1
0.946013986013986,1
0.9403737398573887,1
0.9203803448379623,1
0.915,1
0.9258245101618595,1
0.9203803448379623,1
0.915,1
0.9096823574435516,1
0.946013986013986,1
0.9575002384055438,1
0.9517224038219764,1
0.946013986013986,1
0.9403737398573887,1
0.9517224038219764,1
0.946013986013986,1
0.9403737398573887,1
0.934800449861698,1
0.9575002384055438,1
0.9517224038219764,1
0.946013986013986,1
0.946013986013986,1
0.9403737398573887,1
0.934800449861698,1
0.9999999999999947,1
0.9928475033739252,1
0.8516902944383861,1
0.7826086956521741,1
0.8160535117056856,1
1.0000000000000029,1
0.9236331052460112,1
0.8447986577181194,1
0.8449287510477919,1
0.9220877729271849,1
0.8431902145229803,1
0.8450586264656773,1
0.9198305611409062,1
0.9198942382170047,1
1.0000000000000908,1
0.7322770607998709,1
0.7403988464329216,1
0.7332754825467631,1
0.7398435922382449,1
0.7398435922382449,1
0.7092402827644352,1
0.8966693853836166,1
0.8859909868311963,1
0.89593109133577,1
0.89593109133577,1
0.8500120811631783,1
0.8969177860918189,1
0.9070829450138641,1
0.9070829450138641,1
0.8602049200134022,1
0.8962124196644484,1
0.8962124196644484,1
0.8506974849810254,1
0.9063319217582958,1
0.8595902742242858,1
0.8595902742242858,1
0.6934952061780377,1
0.9532949289046483,1
0.4294589939275336,1
0.4346925551640396,1
0.42436107294301434,1
0.4294589939275336,1
0.4294589939275336,1
0.41939300276983055,1
0.42436107294301434,1
0.4145493587523661,1
0.8983406308064221,1
0.8732624193297785,1
0.8856104908735946,1
0.8856104908735946,1
0.8612781954886634,1
0.8732624193297785,1
0.8496408192270141,1
0.8856104908735946,1
0.8983406308064221,1
0.8983406308064221,1
0.8732624193297785,1
0.8856104908735946,1
0.8612781954886634,1
0.8732624193297785,1
0.8732624193297785,1
0.8496408192270141,1
0.8612781954886634,1
0.8383344042263975,1
0.9590163934426229,1
0.8856104908735946,1
0.8612781954886634,1
0.8732624193297785,1
0.8496408192270141,1
0.8612781954886634,1
0.8732624193297785,1
0.8496408192270141,1
0.8496408192270141,1
0.8273440828168396,1
0.8383344042263975,1
0.8381586045675238,1
0.7287267332147856,1
0.877665995975855,1
0.8930831945296748,1
0.9098041322980198,1
0.812051098397962,1
1.0,1
0.9641995672570941,1
0.9515072083879423,1
0.9328480006871966,1
0.959540147936904,1
0.954711984109468,1
0.9644174538911381,1
0.959540147936904,1
0.954711984109468,1
0.9499322226594954,1
0.9328480006871966,1
0.9282553191489361,1
0.9374864525079117,1
0.9328480006871966,1
0.9282553191489361,1
0.9237077325238215,1
0.954711984109468,1
0.9644174538911381,1
0.959540147936904,1
0.954711984109468,1
0.9499322226594954,1
0.959540147936904,1
0.954711984109468,1
0.9499322226594954,1
0.9452001386241553,1
0.9644174538911381,1
0.959540147936904,1
0.954711984109468,1
0.954711984109468,1
0.9499322226594954,1
0.9452001386241553,1
0.8231104858097912,1
0.9411149825783973,1
0.9303779482807615,1
0.9357155167461366,1
0.9465774333685569,1
0.9411149825783973,1
0.9357155167461366,1
0.9442538593481989,1
0.9495463777928234,1
0.9603119727853526,1
0.9548987411056375,1
0.9495463777928234,1
0.9390201851409777,1
0.9495463777928234,1
0.9442538593481989,1
0.9390201851409777,1
0.9548987411056375,1
0.9495463777928234,1
0.9442538593481989,1
0.9603119727853526,1
0.9548987411056375,1
0.9495463777928234,1
0.860325195166824,1
0.8512380581009943,1
0.8557573967410033,1
0.8649422400803616,1
0.860325195166824,1
0.8557573967410033,1
0.9436234263820471,1
0.9489725364383107,1
0.9598553549735853,1
0.9543828264758497,1
0.9489725364383107,1
0.9383344617467841,1
0.9489725364383107,1
0.9436234263820471,1
0.9383344617467841,1
0.9543828264758497,1
0.9489725364383107,1
0.9436234263820471,1
0.9598553549735853,1
0.9543828264758497,1
0.9489725364383107,1
0.8910414688192466,1
0.8805249473814535,1
0.8857518467509703,1
0.8963949542165589,1
0.8910414688192466,1
0.8857518467509703,1
0.9380554807433342,1
0.9439013590381143,1
0.9558151700087183,1
0.9498207885304659,1
0.9439013590381143,1
0.9322817876276995,1
0.9439013590381143,1
0.9380554807433342,1
0.9322817876276995,1
0.9498207885304659,1
0.9439013590381143,1
0.9380554807433342,1
0.9558151700087183,1
0.9498207885304659,1
0.9439013590381143,1
0.8897668393782383,1
0.879138968027857,1
0.8844208234616123,1
0.8951781970649896,1
0.8897668393782383,1
0.8844208234616123,1
0.9372759856630825,1
0.9431909328683521,1
0.9552484017286332,1
0.9491812535290797,1
0.9431909328683521,1
0.9314349943799176,1
0.9431909328683521,1
0.9372759856630825,1
0.9314349943799176,1
0.9491812535290797,1
0.9431909328683521,1
0.9372759856630825,1
0.9552484017286332,1
0.9491812535290797,1
0.9431909328683521,1
0.9690886955488909,1
0.9724280819188779,1
0.9657722873554174,1
0.9624786199481993,1
0.9690886955488909,1
0.9690886955488909,1
0.9592074592074593,1
0.9757906871835997,1
0.9690886955488909,1
0.9657722873554174,1
0.9724280819188779,1
0.9724280819188779,1
0.9624786199481993,1
0.9724280819188779,1
0.9690886955488909,1
0.9757906871835997,1
0.9757906871835997,1
0.9657722873554174,1
0.9624786199481993,1
0.9690886955488909,1
0.9690886955488909,1
0.9592074592074593,1
0.9657722873554174,1
0.9657722873554174,1
0.9559585742276102,1
0.9724280819188779,1
0.9624786199481993,1
0.9624786199481993,1
0.8668318194329908,1
0.8668318194329908,1
0.8573584905660528,1
0.8620689655172566,1
0.8716479359074373,1
0.8668318194329908,1
0.8620689655172566,1
0.8958644743398251,1
0.8008595246725152,1
0.8051893701611363,1
0.8095665961945181,1
0.8008595246725152,1
0.7965762902977954,1
0.8051893701611363,1
0.8051893701611363,1
0.9563281746873163,1
0.9460020768432132,1
0.9511369895349903,1
0.9615765657214922,1
0.9563281746873163,1
0.9511369895349903,1
0.8545345345345489,1
0.8883898495396508,1
0.8931343885472474,1
0.8979300863100691,1
0.8883898495396508,1
0.8836956521739276,1
0.8931343885472474,1
0.9358806331283542,1
0.9460020768432132,1
0.9511369895349903,1
0.9615765657214922,1
0.9563281746873163,1
0.9511369895349903,1
0.8545345345345489,1
0.8883898495396508,1
0.8931343885472474,1
0.8979300863100691,1
0.8883898495396508,1
0.8836956521739276,1
0.9358806331283542,1
0.8931343885472474,1
0.9409225234485568,1
0.9511369895349903,1
0.9460020768432132,1
0.9409225234485568,1
0.8457678626116187,1
0.8790509966980702,1
0.8836956521739276,1
0.8883898495396508,1
0.8790509966980702,1
0.9372275501307904,1
0.8836956521739276,1
0.8836956521739276,1
0.9563281746873163,1
0.9511369895349903,1
0.9460020768432132,1
0.8501284613188838,1
0.8836956521739276,1
0.8883898495396508,1
0.8931343885472474,1
0.936561264822149,1
0.8790509966980702,1
0.8883898495396508,1
0.8883898495396508,1
0.9615765657214922,1
0.9563281746873163,1
0.8589868012422504,1
0.8931343885472474,1
0.8979300863100691,1
0.9351851851852001,1
0.8931343885472474,1
0.8883898495396508,1
0.8979300863100691,1
0.8979300863100691,1
0.9511369895349903,1
0.8545345345345489,1
0.8883898495396508,1
0.9358806331283542,1
0.8979300863100691,1
0.8883898495396508,1
0.8836956521739276,1
0.8931343885472474,1
0.8931343885472474,1
0.8501284613188838,1
0.936561264822149,1
0.8883898495396508,1
0.8931343885472474,1
0.8836956521739276,1
0.8790509966980702,1
0.8883898495396508,1
0.8883898495396508,1
0.9137023593466563,1
0.9183444421539798,1
0.9230342275670814,1
0.9137023593466563,1
0.9091072511965622,1
0.9183444421539798,1
0.9183444421539798,1
0.953155080213918,1
0.9581413210445612,1
0.9482206740726935,1
0.9433372957602173,1
0.953155080213918,1
0.953155080213918,1
0.9631802205793382,1
0.953155080213918,1
0.9482206740726935,1
0.9581413210445612,1
0.9581413210445612,1
0.9581413210445612,1
0.953155080213918,1
0.9631802205793382,1
0.9631802205793382,1
0.9433372957602173,1
0.953155080213918,1
0.953155080213918,1
0.9482206740726935,1
0.9482206740726935,1
0.9581413210445612,1
0.9219981054042133,1
0.931541379066639,1
0.9267450541246678,1
0.9219981054042133,1
0.9172997711670424,1
0.9267450541246678,1
0.8971148490587001,1
0.9267450541246678,1
0.957764215828732,1
0.952734946404163,1
0.9477583586626139,1
0.9428336272780716,1
0.952734946404163,1
0.9129519450800915,1
0.952734946404163,1
0.9628470099058334,1
0.957764215828732,1
0.952734946404163,1
0.9628470099058334,1
0.9223590892123926,1
0.9628470099058334,1
0.952734946404163,1
0.9477583586626139,1
0.957764215828732,1
0.9176312931771446,1
0.957764215828732,1
0.9428336272780716,1
0.952734946404163,1
0.9129519450800915,1
0.952734946404163,1
0.9477583586626139,1
0.908320300990458,1
0.9477583586626139,1
0.9176312931771446,1
0.957764215828732,1
0.9176312931771446,1
1.0,1
0.0353847182596291,0
0.029136316337148804,0
0.07515737080952406,0
0.07515737080952406,0
0.22713681461123134,0
0.695882741164601,0
0.33043056707278184,0
0.02236331933832821,0
0.045813397129186605,0
0.5100728977548155,0
0.1055550847457596,0
0.07099016434737104,0
0.031074231523871804,0
0.6956567895009222,0
0.05034013605337197,0
0.024767328795662086,0
0.17374396286771623,0
0.0,0
0.03680767742738703,0
0.0,0
0.04114163152891857,0
0.031425364758698095,0
0.026800880780119538,0
0.2557511802277145,0
0.07772848269741967,0
0.18352594049668058,0
0.03721686961384956,0
0.19080344332855095,0
0.5165671998090169,0
0.05383445843215463,0
0.06573794170692684,0
0.3429565678482983,0
0.029743143207003758,0
0.8887519079488082,0
0.04691916534865304,0
0.058261022084026975,0
0.05263075644458484,0
0.030574918905861188,0
0.016192626034612488,0
0.0027799227799151036,0
1.0,0
0.0019723865877544298,0
0.009041591320072333,0
0.32987360443528585,0
0.09197860962566845,0
0.04229607250755287,0
0.18659606275103116,0
0.01488833746898263,0
0.3396174927113675,0
0.032432432432432434,0
0.5143840597899406,0
0.9019329896907217,0
0.0466051109568315,0
0.028318505015200533,0
0.1686338116032439,0
0.5342349957734572,0
0.6156629425225468,0
0.017238145024057478,0
0.10040983606557377,0
0.1552285258976066,0
0.03734194930208219,0
0.03509364840111661,0
0.016103244112537815,0
0.2929657671649518,0
0.061232961316639196,0
0.03804347826086957,0
0.012208722192863968,0
0.030348696500066833,0
0.10490058126873739,0
0.0,0
0.2975655904808859,0
0.04868053501593874,0
0.8965121834687052,0
0.021947024423804612,0
0.18574388727724825,0
0.0035530990919787255,0
0.05791505791505792,0
0.8822975802543765,0
0.08968609865470852,0
0.04597701149425287,0
0.2975655904808859,0
0.8870068974615959,0
0.0,0
0.8446824315958896,0
0.06564240330944167,0
0.02457580733442407,0
0.6682545869241985,0
0.23487607886610182,0
0.022273552219105756,0
0.002182453076320355,0
0.0013370970138115888,0
0.09886567873604038,0
0.37267976517688967,0
0.06221646143875567,0
0.0,0
0.03887194259660841,0
0.025568181818181816,0
0.8887519079488082,0
0.00157109190886157,0
0.05810118737609296,0
0.1098565761367104,0
0.8905069515127965,0
0.07511541115106443,0
0.04857312000078963,0
0.7029202485591938,0
0.03814713896457766,0
0.10066945934306855,0
0.020890452336031675,0
0.746130458817026,0
0.052577365163565495,0
0.12642197841781233,0
0.07511541115106443,0
0.27941985496374094,0
0.05236102809324086,0
0.2643405767969362,0
0.026617487689411943,0
0.8490312791783381,0
0.6731325665859468,0
0.05034013605337197,0
0.5366074237181503,0
0.5732525687620585,0
0.0,0
0.543853372983682,0
0.026637069922308545,0
0.17446373850868233,0
0.04833836858006042,0
0.06512874047361986,0
0.0,0
0.028326325728530406,0
0.0019723865877544298,0
0.033815073815073815,0
0.021660649819494584,0
0.6725640740328584,0
0.5143840597899406,0
0.01297134530732062,0
0.047398145039971154,0
0.6725640740328584,0
0.0013423819822463373,0
0.07842597625385132,0
0.0022857142852849275,0
0.03235512144069418,0
0.060585063495259266,0
0.07713220857874238,0
0.027657237517030392,0
0.5300897612622233,0
0.03313915857605178,0
0.0476190476190133,0
0.5329706724212795,0
0.056525519183831086,0
0.6841590612776961,0
0.03724687092417674,0
0.002202925278503664,0
0.19548706659328563,0
0.0,0
0.10767639169930983,0
0.09149171270718232,0
0.029345372460496615,0
0.8951372056813273,0
0.8924724526433081,0
0.02978413776376425,0
0.0007836222940483895,0
0.03718399065609476,0
0.052961852961848056,0
0.06245660867486704,0
0.12922772414750683,0
0.06996465040628655,0
0.008936550491510277,0
0.026881720430107524,0
0.0015197568384127439,0
0.0,0
0.1800323419812979,0
0.071540043980985,0
0.0554016620498615,0
0.0,0
0.037299813874007944,0
0.03596915616129811,0
0.06883855450747924,0
0.63975055964182,0
0.2616048639787512,0
0.5806615832198472,0
0.31206718968089403,0
0.4281786941580623,0
0.2875143184421535,0
0.04868053501593874,0
0.0781602071214181,0
0.07023620567380669,0
0.05172128613872872,0
0.63975055964182,0
0.5954778979024541,0
0.28319587271107816,0
0.0,0
0.05,0
0.03389830508474576,0
0.030862907491248034,0
0.0,0
0.07438576047528683,0
0.07854810052858678,0
0.12761792156482718,0
0.0,0
0.0034515819750642078,0
0.03178484107579462,0
0.84975585326155,0
0.04385466904979636,0
0.05228941804966317,0
0.11193544188468046,0
0.8396694214876033,0
0.030007870916961825,0
0.02864660770636651,0
0.035367326088975574,0
0.24312568796554562,0
0.9501074242062545,0
0.13852437989620536,0
0.5307552082365107,0
0.887174778083869,0
0,0
0.04172518474924779,0
0.03804347826086957,0
0.0027958993476157653,0
0.05957446808510638,0
0.1603147451248717,0
0.03194103194103194,0
0.09728977088006094,0
0.03704110750437026,0
0.03522115227680757,0
0.3614430294340866,0
0.17356016856563133,0
0.05230125523012031,0
0.29459064327485385,0
0.2661964584315911,0
0.9093224597157975,0
0.07554923010648892,0
0.23433119918526762,0
0.057971014492753624,0
0.18970362800204393,0
0.011695906432748537,0
0.17442508156282327,0
0.2486305742164939,0
0.9019329896907217,0
0.01007572707254987,0
0.6654008272212968,0
0.8815695357471304,0
0.84975585326155,0
0.17909066878139046,0
0.0033112582781374494,0
0.03461248731073528,0
0.03418803418803419,0
0.02944507361268403,0
0.0,0
0.037373608741053915,0
0.2448321042999924,0
0.5322996657699519,0
0.2267213930153409,0
0.0,0
0.02807487823809822,0
0.09580429430023729,0
0.24312568796554562,0
0.058186738836265225,0
0.24909646927995546,0
0.03428571428571429,0
0.6650868878356991,0
0.06882089591479747,0
0.05480066763345323,0
0.001890756302503535,0
0.1599229287090559,0
0.6576423099459532,0
0.0023105100012957907,0
0.9487625733754167,0
0.009017132551848512,0
0.029689615383008728,0
0.11871363196444147,0
0.11996441011661026,0
0.29338711081449675,0
0.23636002857369634,0
0.0017910281051557399,0
0.035634743875278395,0
0.08650738875402542,0
0.0747825055948257,0
0.053249811922427656,0
0.09169764560099132,0
0.0022160379289709476,0
0.049573926091841296,0
0.027689030883919063,0
0.05932203389830508,0
0.15257244234180958,0
0.028846375677710815,0
0.3528694659012324,0
0.06778036638367813,0
0.661928193912876,0
0.00332963374028195,0
0.0,0
0.01329910141205935,0
0.031074231523871804,0
0.04251207729468599,0
0.03708050577931156,0
0.03235512144069418,0
0.034904708097928436,0
0.6404923210253041,0
0.04906821064144678,0
0.0,0
0.0,0
0.829820359281437,0
0.013056667893153434,0
0.2952477249747219,0
0.5966903073286052,0
0.05264496711864517,0
0.0,0
0.291009373571102,0
0.001543525597848186,0
0.0819248409902947,0
0.6915208117145071,0
0.05444552739873831,0
0.22638256658595643,0
0.05480066763345323,0
0.0,0
0.0,0
0.02702702702702703,0
0.19010639124019568,0
0.019417475728155338,0
0.6358381665634233,0
0.17991004497751123,0
0.0357721727756135,0
0.08636823440764357,0
0.3504305311878949,0
0.03880233499107607,0
0.049573926091841296,0
0.05696035580604984,0
0.0,0
0.0,0
0.35288327236447997,0
0.04191930688624686,0
0.009606147934678195,0
0.041916167664670656,0
0.3286175289750745,0
0.6646090534979423,0
0.8985221674876848,0
0.07050644975510806,0
0.03743961352657005,0
0.1554401467586492,0
0.03919087364861929,0
0.0023665223649635674,0
0.31553009437597257,0
0.01882845188284519,0
0.9045441811834044,0
0.32987360443528585,0
0.003234501347701679,0
0.053488675982907206,0
0.26294485622667296,0
0.3429947706559063,0
0.04394697150099157,0
0.695882741164601,0
0.024387284639646643,0
0.03986687168981962,0
0.05118110236220473,0
0.09705075008605615,0
0.2557511802277145,0
0.059620596205962065,0
0.054119439554443725,0
0.6956567895009222,0
0.6433028574766776,0
0.020768451077150796,0
0.16945931786497598,0
0.5079444122523152,0
0.0,0
0.07605442881129469,0
0.6610031881819443,0
0.6583511667844975,0
0.0,0
0.03514536404901854,0
0.0,0
0.035837589522641024,0
0.054877548922977845,0
0.07519831808920616,0
0.518769028141701,0
0.5957989541349111,0
0.031212139472632596,0
0.5414163218804342,0
0.030357794815324378,0
0.02685397871654649,0
0.05216344726715349,0
0.0,0
0.04191252881492126,0
0.17846417846417845,0
0.8785546044694664,0
0.3481355042016048,0
0.25960468897065114,0
0.0,0
0.2637934073682355,0
0.259812356604392,0
0.07444677033492823,0
0.8396694214876033,0
0.6646090534979423,0
0.8939402931924743,0
0.10893984462266401,0
0.12091503267973856,0
0.6548127207518808,0
0.313228159457164,0
0.10545454545454547,0
0.029499305070654683,0
0.029583141971702982,0
0.0024732312704934295,0
0.02991615585146389,0
0.059801678108314264,0
0.0013477088948735854,0
0.07489009449373904,0
0.10214631848162606,0
0.8468080946329065,0
0.03055658627086013,0
0.002823795172223905,0
0.0021454623468218346,0
0.0586252653927744,0
0.12659871190222263,0
0.03965303593556382,0
1.000000000000177,1
1.0,1
0.8346921467200881,1
1.0,1
0.7931034482758621,1
0.9254628531879238,1
0.9346208362863125,1
0.9321674615792468,1
0.9346208362863125,1
0.9321674615792468,1
0.9278814633506618,1
0.9254628531879238,1
0.999999999999991,1
0.9278814633506618,1
0.9254628531879238,1
0.9346208362863125,1
0.9321674615792468,1
0.9346208362863125,1
0.9278814633506618,1
0.9254628531879238,1
0.9338028991965543,1
0.9400252945163062,1
0.9400252945163062,1
0.9338028991965543,1
0.8518969131351972,1
0.7311188824315596,1
0.7858987580470529,1
0.779846569829592,1
0.8972232239451544,1
0.8964348912687523,1
0.9999999999999702,1
0.8972232239451544,1
0.9673448389029338,1
0.9950854700854532,1
0.9108102075845134,1
0.9481961145777849,1
0.9164912781406321,1
0.9427333895416102,1
0.8575056775054594,1
0.9531326622229528,1
0.921100518653288,1
0.9476486653964177,1
0.8605613935753234,1
0.9531326622229528,1
0.921100518653288,1
0.9476486653964177,1
0.8605613935753234,1
0.9481961145777849,1
0.9164912781406321,1
0.9427333895416102,1
0.8575056775054594,1
0.9646300607225027,1
0.882354610088094,1
0.9164912781406321,1
0.9516260162602144,1
0.913354917497367,1
0.8301386560287416,1
0.921100518653288,1
0.9562506409599535,1
0.9179535470370231,1
0.8327375998949583,1
0.921100518653288,1
0.9562506409599535,1
0.9179535470370231,1
0.8327375998949583,1
0.9164912781406321,1
0.9516260162602144,1
0.913354917497367,1
0.8301386560287416,1
0.9099120935709962,1
0.9431318514788065,1
0.9136977396583678,1
0.9428018789710834,1
0.8566008350213323,1
0.9480488374706835,1
0.9182977916966172,1
0.9477199395283088,1
0.8596784550854564,1
0.9480488374706835,1
0.9182977916966172,1
0.9477199395283088,1
0.8596784550854564,1
0.9431318514788065,1
0.9136977396583678,1
0.9428018789710834,1
0.8566008350213323,1
0.8575056775054594,1
0.8301386560287415,1
0.8566008350213323,1
0.9497641097326569,1
0.8619116220798972,1
0.8342603575924374,1
0.8610057983701238,1
0.9532254915372964,1
0.8619116220798972,1
0.8342603575924374,1
0.8610057983701238,1
0.9532254915372964,1
0.8575056775054594,1
0.8301386560287415,1
0.8566008350213323,1
0.9497641097326569,1
0.9321674615792468,1
0.9350123282846073,1
0.9321674615792468,1
0.9350123282846073,1
0.9254628531879238,1
0.928310740354536,1
0.9254628531879238,1
0.9973661106233742,1
1.0,1
0.9321674615792468,1
0.9350123282846073,1
0.9321674615792468,1
0.9254628531879238,1
0.928310740354536,1
0.9400252945163062,1
0.9400252945163062,1
0.9338028991965543,1
0.7311188824315596,1
0.7858987580470529,1
0.779846569829592,1
0.8964348912687523,1
0.8972232239451544,1
0.9999999999999687,1
0.9665215995475456,1
0.9945609945607046,1
0.9085134747326125,1
0.9531326622229528,1
0.921100518653288,1
0.9476486653964177,1
0.8605613935753234,1
0.9531326622229528,1
0.921100518653288,1
0.9476486653964177,1
0.8605613935753234,1
0.9481961145777849,1
0.9164912781406321,1
0.9427333895416102,1
0.8575056775054594,1
0.9634102979182583,1
0.8794256792189179,1
0.921100518653288,1
0.9562506409599535,1
0.9179535470370231,1
0.8327375998949583,1
0.921100518653288,1
0.9562506409599535,1
0.9179535470370231,1
0.8327375998949583,1
0.9164912781406321,1
0.9516260162602144,1
0.913354917497367,1
0.8301386560287416,1
0.7942754450795154,1
0.9076313870791227,1
0.9476486653964177,1
0.9179535470370231,1
0.953090096798201,1
0.8596784550854564,1
0.9476486653964177,1
0.9179535470370231,1
0.953090096798201,1
0.8596784550854564,1
0.9427333895416102,1
0.913354917497367,1
0.9481494725549676,1
0.8566008350213323,1
0.8619116220798972,1
0.8342603575924374,1
0.8610057983701238,1
0.9532254915372964,1
0.8619116220798972,1
0.8342603575924374,1
0.8610057983701238,1
0.9532254915372964,1
0.8575056775054594,1
0.8301386560287415,1
0.8566008350213323,1
0.9497641097326569,1
0.9973342811445026,1
0.9414590347923589,1
0.9389701768589482,1
0.9346208362863125,1
0.9321674615792468,1
0.9346208362863125,1
0.9346208362863125,1
0.9321674615792468,1
0.9999999999999907,1
0.9973342811445026,1
0.9414590347923589,1
0.9346208362863125,1
0.9321674615792468,1
0.9389701768589482,1
0.9418116912092817,1
0.9321674615792468,1
0.9350123282846073,1
0.9321674615792468,1
0.9321674615792468,1
0.9350123282846073,1
0.9973342811445026,1
1.0,1
0.9389701768589482,1
0.9321674615792468,1
0.9350123282846073,1
0.9463312368650435,1
0.9400252945163062,1
0.8055928411633111,1
0.8152344302901627,1
0.9661873753780638,1
0.9945141065827796,1
0.9062357959886788,1
0.9581211090927088,1
0.9257565844176118,1
0.952615700946888,1
0.8650071833314947,1
0.9531326622229528,1
0.921100518653288,1
0.9476486653964177,1
0.8619116220798972,1
0.9630503472222163,1
0.8767183008213266,1
0.9257565844176118,1
0.9609206822322097,1
0.9225989583333275,1
0.8368942476081519,1
0.921100518653288,1
0.9562506409599535,1
0.9179535470370231,1
0.8342603575924376,1
0.9053708247000506,1
0.952615700946888,1
0.9225989583333275,1
0.9580827410242273,1
0.8641234983463412,1
0.9476486653964177,1
0.9179535470370231,1
0.953090096798201,1
0.8610057983701238,1
0.8650071833314947,1
0.8368942476081519,1
0.8641234983463412,1
0.9594017094017069,1
0.8605613935753234,1
0.8327375998949583,1
0.8596784550854564,1
0.9532254915372961,1
0.9973342811445026,1
0.9346208362863125,1
0.9321674615792468,1
0.9346208362863125,1
0.9346208362863125,1
0.9321674615792468,1
0.9414590347923589,1
0.9389701768589482,1
0.9999999999999907,1
0.9346208362863125,1
0.9321674615792468,1
0.9400252945163062,1
0.9321674615792468,1
0.9350123282846073,1
0.9321674615792468,1
0.9321674615792468,1
0.9350123282846073,1
0.9389701768589482,1
0.9418116912092817,1
0.9973342811445026,1
0.9321674615792468,1
0.9350123282846073,1
0.865217181944785,1
0.9661873753780638,1
0.9945141065827796,1
0.9062357959886788,1
0.9531326622229528,1
0.921100518653288,1
0.9476486653964177,1
0.8619116220798972,1
0.9630503472222163,1
0.8767183008213266,1
0.921100518653288,1
0.9562506409599535,1
0.9179535470370231,1
0.8342603575924376,1
0.9053708247000506,1
0.9476486653964177,1
0.9179535470370231,1
0.953090096798201,1
0.8610057983701238,1
0.8605613935753234,1
0.8327375998949583,1
0.8596784550854564,1
0.9532254915372961,1
0.9973661106233742,1
0.9278814633506618,1
0.9278814633506618,1
0.9254628531879238,1
0.9346208362863125,1
0.9321674615792468,1
0.9346208362863125,1
0.9999999999999908,1
0.9973661106233742,1
0.9254628531879238,1
0.9254628531879238,1
0.928310740354536,1
0.9321674615792468,1
0.9350123282846073,1
0.9321674615792468,1
0.9973661106233742,1
1.0,1
0.8964348912687565,1
0.8964348912687565,1
0.9665215995475456,1
0.9945609945607046,1
0.9085134747326125,1
0.9634102979182583,1
0.8794256792189179,1
0.9076313870791227,1
1.0,1
1.0,1
1.0,1
1.0,1
1.0,1
1.0,1
0.9278814633506618,1
0.9254628531879238,1
0.9346208362863125,1
0.9321674615792468,1
0.9346208362863125,1
0.9278814633506618,1
0.9254628531879238,1
0.8972232239451544,1
0.9973661106233742,1
0.9346208362863125,1
0.9321674615792468,1
0.9346208362863125,1
0.9278814633506618,1
0.9254628531879238,1
0.9321674615792468,1
0.9350123282846073,1
0.9321674615792468,1
0.9254628531879238,1
0.928310740354536,1
0.9973342811445026,1
0.9414590347923589,1
0.9346208362863125,1
0.9321674615792468,1
0.9389701768589482,1
0.9321674615792468,1
0.9350123282846073,1
0.9346208362863125,1
0.9321674615792468,1
0.9973661106233742,1
1.0,1
0.04438996394478664,0
0.039886039886039885,0
0.14120855262843857,0
0.0,0
0.07084785133565621,0
0.030793733123250094,0
0.06571596639638415,0
0.037754525799476225,0
0.0917851980391989,0
0.0,0
0.028142861793626253,0
0.05148981829998245,0
0.06344964556639111,0
0.14212308638655238,0
0.22851000141944428,0
0.06028405515711796,0
0.011088011088011088,0
0.07825452346861217,0
0.15683750590454124,0
0.035897435897435895,0
0.031018206338503034,0
0.026578073089700994,0
0.024340892092414704,0
0.07333333333333333,0
0.05859066399427485,0
0.09935897435955657,0
0.07308970099667775,0
0.043483085540713416,0
0.0,0
0.07825452346861217,0
0.03598819137757155,0
0.6200361245942597,0
0.0,0
0.07407407407407407,0
0.0,0
0.09505614472867617,0
0.14212308638655238,0
0.09001250327043217,0
0.0470699039169945,0
0.0,0
0.07228915662650602,0
0.07825452346861217,0
0.06574394463725845,0
0.06713894159812059,0
0.05906593828376331,0
0.09427097724974269,0
0.06898580599085606,0
0.06598984771573604,0
0.0,0
0.0522171440639891,0
0.08895692632867726,0
0.08092485549132948,0
0.02779708130646282,0
0.06801228609039052,0
0.024407753050969132,0
0.04098548262887355,0
0.1438615798483696,0
0.06818571076902244,0
0.06393262163155419,0
0.031018206338503034,0
0.0648264029574559,0
0.09817738918670871,0
0.44230707855781215,0
0.08888721997979587,0
0.08888721997979587,0
0.14349748982257382,0
0.15073030372227164,0
0.03943281943465658,0
0.024311200536526092,0
0.06058450701097429,0
0.09460830615353204,0
0.09141654042683164,0
0.06419131529263689,0
0.04459837296699633,0
0.0,0
0.0,0
0.630944344731861,0
0.07800189075752646,0
0.031018206338503034,0
0.07814165140820534,0
0.028846153846153848,0
0.10041863191043755,0
0.024340892092414704,0
0.10000827883064312,0
0.041666666666666664,0
0.024255052641238194,0
0.0,0
0.0,0
0.04,0
0.060994780858999655,0
0.03988931222000997,0
0.07932011331444759,0
0.06600189933581493,0
0.04039433967358802,0
0.08855247850720978,0
0.08637293793860017,0
0.08092485549132948,0
0.06560332390787646,0
0.08648553028015236,0
0.1404418774431583,0
0.4483721318207427,0
0.10041863191043755,0
0.06714473190850864,0
0.09215686274519659,0
0.054453122634937595,0
0.0982157449518399,0
0.0,0
0.07333333333333333,0
0.1438615798483696,0
0.02779708130646282,0
0.06778192046048907,0
0.0,0
0.44641794352088177,0
0.041791044776119404,0
0.039886039886039885,0
0.04039433967358802,0
0.0,0
0.7462780392814012,0
0.024255052641238194,0
0.0273972602739726,0
0.031018206338503034,0
0.026058631921824105,0
0.08294287333617478,0
0.08435740299922292,0
0.03721436861580167,0
0.09988846273128521,0
0.0242846783264174,0
0.03995246110427561,0
0.0,0
0.05435112189205579,0
0.06560307341037964,0
0.12602718131394883,0
0.06481507862883644,0
0.07954545454545453,0
0.0,0
0.011228070175438596,0
0.06598984771573604,0
0.10834609295457237,0
0.2309757948506559,0
0.0,0
0.06036077848942867,0
0.06825938566552901,0
0.03598615916955018,0
0.0,0
0.07333333333333333,0
0.05467720685111666,0
0.0,0
0.13296561843387575,0
0.04049689748635139,0
0.048322084739404775,0
0.0,0
0.024311200536526092,0
0.4438155304702754,0
0.08884959434158196,0
0.0,0
0.07814165140820534,0
0.0,0
0.035961272475795295,0
0.03606571123242204,0
0.0967741935483871,0
0.03598615916955018,0
0.06861644001942752,0
0.0,0
0.02450719822811289,0
0.07602339181286549,0
0.10092719986138626,0
0.14212308638655238,0
0.027777777777777773,0
0.06714473190850864,0
0.0650887573964497,0
0.03954802259887006,0
0.07999999999999999,0
0.07084785133565621,0
0.03606571123242204,0
0.04412982906872797,0
0.09767061354976847,0
0.1431933093324647,0
0.10769824311549198,0
0.06356890574390504,0
0.0663265306122449,0
0.10119368220205119,0
0.011088011088011088,0
0.2309219857958907,0
0.06419131529263689,0
0.7549486743585317,0
0.0,0
0.06066216815014135,0
0.06777356584507035,0
0.044786960718449544,0
0.04437526247695771,0
0.04850353986575366,0
0.4420973997889191,0
0.0,0
0.08884959434158196,0
0.03608247422680412,0
0.03608247422680412,0
0.0,0
0.06530321530321256,0
0.0,0
0.008633093525179856,0
0.04728489814759024,0
0.03830119900025253,0
0.09019793851970412,0
0.15073030372227164,0
0.04474314224861766,0
0.02450719822811289,0
0.011228070175438596,0
0.14349748982257382,0
0.039886039886039885,0
0.08929415073716104,0
0.0,0
0.08855247850720978,0
0.08721544578491315,0
0.09817738918670871,0
0.10092719986138626,0
0.03608247422680412,0
0.0242846783264174,0
0.0,0
0.06697246737023249,0
0.09433603312108671,0
0.025737292742593097,0
0.07999999999999999,0
0.08847970211606254,0
0.08092485549132948,0
0.040305182846616515,0
0.1079449850652719,0
0.08069164265129683,0
0.0,0
0.03897501100298227,0
0.6307898191812146,0
0.04263289731653588,0
0.7244701348747592,0
0.10089989716972347,0
0.09466192170822726,0
0.4438155304702754,0
0.035897435897435895,0
0.044411372740490875,0
0.02413467543970103,0
0.0196078431372549,0
0.09427097724974269,0
0.05934981331416255,0
0.10000827883064312,0
0.44230707855781215,0
0.07250755287009064,0
0.10721266415088532,0
0.035684069774180156,0
0.6237011967032304,0
0.031060094530722483,0
0.035897435897435895,0
0.027852900910083474,0
0.15683750590454124,0
0.025737292742593097,0
0.07105416423995341,0
0.0784718955696526,0
0.07236842105263158,0
0.024255052641238194,0
0.084123075118917,0
0.22851000141944428,0
0.0995898420759488,0
0.08346340758825535,0
0.0784718955696526,0
0.037754525799476205,0
0.03598819137757155,0
0.09215686274519659,0
0.0,0
0.02413467543970103,0
0.0925315717282273,0
0.031060094530722483,0
0.06560307341037964,0
0.01127554615926709,0
0.046279295041632626,0
0.228467528979396,0
0.06598984771573604,0
0.07228915662650602,0
0.06560332390787646,0
0.0917851980391989,0
0.09019793851970412,0
0.035684069774180156,0
0.038810411176783015,0
0.06516824727148496,0
0.15073030372227164,0
0.0,0
0.7206204470699014,0
0.11766875152052561,0
0.027777777777777776,0
0.00880410858400587,0
0.0,0
0.046279295041632626,0
0.038359607338677486,0
0.06598984771573604,0
0.06058450701097429,0
0.06951026856240126,0
0.06036077848942867,0
0.0,0
0.08884959434158196,0
0.03598819137757155,0
0.08847970211606254,0
0.7505375219362789,0
0.07105416423995341,0
0.44402311781703707,0
0.6236453792520306,0
0.06380544337079935,0
0.03560895656133838,0
0.043483085540713416,0
0.03219575016097875,0
0.0,0
0.22851000141944428,0
0.08922261237132677,0
0.4438155304702754,0
0.7505375219362789,0
0.07428131226924617,0
0.44641794352088177,0
0.03897501100298227,0
0.04699837199836926,0
0.30046757634525323,0
0.16985428051001905,0
0.0650887573964497,0
0.0736196319018405,0
0.026143790849673203,0
0.03608247422680412,0
0.04196760354908844,0
0.0755813953488372,0
0.00880410858400587,0
0.03608247422680412,0
0.5983370824907843,0
0.09215686274519659,0
0.6237011967032304,0
0.1297949735450147,0
0.09466192170822726,0
0.0,0
0.10797946734038885,0
0.4420973997889191,0
0.10119368220209922,0
0.6236453792520306,0
0.03560895656133838,0
0.724579440094258,0
0.05683635421789423,0
0.11067246551150318,0
0.011088011088011088,0
0.09466192170822726,0
0.7505375219362789,0
0.02456338191070359,0
0.03897501100298227,0
0.1444730650831928,0
0.0,0
0.0,0
0.0,0
0.09298451004106793,0
0.0,0
0.060994780858999655,0
0.08858090816405942,0
0.09817738918670871,0
0.4438155304702754,0
