0.9079893477067996,1
0.896000119928211,1
0.8845585227469049,1
0.8845585227469049,1
0.9028218038234002,1
0.9097754935232176,1
0.8893065881991227,1
0.860070855171729,1
0.8893065881991227,1
0.896000119928211,1
0.8845585227469049,1
0.8845585227469049,1
0.9028218038234002,1
0.9097754935232176,1
0.8893065881991227,1
0.860070855171729,1
0.8893065881991227,1
0.8742076494772133,1
0.8742076494772133,1
0.9133917865919395,1
0.9204941523412725,1
0.8995903840661579,1
0.8700199214107882,1
0.8995903840661579,1
0.8791286600856092,1
0.8806012899883584,1
0.8871168341237846,1
0.867932396901148,1
0.8440424453170065,1
0.867932396901148,1
0.8806012899883584,1
0.8871168341237846,1
0.867932396901148,1
0.8440424453170065,1
0.867932396901148,1
0.9277364538998212,1
0.9064251942212245,1
0.8764035728468766,1
0.9064251942212245,1
0.9133917865919763,1
0.8829064160285522,1
0.9133917865919763,1
0.8637521384113506,1
0.8928835270190068,1
0.8637521384113493,1
0.8537110374283784,1
0.8306107129823164,1
0.8362520857399564,1
0.8803784529068388,1
0.7993326730795116,1
0.8718589195791462,1
0.8784820334552246,1
0.8850764256062152,1
0.8917985826719673,1
0.8720116092937322,1
0.8917985826719673,1
0.8811714004053034,1
0.8422169811310624,1
0.8697422851286443,1
0.8300846775472018,1
0.836348612918357,1
0.8427372555979595,1
0.8239415831491015,1
0.8427372555979595,1
0.8324244480130951,1
0.8257343032640221,1
0.7867098030223676,1
0.7928698754087402,1
0.7991588293339262,1
0.780674406603729,1
0.7991588293339262,1
0.78898774720923,1
0.8588399993056645,1
0.8654658385085022,1
0.8722242978443571,1
0.8523426517789124,1
0.8722242978443571,1
0.8614784827686143,1
0.9160480045855862,1
0.9229430927682095,1
0.9026427570481643,1
0.9229430927682095,1
0.9119578528643447,1
0.9299717617822697,1
0.9092825012320062,1
0.9299717617822697,1
0.91881313665866,1
0.916048004585584,1
0.9371381886080791,1
0.9258015100113458,1
0.9160480045821309,1
0.9052316539645997,1
0.9267156597853333,1
0.7723478839502377,1
0.9523809523809522,1
0.9740259740259739,1
0.7843909177242512,1
0.7778992926284438,1
0.8299918071161049,1
0.8804688826563771,1
0.887538377289647,1
0.6927930329770067,1
0.9005540351559912,1
0.8471956248032317,1
0.8039578189918646,1
0.8305285485698715,1
0.8371910394781811,1
0.8146501383452012,1
0.78,1
0.8932038834951457,1
0.6732673267326734,1
0.6732673267326734,1
0.8888888888888888,1
0.7843137254901961,1
0.720802196403571,1
0.7073172929613528,1
0.7121787025784067,1
0.952652717781287,1
0.7093023255813954,1
0.7039106145251397,1
0.64,1
0.64,1
0.7368421052631579,1
0.6966292134831461,1
0.7175071613726998,1
0.9802761341226566,1
0.9523809523809522,1
0.5696652744845516,1
0.6799916361511283,1
0.6799916361511283,1
0.583064949006978,1
0.7214764661629544,1
0.7214764661629544,1
0.6927891156462584,1
0.6020182349296274,1
0.592387482419128,1
0.574035633973361,1
0.61975576865448,1
0.61975576865448,1
0.6715902410346855,1
0.544661733615222,1
0.544661733615222,1
0.6302510716472749,1
0.6918377278095272,1
0.6815625000000001,1
0.6619075946857029,1
0.7526964560862865,1
0.7363017624427053,1
0.7137260856361981,1
0.7137260856361981,1
0.8204564915126118,1
0.7580444476195579,1
0.7298768155911013,1
0.725898518514852,1
0.6358713326263697,1
0.6443571950328707,1
0.6443571950328707,1
0.7683665611363053,1
0.6584464400861865,1
0.6469594594594594,1
0.6251611170784103,1
0.6576399318385681,1
0.6576399318385681,1
0.747012288853293,1
0.8627969385162602,1
0.8329547686317083,1
0.8288014511952072,1
0.7425546637945012,1
0.7238660513878447,1
0.6749183204742486,1
0.652489702615859,1
0.6493332683021997,1
0.7238660513878447,1
0.6749183204742486,1
0.652489702615859,1
0.6493332683021997,1
0.7694135577647885,1
0.74040988178761,1
0.7363017624427053,1
0.8555728981260897,1
0.851154945573436,1
0.822095707031851,1
0.0,0
0.03856805010309629,0
0.47192956196626085,0
0.06727454419511582,0
0.0,0
0.4242766880494589,0
0.2776873884256435,0
0.0,0
0.04574269626236018,0
0.06106870229007634,0
0.09523809523809523,0
0.5889117915136053,0
0.0,0
0.4089456446948302,0
0.6279325874561666,0
0.04108025865348041,0
0.06584362139917696,0
0.0,0
0.04185834473040739,0
0.15539771442004743,0
0.5090180045136957,0
0.0,0
0.0,0
0.034039644565960356,0
0.05604328793774319,0
0.030012771392081736,0
0.245596936997898,0
0.03305785123966942,0
0.03557295249466167,0
0.017723622265300474,0
0.06934999532949677,0
0.05115550053487794,0
0.05673758865248227,0
0.21971936544839113,0
0.06635071090047394,0
0.0,0
0.0,0
0.5937531112814346,0
0.4273705409150133,0
0.043478260869565216,0
0.0,0
0.30131365513741937,0
0.04305528799845887,0
0.5544256973785041,0
0.0,0
0.5549400687674118,0
0.30596805827845147,0
0.04267038001803167,0
0.6043682345052208,0
0.30926542174678046,0
0.41270228754060884,0
0.03837712343092292,0
0.06343573489802642,0
0.09769230769230769,0
0.42802282139650727,0
0.037574790661314805,0
0.0,0
0.19243130369601588,0
0.04648986495187891,0
0.04698174857256015,0
0.0,0
0.0,0
0.22528940800933858,0
0.0,0
0.028490886455865266,0
0.06694560669456066,0
0.0,0
0.0,0
0.0,0
0.08433734939759036,0
0.017241379310344827,0
0.0,0
0.0,0
0.0,0
0.27545491136829103,0
0.04289544235924933,0
0.0,0
0.46700908174983974,0
0.20649443074084015,0
0.04646235950513462,0
0.4404766836222977,0
0.0,0
0.0273972602739726,0
0.4565642045461371,0
0.08994220776067213,0
0.07485566061417455,0
0.0,0
0.0,0
0.5477356176220033,0
0.05073105362655243,0
0.6093557378532785,0
0.060606060606060615,0
0.040448554003541214,0
0.0625,0
0.0,0
0.1696022254364819,0
0.029411764705882353,0
0.06201550387596899,0
0.09900990099009901,0
0.030100627978188764,0
0.0,0
0.6037236877542942,0
0.06994150295242063,0
0.10521997743821146,0
0.0,0
0.30630650551200955,0
0.4852754104725053,0
0.09345794392523364,0
0.0,0
0.10644199068501753,0
0.0,0
0.053596695421972707,0
0.05396112231799011,0
0.06980827453320987,0
0.0,0
0.39829001705103423,0
0.0665680473372781,0
0.0,0
0.11145510835913312,0
0.03603123334065038,0
0.0,0
0.0,0
0.0625,0
0.5409668880226373,0
0.0982247737199994,0
0.038445439294438694,0
0.0,0
0.0,0
0.0,0
0.4214777428399395,0
0.03361344537815126,0
0.039119804400977995,0
0.10644199068501753,0
0.5460932853724247,0
0.13333333333333333,0
0.04032780933181336,0
0.29077969184539393,0
0.037863568870643724,0
0.02855193866135502,0
0.19326241134751773,0
0.0374934705643367,0
0.07194244604316546,0
0.21409295352213287,0
0.6257030777172882,0
0.04632228234290327,0
0.05433494195398958,0
0.2776873884256435,0
0.0,0
0.060411799233487176,0
0.03950195024557088,0
0.0,0
0.05328961116201315,0
0.0,0
0.3010258914115082,0
0.2806679888746758,0
0.5361436522661013,0
0.13877727802765286,0
0.0439446244892208,0
0.5754584048652082,0
0.4919718178146931,0
0.13636363636363635,0
0.04967847686294288,0
0.04948389018854024,0
0.05140027651578721,0
0.0,0
0.4404766836222977,0
0.060411799233487176,0
0.0,0
0.0,0
0.053482587064676616,0
0.03622569938359412,0
0.4070529711124503,0
0.0,0
0.18509803921568627,0
0.0,0
0.7214764661629544,0
0.015065913370998116,0
0.08709059351261186,0
0.24392430959484424,0
0.1506294162677911,0
0.027972027972027972,0
0.04952004284596053,0
0.7857142857142857,1
1.0,1
0.7509077705156136,1
1.0,1
0.9222797927461139,1
0.896551724137931,1
0.8202764976958525,1
0,1
0.653846153846154,1
0.9017083848861022,1
0.9800123685837971,1
0.9535702569710225,1
0.7664262697560227,1
1.0,1
0.8867924528301887,1
0.9038461538461539,1
0.6470588235294118,1
0.896551724137931,1
1.0,1
1.0,1
1.0,1
1.0,1
1.0,1
1.0,1
1.0,1
1.0,1
1.0,1
1.0,1
1.0,1
0.8004324157379602,1
1.0,1
1.0,1
0.9704225352112675,1
1.0,1
0.895104895104895,1
0.9026617071639051,1
0.8028169014084507,1
0.8028169014084509,1
0.9171974522292994,1
0.8936170212765957,1
1.0,1
1.0,1
0.6666666666666666,1
0.8187042200826596,1
0.8437614092734574,1
0.6528627450980391,1
0.6905639085266686,1
0.7831027756939235,1
0.6562737046284641,1
0.882866040073191,1
0.7058823529411764,1
0.7509077705156136,1
0.8735632183908046,1
0.8863636363636364,1
0.8863636363636364,1
0.7640449438202247,1
0.7640449438202247,1
0.7640449438202247,1
0.8888888888888888,1
1.0,1
0.8791208791208791,1
0.8791208791208791,1
1.0,1
1.0,1
1.0,1
1.0,1
1.0,1
1.0,1
1.0,1
1.0,1
1.0,1
1.0,1
1.0,1
0.8130081300813008,1
0.8083333333333333,1
0.6635071090047393,1
0.8125876185495644,1
0.9999999999998559,1
0.8854585312396358,1
0.9999999999999426,1
0.8663682864449613,1
0.9565217391304348,1
0.6352941176470588,1
0.6966292134831461,1
0.7840685175595479,1
1.0,1
1.0,1
0.8801840633737186,1
0.8715468853180718,1
0.8880771478667446,1
0.963702302740967,1
0.9441624365482234,1
1.0,1
1.0,1
0.5860811293865518,1
0.8546178621855929,1
0.8058097312994328,1
0.9412709225415576,1
0.8592450179353684,1
0.7650242182860081,1
0.6881650986392577,1
0.9255220459508995,1
0.6621707794804396,1
0.6162646857629361,1
0.9095722301797083,1
0.6621707794804371,1
0.5772012371333866,1
0.8592450179348987,1
0.728632379116748,1
0.5916189999514222,1
0.5772012371333866,1
0.6587126639377796,1
0.9405594405626039,1
0.6348034447608518,1
0.6823547582266584,1
0.9109447599404441,1
1.000000000001586,1
1.000000000001586,1
0.9109447599404441,1
0.764256847777279,1
0.5907811848393014,1
0.5559916274201988,1
0.6192885192871994,1
0.5835650785483562,1
0.9334311388228773,1
0.9109447599404441,1
0.9109447599404441,1
1.0000000000006513,1
0.8141592920353983,1
1.0,1
0.8928571428571429,1
0.928,1
0.8141592920353983,1
0.6805138606955866,1
0.6586878400071254,1
0.6805138606955866,1
0.6510795054335096,1
0.6728830624339474,1
0.6883221161102294,1
0.6805138606955866,1
0.6704853717613881,1
0.6785921589070265,1
0.3813393898006025,1
0.3276085736142977,1
0.8141592920353983,1
0.9278080814602905,1
0.9186652542371079,1
0.8438393367646685,1
0.8886047463159181,1
0.8323285334608039,1
0.8764089222747361,1
0.9011460151894031,1
0.8886047463159181,1
0.8585335866943242,1
0.8707849027272428,1
0.535183609614285,1
0.45807192267232216,1
0.9540308747860101,1
0.9097756686381999,1
0.8323285334608033,1
0.8556883822945789,1
0.8438393367646676,1
0.6367444784764745,1
0.6453525439505462,1
0.45807192267232233,1
0.6432917612909238,1
0.8323285334608039,1
0.8764089222747361,1
0.9011460151894031,1
0.8886047463159181,1
0.8585335866943242,1
0.8707849027272428,1
0.535183609614285,1
0.45807192267232216,1
0.9550264550268865,1
0.8438393367646676,1
0.8323285334608033,1
0.6283786492854825,1
0.6367444784764975,1
0.45187036428121796,1
0.6382892766527463,1
0.8141592920353983,1
0.9108910891089109,1
0.8947368421052632,1
1.0,1
0.8886047463159181,1
0.8764089222747361,1
0.8466343826151814,1
0.8585335866939011,1
0.5271986136627232,1
0.4518703642812174,1
0.9016393442622951,1
0.88,1
0.9016393442622951,1
0.9016393442622951,1
0.8943089430894309,1
0.9090909090909091,1
1.0,1
0.9016393442622951,1
0.88,1
0.9016393442622951,1
0.9016393442622951,1
0.8943089430894309,1
0.9090909090909091,1
0.9278080814602905,1
1.0,1
0.9011460151894031,1
0.8707849027276656,1
0.8834047499369152,1
0.5434097816802129,1
0.4644543317845272,1
0.8585335866943242,1
0.8707849027272428,1
0.4773559673083492,1
0.5467909381089089,1
0.912863070539419,1
1.0,1
0.912863070539419,1
0.915032679738562,1
1.0,1
0.915032679738562,1
0.9114753624618155,1
0.912863070539419,1
1.0,1
0.915032679738562,1
1.0,1
0.884131345001453,1
0.45496014751341185,1
0.35109870836591606,1
0.8943089430894309,1
0.9166666666666666,1
0.9166666666666666,1
0.9090909090909091,1
0.9243697478991597,1
0.9016393442622951,1
1.0,1
0.8943089430894309,1
0.9166666666666666,1
0.9166666666666666,1
0.9090909090909091,1
0.9243697478991597,1
0.8943089430894309,1
0.8943089430894309,1
0.8870967741935484,1
0.9016393442622951,1
0.88,1
0.8943089430894309,1
1.0,1
0.8943089430894309,1
0.8943089430894309,1
0.8870967741935484,1
0.9016393442622951,1
0.9166666666666666,1
0.9090909090909091,1
0.9243697478991597,1
0.9016393442622951,1
0.9166666666666666,1
0.8943089430894309,1
1.0,1
0.9166666666666666,1
0.9090909090909091,1
0.9243697478991597,1
0.4613588911531343,1
0.35551743257349966,1
1.000000000001586,1
0.9109447599404441,1
0.9090909090909091,1
0.9243697478991597,1
0.9016393442622951,1
0.9166666666666666,1
0.8943089430894309,1
0.9166666666666666,1
1.0,1
0.9090909090909091,1
0.9243697478991597,1
0.9166666666666666,1
0.8943089430894309,1
0.9090909090909091,1
0.8870967741935484,1
0.9090909090909091,1
0.9090909090909091,1
1.0,1
0.9166666666666666,1
0.9090909090909091,1
0.9243697478991597,1
0.9016393442622951,1
0.9243697478991597,1
0.9243697478991597,1
0.9166666666666666,1
1.0,1
1.0,1
0.3937007874015748,1
0.787325696416512,1
0.804396019055705,1
1.0,1
0.3937007874015748,1
0.6851851851851852,1
0.5102040816326531,1
0.3937007874015748,1
1.0,1
0.903225806451613,1
1.0,1
0.903225806451613,1
0.9228372371183157,1
0.6881650986392578,1
0.938972861562928,1
0.8932277313692855,1
0.7628903431515791,1
0.8537047111337944,1
0.9781464993963037,1
0.903225806451613,1
1.0,1
0.5772012371333891,1
0.6981820460964393,1
0.7730119880170233,1
0.9007633587786259,1
0.8612254929004433,1
0.932144910868206,1
0.9178082191780822,1
0.8676470588235294,1
0.742792538157151,1
0.9197628458496923,1
0.787325696416512,1
0.6851851851851852,1
0.804396019055705,1
0.5102040816326531,1
0.8994047619049039,1
0.9106900196287652,1
0.7524752475247525,1
0.9168073306026719,1
0.9436227660098696,1
0.9474750662265624,1
1.0,1
0.8225957049486462,1
0.9681377392316615,1
1.0000000000001417,1
0.8776079929473993,1
0.9530201342281879,1
1.0000000000002525,1
1.0,1
0.8928571428571429,1
0.928,1
0.8141592920353983,1
0.8141592920353983,1
0.9108910891089109,1
0.8947368421052632,1
0.9016393442622951,1
0.88,1
0.9016393442622951,1
0.9016393442622951,1
0.8943089430894309,1
0.9090909090909091,1
0.912863070539419,1
0.915032679738562,1
0.8943089430894309,1
0.9166666666666666,1
0.9166666666666666,1
0.9090909090909091,1
0.9243697478991597,1
0.8943089430894309,1
0.8943089430894309,1
0.8870967741935484,1
0.9016393442622951,1
0.9166666666666666,1
0.9090909090909091,1
0.9243697478991597,1
0.9090909090909091,1
0.9243697478991597,1
0.9166666666666666,1
0.3937007874015748,1
0.903225806451613,1
0.9178082191780822,1
0.0,0
0,0
0.10294117647058824,0
0.0,0
0.0,0
0.0,0
0.3220338983050847,0
0.0,0
0,0
0.34710743801652894,0
0.056179775280898875,0
0.0,0
0.0,0
0.10631229235880399,0
0.0,0
0,0
0.8947368421052632,0
0,0
0.0,0
0.03636363636363636,0
0.0,0
0.0,0
0.13913328208194528,0
0.0,0
0.17028726879133607,0
0.16666666666666666,0
0,0
0.10606060606060606,0
0.0,0
0,0
0.0,0
0.0,0
0.42990654205607476,0
0.0,0
0,0
0.0,0
0.0,0
0.0,0
0.06976744186046512,0
0.2481751824817518,0
0,0
0.0,0
0.34177215189873417,0
0.09574468085106383,0
0,0
0.10638297872340426,0
0.0,0
0.0,0
0.0,0
0.0,0
0.18285714285714288,0
0.06153846153846154,0
0.4067796610169491,0
0.11851851851704895,0
0.0,0
0.0,0
0.6721311475409836,0
0.0,0
0.30434782608695654,0
0.0,0
0,0
0.0,0
0.0,0
0.0,0
0.072992700729927,0
0.0,0
0.0,0
0.0,0
0.36276691729323307,0
0.0,0
0.06857142857142857,0
0.0,0
0.08064516129032258,0
0.0,0
0,0
0.0,0
0.020262701254200804,0
0,0
0,0
0,0
0.03692816115275469,0
0.0,0
0.0,0
0.0,0
0.08620689655172414,0
0.6010928961748634,0
0.0,0
0.14736842105263157,0
0.0,0
0,0
0.0,0
0,0
0,0
0.0,0
0,0
0,0
0.0,0
0.0,0
0.0,0
0.0,0
0.0,0
0.6307692307692307,0
0.05181347150259067,0
0,0
0.12173913043478261,0
0,0
0.0,0
0.0,0
0,0
0.17028726879133607,0
0.7166666666666667,0
0.06666666666666667,0
0,0
0.3056768558951965,0
0.07246376811594203,0
0.07692307692307693,0
0.0182648401826484,0
0.3252172727717759,0
0.0,0
0.26744186046511625,0
0.0,0
0,0
0.0,0
0.0,0
0.3559322033898305,0
0.2764227642276423,0
0,0
0.44086021505376344,0
0.25,0
0,0
0.6422018348623854,0
0.0,0
0.0,0
0.0,0
0.25806451612903225,0
0.0,0
0.0,0
0.0,0
0.0,0
0,0
0.272,0
0.0,0
0.0,0
0.0,0
0.0,0
0.0,0
0.5833333333333334,0
0.0,0
0.3212304901362529,0
0.0,0
0.0,0
0.0,0
0.0,0
0.06956521739130435,0
0.5774647887323944,0
0.6031746031746031,0
0,0
0.5319333972048854,0
0.0,0
0.3287212276206826,0
0.0,0
0.3194444444444444,0
0.0,0
0.050724637681159424,0
0.0,0
0.0,0
0.07633587786259542,0
0.0,0
0.42592592592592593,0
0.5684072249748234,0
0.050505050505050504,0
0.0,0
0.0,0
0.08602150537634409,0
0.0,0
0,0
0.125,0
0.1278772378516624,0
0.0,0
0.3870967741935484,0
0.0,0
0.0,0
0.3157894736842105,0
0.0,0
0.8974190195736774,0
0.0,0
0.4915254237288136,0
0.08706223745404366,0
0.7747747747747747,0
0.0,0
0.0,0
0,0
0.08294930875576037,0
0.0,0
0.06993006993006994,0
0.0,0
0,0
0.0,0
0.0,0
0.0,0
0.025974025974025976,0
0,0
0.6776859504132231,0
0.0,0
0.6233766233766234,0
0.0,0
0.0,0
0.2389937106918239,0
0,0
0.0,0
0.5417752873188896,0
0.44025157232704404,0
0.4430379746835443,0
0.11224489795918367,0
0.42096246976541635,0
0.5421017372598576,0
0.0,0
0.0,0
0.17486338797814208,0
0,0
0.0,0
0,0
0.05917159763313609,0
0.0,0
0.44615384615384623,0
0.050793650793650794,0
0.04054054054054054,0
0.44615384615384623,0
0.35097640060283825,0
0.0,0
0.0,0
0.0,0
0,0
0.10344827586206898,0
0.031496062992125984,0
0.0,0
0.0,0
0.01230769230769231,0
0.0,0
0.0,0
0.17142857142857143,0
0.0,0
0.07352941176470588,0
0.028527003833062368,0
0.0,0
0.1,0
0.4838562701578918,0
0.0,0
0.0,0
0.0684931506849315,0
0.0,0
0.0,0
0.0684931506849315,0
0.0,0
0.2517126148705096,0
0.0,0
0.0,0
0,0
0,0
0.27350427350427353,0
0.0,0
0.7704918032786885,0
0.0,0
0.0,0
0.009383458646616542,0
0,0
0.060240963855421686,0
0.0,0
0.0,0
0.0,0
0.0,0
0.0,0
0.07751937984496124,0
0.01809954751131222,0
0,0
0.044444444444444446,0
0.14285714285714285,0
0.0,0
0.18181818181818182,0
0.0,0
0,0
0.0,0
0.0,0
0.5673613961310575,0
0.10465116279069768,0
0.0,0
0.0,0
0.0,0
0.7899159663865546,0
0.28187919463087246,0
0.0,0
0.0,0
0.025974025974025976,0
0.0,0
0.4918032786885246,0
0.0,0
0.13043478260869565,0
0.009016343641776536,0
0.0,0
0.0,0
0.0,0
0.14285714285714285,0
0.14382542869821666,0
0.0,0
0.34285714285714286,0
0,0
0.0,0
0,0
0.0,0
0.0,0
0.0,0
0,0
0,0
0.0,0
0.07079646017699115,0
0.125,0
0.0,0
0.0,0
0,0
0.0,0
0.0,0
0.0,0
0.0,0
0.20133013839307545,0
0.0,0
0.12612612612612611,0
0.0,0
0.043795620437956206,0
0.4203821656050956,0
0.0,0
0,0
0.5263157894736842,0
0,0
0.0,0
0.0,0
0.0,0
0.0,0
0.24742268041237114,0
0.0,0
0.3150684931506849,0
0.0,0
0.0,0
0.0,0
0.02737996335728342,0
0.8360279973420616,0
0.0,0
0,0
0.0,0
0.0,0
0.0,0
0.0,0
0.0,0
0.0,0
0,0
0.0,0
0.05319148936170213,0
0.1,0
0.0,0
0.0,0
0.08536585365853659,0
0.0,0
0.10714285714285714,0
0.0,0
0.27586206896551724,0
0.03876739562624255,0
0.0,0
0.0,0
0.06481481481481481,0
0.0,0
0.7012373563230874,0
0.13783283673124555,0
0.0,0
0.7141807494489346,1
0.8263595356759831,1
0.9194309981290648,1
0.95660798413092,1
0.9514572032729612,1
0.9618169848584595,1
0.95660798413092,1
0.9514572032729612,1
0.9463636363636363,1
0.9194309981290648,1
0.9145911654135338,1
0.9243243243243243,1
0.9194309981290648,1
0.9145911654135338,1
0.9098039215686273,1
0.9514572032729612,1
0.9618169848584595,1
0.95660798413092,1
0.9514572032729612,1
0.9463636363636363,1
0.95660798413092,1
0.9514572032729612,1
0.9463636363636363,1
0.9413263012795541,1
0.9618169848584595,1
0.95660798413092,1
0.9514572032729612,1
0.9514572032729612,1
0.9463636363636363,1
0.9413263012795541,1
0.999999999999886,1
0.8262559808682786,1
0.835742444152431,1
0.7762906309751434,1
0.8145315487571702,1
1.000000000000066,1
0.9162694619815996,1
0.8230176982305009,1
0.8302951857047352,1
0.8757407740413506,1
0.7737189244050408,1
0.8369978128238398,1
0.8768462160328742,1
0.8814805057414304,1
1.0000000000047446,1
0.7219995818210414,1
0.7301631845522601,1
0.7063861203372571,1
0.7180599255522168,1
0.7180599255522168,1
0.680706880419776,1
0.8498973218086915,1
0.8173560058555007,1
0.8332760032739336,1
0.8332760032739336,1
0.7824703824677897,1
0.8276460046363558,1
0.844011146677099,1
0.844011146677099,1
0.7918569857550583,1
0.811964277399816,1
0.811964277399816,1
0.7639024685997088,1
0.8276460046363558,1
0.7776072835123302,1
0.7776072835123302,1
0.6864835172171487,1
0.9048121436170627,1
0.4207836267540088,1
0.428334940427709,1
0.4135329131636862,1
0.4207836267540088,1
0.4207836267540088,1
0.40656271424104823,1
0.4135329131636862,1
0.3998548782795239,1
0.8564435465325694,1
0.8233282392286524,1
0.8395306122435675,1
0.8395306122435675,1
0.8077889974467339,1
0.8233282392286524,1
0.7928698827128468,1
0.8395306122435675,1
0.8564435465325694,1
0.8564435465325694,1
0.8233282392286524,1
0.8395306122435675,1
0.8077889974467339,1
0.8233282392286524,1
0.8233282392286524,1
0.7928698827128468,1
0.8077889974467339,1
0.7785317825547954,1
0.9530516431924881,1
0.8395306122435675,1
0.8077889974467339,1
0.8233282392286524,1
0.7928698827128468,1
0.8077889974467339,1
0.8233282392286524,1
0.7928698827128468,1
0.7928698827128468,1
0.7647390210468594,1
0.7785317825547954,1
0.8490269511134888,1
0.7288297394429469,1
0.9166842996191281,1
0.7921234414730524,1
0.9172624538745388,1
0.7245623617773694,1
1.0,1
0.9549761123926102,1
0.95,1
0.9297149292291386,1
0.9623950346841914,1
0.9578983050847457,1
0.9669354838709677,1
0.9623950346841914,1
0.9578983050847457,1
0.9534446483728009,1
0.9297497030748251,1
0.9254901960784314,1
0.9340498290180752,1
0.9297497030748251,1
0.9254901960784314,1
0.9212707182320442,1
0.9578634614086029,1
0.9669076305220883,1
0.9623636363636364,1
0.9578634614086029,1
0.953406456215445,1
0.9623636363636364,1
0.9578634614086029,1
0.953406456215445,1
0.9489919844547,1
0.9669076305220883,1
0.9623636363636364,1
0.9578634614086029,1
0.9578634614086029,1
0.953406456215445,1
0.9489919844547,1
0.8508426185603019,1
0.9368975139523085,1
0.9269154475576493,1
0.9318787422803223,1
0.941972734562951,1
0.9368975139523085,1
0.9318787422803223,1
0.9473684210526316,1
0.9523723124376304,1
0.962546005628924,1
0.9574311926605504,1
0.9523723124376304,1
0.9424185963978352,1
0.9523723124376304,1
0.9473684210526316,1
0.9424185963978352,1
0.9574311926605504,1
0.9523723124376304,1
0.9473684210526316,1
0.962546005628924,1
0.9574311926605504,1
0.9523723124376304,1
0.8543932356131617,1
0.8458166571374119,1
0.850082553659879,1
0.8587494376968061,1
0.8543932356131617,1
0.850082553659879,1
0.9455895531942132,1
0.9507527926177757,1
0.961256752725947,1
0.9559748427672956,1
0.9507527926177757,1
0.9404841006169911,1
0.9507527926177757,1
0.9455895531942132,1
0.9404841006169911,1
0.9559748427672956,1
0.9507527926177757,1
0.9455895531942132,1
0.961256752725947,1
0.9559748427672956,1
0.9507527926177757,1
0.8832112137623447,1
0.8819610307982401,1
0.878495842781557,1
0.887979374798582,1
0.8832112137623447,1
0.878495842781557,1
0.9439354574046218,1
0.9497378970089423,1
0.9604492016143183,1
0.9550624133148404,1
0.9497378970089423,1
0.9386845039018953,1
0.9492475350285418,1
0.9439354574046218,1
0.9386845039018953,1
0.9550624133148404,1
0.9497378970089423,1
0.944474539544962,1
0.9604492016143183,1
0.9550624133148404,1
0.9497378970089423,1
0.8794258373205742,1
0.8697683732728123,1
0.8745694022289767,1
0.884338682899834,1
0.8794258373205742,1
0.8745694022289767,1
0.9424868957483984,1
0.947927031509121,1
0.9590055540862206,1
0.9534328358208956,1
0.947927031509121,1
0.9371112149868758,1
0.947927031509121,1
0.9424868957483984,1
0.9371112149868758,1
0.9534328358208956,1
0.947927031509121,1
0.9424868957483984,1
0.9590055540862206,1
0.9534328358208956,1
0.947927031509121,1
0.960374898433514,1
0.9646152672920002,1
0.9561732094695833,1
0.9520096537640396,1
0.960374898433514,1
0.960374898433514,1
0.9478836952521162,1
0.968894873521208,1
0.960374898433514,1
0.9561732094695833,1
0.9646152672920002,1
0.9646152672920002,1
0.9520096537640396,1
0.9646152672920002,1
0.960374898433514,1
0.968894873521208,1
0.968894873521208,1
0.9561732094695833,1
0.9520096537640396,1
0.960374898433514,1
0.960374898433514,1
0.9478836952521162,1
0.9561732094695833,1
0.9561732094695833,1
0.9437948081799443,1
0.9646152672920002,1
0.9520096537640396,1
0.9520096537640396,1
0.9122004433966774,1
0.9122004433966774,1
0.9064897366785344,1
0.9093350071487049,1
0.9150862987429279,1
0.9122004433966774,1
0.9093350071487049,1
0.9752032520326371,1
0.9093350071487049,1
0.9122004433966774,1
0.9150862987429279,1
0.9093350071487049,1
0.9064897366785344,1
0.9122004433966774,1
0.9122004433966774,1
0.9747659747660932,1
0.968679194988789,1
0.971711908563863,1
0.9778416576836738,1
0.9747659747660932,1
0.971711908563863,1
0.9390835579515987,1
0.971711908563863,1
0.9747659747660932,1
0.9778416576836738,1
0.971711908563863,1
0.968679194988789,1
0.9747659747660932,1
1.0000000000001183,1
0.968679194988789,1
0.971711908563863,1
0.9778416576836738,1
0.9747659747660932,1
0.971711908563863,1
0.9390835579515987,1
0.971711908563863,1
0.9747659747660932,1
0.9778416576836738,1
0.971711908563863,1
0.968679194988789,1
1.0000000000001183,1
0.9747659747660932,1
0.9656675749319976,1
0.971711908563863,1
0.968679194988789,1
0.9656675749319976,1
0.9333290523511776,1
0.9656675749319976,1
0.968679194988789,1
0.971711908563863,1
0.9656675749319976,1
1.000000000000117,1
0.968679194988789,1
0.968679194988789,1
0.9747659747660932,1
0.971711908563863,1
0.968679194988789,1
0.9361963984973305,1
0.968679194988789,1
0.971711908563863,1
0.9747659747660932,1
1.0000000000001177,1
0.9656675749319976,1
0.971711908563863,1
0.971711908563863,1
0.9778416576836738,1
0.9747659747660932,1
0.9419907712591804,1
0.9747659747660932,1
0.9778416576836738,1
1.000000000000119,1
0.9747659747660932,1
0.971711908563863,1
0.9778416576836738,1
0.9778416576836738,1
0.971711908563863,1
0.9390835579515987,1
0.971711908563863,1
1.0000000000001183,1
0.9778416576836738,1
0.971711908563863,1
0.968679194988789,1
0.9747659747660932,1
0.9747659747660932,1
0.9361963984973305,1
1.0000000000001177,1
0.971711908563863,1
0.9747659747660932,1
0.968679194988789,1
0.9656675749319976,1
0.971711908563863,1
0.971711908563863,1
0.9361963984973305,1
0.9390835579515987,1
0.9419907712591804,1
0.9361963984973305,1
0.9333290523511776,1
0.9390835579515987,1
0.9390835579515987,1
0.971711908563863,1
0.9747659747660932,1
0.968679194988789,1
0.9656675749319976,1
0.971711908563863,1
0.971711908563863,1
0.9778416576836738,1
0.971711908563863,1
0.968679194988789,1
0.9747659747660932,1
0.9747659747660932,1
0.9747659747660932,1
0.971711908563863,1
0.9778416576836738,1
0.9778416576836738,1
0.9656675749319976,1
0.971711908563863,1
0.971711908563863,1
0.968679194988789,1
0.968679194988789,1
0.9747659747660932,1
0.9292144530766573,1
0.9362638283605389,1
0.9327246316661495,1
0.9292144530766573,1
0.9257328990226311,1
0.9327246316661495,1
0.9104554865422756,1
0.9388812298949689,1
0.964221824686941,1
0.959939010894425,1
0.9556962025316456,1
0.9514928070555917,1
0.959939010894425,1
0.9105263157894737,1
0.9596272522243426,1
0.9685452491527551,1
0.964221824686941,1
0.959939010894425,1
0.9685452491527551,1
0.9184886843114691,1
0.9682985452245414,1
0.959939010894425,1
0.9556962025316456,1
0.964221824686941,1
0.9144891420434318,1
0.9639423076923077,1
0.9514928070555917,1
0.959939010894425,1
0.9105263157894737,1
0.9596272522243426,1
0.9556962025316456,1
0.9065996696675739,1
0.9553527622411933,1
0.9144891420434318,1
0.9639423076923077,1
0.9214434320969941,1
1.0,1
0.01891416362950861,0
0.019803641856171856,0
0.040021869874248224,0
0.040375649691048204,0
0.20922137709335742,0
0.4577204600906239,0
0.2683469914758642,0
0.0,0
0.0,0
0.3967973380472081,0
0.06521539450721042,0
0.0,0
0.022022825143680515,0
0.7113000826380188,0
0.0,0
0.0,0
0.15425403128177811,0
0.0,0
0.07598986799690315,0
0.0,0
0.0,0
0.0,0
0.012239774034940894,0
0.16786246108027617,0
0.060261707988980714,0
0.16246498599439774,0
0.022365805168986085,0
0.139780912364946,0
0.4016227180527383,0
0.0,0
0.05146600124766064,0
0.46051763637037424,0
0.01915262766540735,0
0.8759972421944253,0
0.0,0
0.03323476634569212,0
0.0,0
0.0,0
0.019900322897655483,0
0.0,0
1.0,0
0.0,0
0.010741138560687433,0
0.3044596069868101,0
0.07331042382588775,0
0.0,0
0.19369196285622797,0
0.039886039886039885,0
0.21921898530396414,0
0.021806853582554516,0
0.39999999999999997,0
0.9026099726320005,0
0.0,0
0.017634212708311437,0
0.16751876427716741,0
0.6324710519832472,0
0.7130407718643013,0
0.09919484701780518,0
0.0655367231638418,0
0.15286590629056382,0
0.012120465097169152,0
0.0,0
0.0518376600046811,0
0.2393515704154002,0
0.03523728331912475,0
0.0,0
0.0,0
0.0,0
0.06476449275362318,0
0.0,0
0.24289592760180995,0
0.030482165713482442,0
0.9062271062271063,0
0.0,0
0.06967671696857895,0
0.0,0
0.0,0
0.8350798550438413,0
0.08443908323281062,0
0.0,0
0.24289592760180995,0
0.8381266749327978,0
0.0,0
0.866567828020756,0
0.0,0
0.0,0
0.5529646902065289,0
0.14411471654699906,0
0.0,0
0.0,0
0.059195402084700754,0
0.0376657824933687,0
0.4842731829557984,0
0.03281133482475764,0
0.0,0
0.02220826760196658,0
0.0,0
0.8759972421944253,0
0.0,0
0.0,0
0.11484086715867159,0
0.832056983915297,0
0.02891013162100125,0
0.0,0
0.5726246047282035,0
0.0,0
0.10243169398907104,0
0.007627017853922914,0
0.609408212932442,0
0.02210171802016719,0
0.1036457776488018,0
0.029024400915945915,0
0.21453563159248779,0
0.0,0
0.16679798910208746,0
0.0,0
0.8603971962616822,0
0.45971830985915496,0
0.0,0
0.6408377664023555,0
0.6651882975412388,0
0.0,0
0.6517819706498952,0
0.0,0
0.17321075693788127,0
0.034722222222222224,0
0.015441589047244977,0
0.0,0
0.0,0
0.0,0
0.0,0
0.013123359580052493,0
0.44845734150934286,0
0.39999999999999997,0
0.0,0
0.03001105670510188,0
0.45252883762200535,0
0.0,0
0.041014168530947054,0
0.0,0
0.029133639610057438,0
0.034566100916811816,0
0.05904543217976054,0
0.0,0
0.47738864331859915,0
0.02330132435261457,0
0.0,0
0.4016227180527383,0
0.0,0
0.44800653891562986,0
0.04056048195977605,0
0.0,0
0.204418444270053,0
0.0,0
0.024892066918510525,0
0.04557275292626369,0
0.0,0
0.8340192753335123,0
0.9212560386473431,0
0.0,0
0.0,0
0.03340286310224475,0
0.0,0
0.05682391032070637,0
0.04180602006688963,0
0.0,0
0.01059322033898305,0
0.010672358591248666,0
0.0,0
0.0,0
0.17707773999164728,0
0.0,0
0.0,0
0.0,0
0.0,0
0.01968582223105985,0
0.04392121349332125,0
0.4507675194660734,0
0.16624779541446208,0
0.6816341553183659,0
0.2815723923195806,0
0.5579710144924133,0
0.23719075112263965,0
0.030287733467945485,0
0.04821257362005205,0
0.0,0
0.0,0
0.4469505278771485,0
0.4074264270195536,0
0.1913932980599647,0
0.0,0
0.035842293906810034,0
0.0,0
0.0,0
0.0,0
0.03967488043921165,0
0.06009685512573662,0
0.04097099330614758,0
0.0,0
0.0,0
0.013315579227696404,0
0.8713857064920896,0
0.015012031173308751,0
0.02331081081081081,0
0.10623550048095966,0
0.8618048618048618,0
0.0,0
0.06739038779359152,0
0.012105568790266162,0
0.14716223003515821,0
0.9417883818682149,0
0.16330431814302782,0
0.39999999999999997,0
0.9161211129296235,0
0,0
0.08780366326924907,0
0.0,0
0.0,0
0.01485148514851485,0
0.1621574292969092,0
0.013386880856760375,0
0.027228016508221146,0
0.04038770035398361,0
0.012046846086016964,0
0.23877972737810724,0
0.1742904381372279,0
0.0,0
0.24735864391036805,0
0.1679097341747944,0
0.8432823558993753,0
0.040555155010814706,0
0.31305342965338506,0
0.0,0
0.1390547813905478,0
0.0,0
0.1510673234811166,0
0.2268237082066869,0
0.9026099726320005,0
0.0,0
0.4518398268398269,0
0.8813476048429549,0
0.8713857064920896,0
0.18778338480078333,0
0.0,0
0.06253572066260371,0
0.0,0
0.0,0
0.0,0
0.0,0
0.14814077025232403,0
0.47961898223633403,0
0.2631756676416732,0
0.0,0
0.0,0
0.02875112309074573,0
0.14814077025232403,0
0.012658227848101266,0
0.1517907444668008,0
0.0,0
0.4444654683065279,0
0.10243386243063148,0
0.0,0
0.0,0
0.16168253375645575,0
0.42294565502756626,0
0.0,0
0.9428770992134593,0
0.008592910848549946,0
0.019114522548403505,0
0.09669117647058824,0
0.09625860409173657,0
0.24642857142857139,0
0.22771261187534908,0
0.0,0
0.02564102564102564,0
0.029092974699091136,0
0.05394337913926842,0
0.0,0
0.057553956834532384,0
0.0,0
0.034301963920732245,0
0.01160092807424594,0
0.014778325123152709,0
0.14546817343173432,0
0.031037688621898016,0
0.2368512356990795,0
0.04158352621917152,0
0.44885011895321175,0
0.0,0
0.0,0
0.0,0
0.022034520749173708,0
0.010964912280701754,0
0.03332763142859105,0
0.029224281651466122,0
0.011988792499595885,0
0.43954636912383394,0
0.0,0
0.0,0
0.0,0
0.8510344827586207,0
0.0,0
0.2393515704154002,0
0.4797878773782388,0
0.0,0
0.0,0
0.24642857142857139,0
0.0,0
0.027740712128660718,0
0.4867919389978213,0
0.0,0
0.2096399123264795,0
0.0,0
0.0,0
0.0,0
0.021834061135371178,0
0.20114803136874443,0
0.02069857697283312,0
0.4325,0
0.1903409090909091,0
0.019484110203948867,0
0.047224926971762414,0
0.4505468618523171,0
0.022155085599194362,0
0.0,0
0.025385666861941027,0
0.0,0
0.0,0
0.2343307811169904,0
0.031899810964083175,0
0.008743169398907104,0
0.0,0
0.303556326574778,0
0.5519895851021679,0
0.8923923923923924,0
0.0671947555312756,0
0.0,0
0.18798440045416398,0
0.0,0
0.0,0
0.24537818134623196,0
0.019925280199252802,0
0.8401699149226809,0
0.3044596069868101,0
0.0,0
0.044311941595366035,0
0.20780532598714416,0
0.21855772554433622,0
0.05358578784398917,0
0.46173548035193396,0
0.0,0
0.04499646177496888,0
0.01805869074492099,0
0.027149321266968323,0
0.16898831171801734,0
0.058943089430894303,0
0.024361283982967573,0
0.7113000826380188,0
0.45270300633622435,0
0.007587766816825378,0
0.16564869500430732,0
0.39521698793938775,0
0.0,0
0.02859750532400365,0
0.5529646902065289,0
0.4507675194660734,0
0.0,0
0.012076185422173237,0
0.0,0
0.019604618269135884,0
0.02588212367392178,0
0.05441042138289845,0
0.4032599719958353,0
0.7214798588292565,0
0.056226243063189144,0
0.6484785615491011,0
0.0,0
0.0,0
0.02325324416386811,0
0.0,0
0.036120401337792644,0
0.17428523755286812,0
0.8665276663993585,0
0.4696069217140933,0
0.20494952202269273,0
0.0,0
0.2085322299148164,0
0.1640839629120879,0
0.0,0
0.8618048618048618,0
0.5519895851021679,0
0.8808131809726282,0
0.11260518487037822,0
0.109375,0
0.44506847539637967,0
0.2823960880194724,0
0.09980039920159679,0
0.025709726947045188,0
0.018963663411544637,0
0.0,0
0.0,0
0.02130885201718184,0
0.05960648126584451,0
0.04685099846390169,0
0.027146087183610633,0
0.8397897066961816,0
0.0,0
0.0,0
0.0,0
0.03158211953792065,0
0.04060127657967292,0
0.04507042253521127,0
1.0000000000023765,1
1.0,1
0.8862002567496063,1
0.9999999998227984,1
0.782608695652174,1
0.8262987012986772,1
0.9361802696472734,1
0.8317148785253925,1
0.9361802696472734,1
0.8317148785253925,1
0.9296066238774702,1
0.8262987012986772,1
0.9999999986429049,1
0.9296066238774702,1
0.8262987012986772,1
0.9361802696472734,1
0.8317148785253925,1
0.9361802696472734,1
0.9296066238774702,1
0.8262987012986772,1
0.9297733509151849,1
0.9363379293972064,1
0.9363379293972064,1
0.9297733509151849,1
0.8561908840442307,1
0.6944457411081288,1
0.7915684482288611,1
0.7858055259869487,1
0.9436503528660156,1
0.9130677464396564,1
0.9999999956488141,1
0.9436503528660156,1
0.9163530246060063,1
0.8568840579684757,1
0.6463083071279655,1
0.9629464935377192,1
0.8812663324063594,1
0.8175542406285645,1
0.6069182389937949,1
0.9665077126808297,1
0.8842699010506393,1
0.8206048757342342,1
0.597100875985705,1
0.9665077126808297,1
0.8842699010506393,1
0.8206048757342342,1
0.597100875985705,1
0.9629464935377192,1
0.8812663324063594,1
0.8175542406285645,1
0.6069182389937949,1
0.8278327832806637,1
0.6151226551196429,1
0.8812663324063591,1
0.9689564821143302,1
0.7915740740764587,1
0.5785097350284183,1
0.8842699010506391,1
0.9719553698358211,1
0.7942734683523547,1
0.5660745190240166,1
0.8842699010506391,1
0.9719553698358211,1
0.7942734683523547,1
0.5660745190240166,1
0.8812663324063591,1
0.9689564821143302,1
0.7915740740764587,1
0.5785097350284183,1
0.6395125786164372,1
0.8183878736339116,1
0.792201749490559,1
0.8743859649115818,1
0.6009801104620471,1
0.8214577189977991,1
0.7949163237764445,1
0.877521491190039,1
0.5901706443385969,1
0.8214577189977991,1
0.7949163237764445,1
0.877521491190039,1
0.5901706443385969,1
0.8183878736339116,1
0.792201749490559,1
0.8743859649115818,1
0.6009801104620471,1
0.6069182389937954,1
0.5785097350284183,1
0.5996283590624086,1
0.968985245407861,1
0.6091506340306839,1
0.5804740250761705,1
0.6017945842013372,1
0.9510384316762108,1
0.6091506340306839,1
0.5804740250761705,1
0.6017945842013372,1
0.9510384316762108,1
0.6069182389937954,1
0.5785097350284183,1
0.5996283590624086,1
0.968985245407861,1
0.8317148785253925,1
0.9454180602005761,1
0.8317148785253925,1
0.9454180602005761,1
0.8262987012986772,1
0.939743138634672,1
0.8262987012986772,1
0.8912337662337421,1
0.9999999999999076,1
0.8317148785253925,1
0.9454180602005761,1
0.8317148785253925,1
0.8262987012986772,1
0.939743138634672,1
0.9363379293972064,1
0.9363379293972064,1
0.9297733509151849,1
0.6944457411081288,1
0.7915684482288611,1
0.7858055259869487,1
0.9130677464396564,1
0.9436503528660156,1
0.9999999955268183,1
0.9150391977673572,1
0.8534798534772542,1
0.6406941532728538,1
0.9665077126808297,1
0.8842699010506393,1
0.8206048757342342,1
0.597100875985705,1
0.9665077126808297,1
0.8842699010506393,1
0.8206048757342342,1
0.597100875985705,1
0.9629464935377192,1
0.8812663324063594,1
0.8175542406285645,1
0.6069182389937949,1
0.8244444444468292,1
0.6095447225851449,1
0.8842699010506391,1
0.9719553698358211,1
0.7942734683523547,1
0.5660745190240166,1
0.8842699010506391,1
0.9719553698358211,1
0.7942734683523547,1
0.5660745190240166,1
0.8812663324063591,1
0.9689564821143302,1
0.7915740740764587,1
0.5785097350284183,1
0.825394570962857,1
0.6325042881647522,1
0.8206048757342342,1
0.794273468352361,1
0.9684531356067752,1
0.5886239916045415,1
0.8206048757342342,1
0.794273468352361,1
0.9684531356067752,1
0.5886239916045415,1
0.8175542406285645,1
0.7915740740764651,1
0.9650959847422974,1
0.5996283590624081,1
0.6091506340306839,1
0.5804740250761705,1
0.6017945842013372,1
0.9510384316762108,1
0.6091506340306839,1
0.5804740250761705,1
0.6017945842013372,1
0.9510384316762108,1
0.6069182389937954,1
0.5785097350284183,1
0.5996283590624086,1
0.968985245407861,1
0.8898739598629222,1
0.942851048820602,1
0.8372063142437347,1
0.9361802696472734,1
0.8317148785253925,1
0.9361802696472734,1
0.9361802696472734,1
0.8317148785253925,1
0.9999999986020286,1
0.8898739598629222,1
0.942851048820602,1
0.9361802696472734,1
0.8317148785253925,1
0.8372063142437349,1
0.9511665762343072,1
0.8317148785253925,1
0.9454180602005761,1
0.8317148785253925,1
0.8317148785253925,1
0.9454180602005761,1
0.8898739598629223,1
0.9999999999999066,1
0.8372063142437349,1
0.8317148785253925,1
0.9454180602005761,1
0.9429982355902565,1
0.9363379293972064,1
0.7814970059880239,1
0.7758841143556565,1
0.9145347744417665,1
0.8526703499053053,1
0.627282956431842,1
0.9700996665664227,1
0.8872979323365032,1
0.8236827629066686,1
0.5993754953512955,1
0.9665077126808297,1
0.8842699010506393,1
0.8206048757342342,1
0.6091506340306835,1
0.8235029313256798,1
0.593638838554308,1
0.887297932336503,1
0.9749768303984703,1
0.7969953936372377,1
0.5680637803253807,1
0.8842699010506391,1
0.9719553698358211,1
0.7942734683523547,1
0.5804740250761705,1
0.6179584746460074,1
0.8236827629066686,1
0.7969953936372438,1
0.9718386863252428,1
0.5908263710807828,1
0.8206048757342342,1
0.794273468352361,1
0.9684531356067752,1
0.6017945842013368,1
0.5993754953512944,1
0.5680637803253806,1
0.5908263710807815,1
0.9738461538460432,1
0.5971008759857039,1
0.5660745190240165,1
0.5886239916045402,1
0.9510384316762074,1
0.8898739598629222,1
0.9361802696472734,1
0.8317148785253925,1
0.9361802696472734,1
0.9361802696472734,1
0.8317148785253925,1
0.942851048820602,1
0.8372063142437347,1
0.9999999986020286,1
0.9361802696472734,1
0.8317148785253925,1
0.9363379293972064,1
0.8317148785253925,1
0.9454180602005761,1
0.8317148785253925,1
0.8317148785253925,1
0.9454180602005761,1
0.8372063142437349,1
0.9511665762343072,1
0.8898739598629223,1
0.8317148785253925,1
0.9454180602005761,1
0.8694189051138753,1
0.9145347744417665,1
0.8526703499053053,1
0.627282956431842,1
0.9665077126808297,1
0.8842699010506393,1
0.8206048757342342,1
0.6091506340306835,1
0.8235029313256798,1
0.593638838554308,1
0.8842699010506391,1
0.9719553698358211,1
0.7942734683523547,1
0.5804740250761705,1
0.6179584746460074,1
0.8206048757342342,1
0.794273468352361,1
0.9684531356067752,1
0.6017945842013368,1
0.5971008759857039,1
0.5660745190240165,1
0.5886239916045402,1
0.9510384316762074,1
0.8912337662337421,1
0.9296066238774702,1
0.9296066238774702,1
0.8262987012986772,1
0.9361802696472734,1
0.8317148785253925,1
0.9361802696472734,1
0.9999999986186711,1
0.8912337662337421,1
0.8262987012986772,1
0.8262987012986772,1
0.939743138634672,1
0.8317148785253925,1
0.9454180602005761,1
0.8317148785253925,1
0.8912337662337421,1
0.9999999999999076,1
0.9130677464396564,1
0.9130677464396564,1
0.9150391977673572,1
0.8534798534772542,1
0.6406941532728538,1
0.8244444444468292,1
0.6095447225851449,1
0.6325042881647522,1
1.0,1
1.0,1
1.0,1
1.0,1
1.0,1
1.0,1
0.9296066238774702,1
0.8262987012986772,1
0.9361802696472734,1
0.8317148785253925,1
0.9361802696472734,1
0.9296066238774702,1
0.8262987012986772,1
0.9436503528660156,1
0.8912337662337421,1
0.9361802696472734,1
0.8317148785253925,1
0.9361802696472734,1
0.9296066238774702,1
0.8262987012986772,1
0.8317148785253925,1
0.9454180602005761,1
0.8317148785253925,1
0.8262987012986772,1
0.939743138634672,1
0.8898739598629222,1
0.942851048820602,1
0.9361802696472734,1
0.8317148785253925,1
0.8372063142437349,1
0.8317148785253925,1
0.9454180602005761,1
0.9361802696472734,1
0.8317148785253925,1
0.8912337662337421,1
1.0,1
0.024949110078814132,0
0.0,0
0.34145569620243466,0
0.0,0
0.08079376328844791,0
0.07820147486367006,0
0.18607942362038862,0
0.0,0
0.3020555095022719,0
0.0,0
0.0,0
0.07944264547149445,0
0.043276265725293514,0
0.3425396825395853,0
0.18304575960830452,0
0.0197826413582411,0
0.013651877133105802,0
0.02447143499775079,0
0.21325361235379156,0
0.0,0
0.021558872305140964,0
0.0,0
0.0,0
0.0,0
0.30205550950227156,0
0.42006970225214213,0
0.0,0
0.019825708061002176,0
0.0,0
0.02447143499775079,0
0.0,0
0.4491732510835676,0
0.0,0
0.08,0
0.0,0
0.3386461566973182,0
0.3425396825395853,0
0.21807527137935406,0
0.0,0
0.0,0
0.06666666666666667,0
0.02447143499775079,0
0.41900393513493467,0
0.0,0
0.05500984864192412,0
0.3366052299696808,0
0.06375079235714932,0
0.0,0
0.0,0
0.15143362014616596,0
0.09170908446062079,0
0.0641025641025641,0
0.027397260273972605,0
0.07525083612040133,0
0.012444444444444445,0
0.021814876552065463,0
0.3226785690828704,0
0.0617099026737581,0
0.04157019008130956,0
0.03645401822700911,0
0.08952843117431646,0
0.416888888890846,0
0.4345960343289669,0
0.1917316149243068,0
0.1917316149243068,0
0.33372482978876356,0
0.20857699804778737,0
0.0,0
0.0,0
0.019884890266270317,0
0.02615308858127701,0
0.30122952770669537,0
0.0,0
0.026342846027732233,0
0.0,0
0.0,0
0.4605550742056843,0
0.024949110078814132,0
0.03645401822700911,0
0.026898354171081447,0
0.0,0
0.19861639407688253,0
0.0,0
0.0977501658718107,0
0.0,0
0.0,0
0.0,0
0.0,0
0.0,0
0.3396761133602409,0
0.03451581943498647,0
0.06269592476489028,0
0.42006970225214263,0
0.026838070505385638,0
0.2138646422750918,0
0.15048868657117065,0
0.0641025641025641,0
0.0,0
0.15185195128281845,0
0.3146545942319401,0
0.4404960981040692,0
0.19861639407688253,0
0.0,0
0.3028861493835651,0
0.19344898754308915,0
0.19516558249407942,0
0.0,0
0.0,0
0.3226785690828704,0
0.027397260273972605,0
0.0,0
0.0,0
0.4004289907426888,0
0.0,0
0.0,0
0.026838070505385638,0
0.0,0
0.5493263796044796,0
0.0,0
0.021613832853025938,0
0.021558872305140964,0
0.0,0
0.2029332633366398,0
0.0519390830809516,0
0.09005254994559807,0
0.02151230425055928,0
0.0,0
0.026529947916666668,0
0.0,0
0.0,0
0.0,0
0.31217632361729547,0
0.045837957840533204,0
0.06289308176100629,0
0.0,0
0.006920415224913496,0
0.0,0
0.18607942362038804,0
0.18466771323791947,0
0.0,0
0.021000313139187037,0
0.11278195488721804,0
0.03747870528109029,0
0.0,0
0.0,0
0.19401769087375673,0
0.0,0
0.2200303490104233,0
0.021635698921247677,0
0.0,0
0.0,0
0.0,0
0.39802077406240344,0
0.19401769087375575,0
0.0,0
0.026898354171081447,0
0.0,0
0.0374468085106383,0
0.0,0
0.05099150141643059,0
0.03747870528109029,0
0.2967315051019853,0
0.0,0
0.0,0
0.0,0
0.04206836102636663,0
0.3425396825395852,0
0.02737382378100941,0
0.0,0
0.07572115384615385,0
0.0,0
0.06329113924050633,0
0.08079376328844791,0
0.0,0
0.024304720432421482,0
0.08169800488442126,0
0.2971225200665098,0
0.42006970225214213,0
0.04017937219730942,0
0.0,0
0.098744872296325,0
0.013651877133105802,0
0.18081619830398482,0
0.0,0
0.550166092508132,0
0.0,0
0.021114290523480895,0
0.0,0
0.02709801501298925,0
0.010171392574268835,0
0.061830874373038455,0
0.3964318001511474,0
0.0,0
0.19401769087375575,0
0.0,0
0.0,0
0.0,0
0.0,0
0.0,0
0.014146772767462422,0
0.0,0
0.025791899566326458,0
0.21846333493947034,0
0.20857699804778737,0
0.009424829157175399,0
0.0,0
0.006920415224913496,0
0.33372482978876356,0
0.0,0
0.21508044629396975,0
0.0,0
0.2138646422750918,0
0.15269597149506528,0
0.416888888890846,0
0.04206836102636663,0
0.0,0
0.0,0
0.0,0
0.026838070505385638,0
0.024304720432421482,0
0.0,0
0.06329113924050633,0
0.19344898754308812,0
0.0641025641025641,0
0.026775855723224145,0
0.30122952770669537,0
0.06389776357827476,0
0.0,0
0.06602261404496816,0
0.4598305440352368,0
0.023298704330570796,0
0.7061728395061728,0
0.30372148859539183,0
0.33762254901952554,0
0.39802077406240344,0
0.0,0
0.026898354171081447,0
0.0,0
0.0,0
0.3366052299696808,0
0.06289230769230769,0
0.0977501658718107,0
0.4345960343289669,0
0.06688963210702341,0
0.18434929424106816,0
0.0,0
0.4510978680918682,0
0.036514522821576766,0
0.0,0
0.0,0
0.21325361235379156,0
0.0,0
0.08108108108108109,0
0.026342846027732233,0
0.0,0
0.0,0
0.05201149425287356,0
0.18304575960830455,0
0.08485176911186318,0
0.050735667174023336,0
0.026342846027732233,0
0.0,0
0.0,0
0.3028861493835651,0
0.0,0
0.0,0
0.30372148859539183,0
0.036514522821576766,0
0.0,0
0.006956521739130435,0
0.024870466321243522,0
0.17937293733935225,0
0.0,0
0.06666666666666667,0
0.0,0
0.3020555095022719,0
0.21846333493947034,0
0.0,0
0.06572729615946388,0
0.18469261084846966,0
0.20857699804778737,0
0.0,0
0.5283426941391896,0
0.353726708074439,0
0.027373823781009412,0
0.0,0
0.0,0
0.024870466321243522,0
0.026249758721641595,0
0.0,0
0.019884890266270317,0
0.011695906432748537,0
0.021000313139187037,0
0.0,0
0.19401769087375575,0
0.0,0
0.19344898754308812,0
0.551754974059027,0
0.08108108108108109,0
0.4362649379044595,0
0.4513548472585791,0
0.040345321244197645,0
0.0,0
0.019825708061002176,0
0.014481094127111826,0
0.0,0
0.18304575960830455,0
0.19458987783446993,0
0.39802077406240344,0
0.551754974059027,0
0.2050914229420878,0
0.4004289907426888,0
0.06602261404496816,0
0.0,0
0.24276433638133887,0
0.38269846879750946,0
0.07572115384615385,0
0.06802721088435375,0
0.0,0
0.0,0
0.09782390357567321,0
0.0,0
0.0,0
0.0,0
0.438285816724998,0
0.3028861493835651,0
0.4510978680918682,0
0.3480760329096863,0
0.33762254901952554,0
0.0,0
0.23606634998378204,0
0.3964318001511474,0
0.0988368922742429,0
0.4513548472585791,0
0.0,0
0.530439530417512,0
0.028060743255989434,0
0.3505930990223415,0
0.013651877133105802,0
0.33762254901952554,0
0.551754974059027,0
0.0,0
0.06602261404496816,0
0.3348484824143151,0
0.0,0
0.0,0
0.0,0
0.11410116738591286,0
0.0,0
0.3396761133602409,0
0.34145569620243466,0
0.416888888890846,0
0.39802077406240344,0
