0.9328358208955224,1
0.917910447761194,1
0.7307692307692307,1
0.7307692307692307,1
0.917910447761194,1
0.917910447761194,1
0.9070631970260223,1
0.8817204301075269,1
0.917910447761194,1
0.917910447761194,1
0.7307692307692307,1
0.7307692307692307,1
0.917910447761194,1
0.917910447761194,1
0.9070631970260223,1
0.8817204301075269,1
0.917910447761194,1
0.7189349112426036,1
0.7189349112426036,1
0.9318181818181818,1
0.9318181818181818,1
0.9070631970260223,1
0.8817204301075269,1
0.9213483146067416,1
0.9112426035502958,1
0.7189349112426036,1
0.7189349112426036,1
0.7130177514792899,1
0.7189349112426036,1
0.7189349112426036,1
0.7189349112426036,1
0.7189349112426036,1
0.7130177514792899,1
0.7189349112426036,1
0.7189349112426036,1
0.9425287356321839,1
0.9070631970260223,1
0.8817204301075269,1
0.9213483146067416,1
0.9070631970260223,1
0.8817204301075269,1
0.9213483146067416,1
0.8745519713261649,1
0.9070631970260223,1
0.8817204301075269,1
0.893687707641196,1
0.867741935483871,1
0.867741935483871,1
0.9666666666666667,1
0.8333333333333334,1
0.8888888888888888,1
0.9021739130434783,1
0.9120879120879121,1
0.9222222222222223,1
0.8924731182795699,1
0.8989169675090253,1
0.8829787234042553,1
0.8661710037174721,1
0.8921933085501859,1
0.8695652173913043,1
0.8791208791208791,1
0.8888888888888888,1
0.8602150537634409,1
0.8664259927797834,1
0.851063829787234,1
0.872093023255814,1
0.8152173913043478,1
0.8241758241758241,1
0.8333333333333334,1
0.8064516129032258,1
0.8122743682310469,1
0.7978723404255319,1
0.8695652173913043,1
0.8791208791208791,1
0.8888888888888888,1
0.8602150537634409,1
0.8664259927797834,1
0.851063829787234,1
0.9347826086956522,1
0.9347826086956522,1
0.9247311827956989,1
0.9314079422382672,1
0.9148936170212766,1
0.945054945054945,1
0.9247311827956989,1
0.9314079422382672,1
0.9148936170212766,1
0.9247311827956989,1
0.9314079422382672,1
0.9148936170212766,1
0.9247311827956989,1
0.9148936170212766,1
0.9397163120567376,1
0.9029126213592233,1
0.9478672985781991,1
0.9803921568627451,1
0.7884615384615384,1
0.7884615384615384,1
0.8601398601398601,1
0.8585365853658536,1
0.8392554991539763,1
0.5228346456692914,1
0.8275462962962963,1
0.8431876606683805,1
0.8258642765685019,1
0.7701298701298701,1
0.7662037037037037,1
0.7682458386683739,1
0.8289473684210527,1
0.922077922077922,1
0.7532467532467533,1
0.7532467532467533,1
0.922077922077922,1
0.8311688311688312,1
0.6507177033492823,1
0.6829268292682927,1
0.6866485013623979,1
0.9512195121951219,1
0.7,1
0.6989247311827957,1
0.6444444444444445,1
0.6236559139784946,1
0.7303370786516854,1
0.6881720430107527,1
0.708,1
0.8741379310344828,1
0.9478672985781991,1
0.7888888888888889,1
0.4418604651162791,1
0.7215189873417721,1
0.3877551020408163,1
0.42483660130718953,1
0.42483660130718953,1
0.4523809523809524,1
0.40425531914893614,1
0.3825503355704698,1
0.38,1
0.4806201550387597,1
0.6333333333333333,1
0.48299319727891155,1
0.40522875816993464,1
0.40522875816993464,1
0.49206349206349204,1
0.5035460992907801,1
0.47651006711409394,1
0.47333333333333333,1
0.4418604651162791,1
0.7551020408163265,1
0.7254901960784313,1
0.7254901960784313,1
0.8604651162790697,1
0.7872340425531915,1
0.7449664429530202,1
0.74,1
0.3877551020408163,1
0.37254901960784315,1
0.37254901960784315,1
0.4523809523809524,1
0.40425531914893614,1
0.3825503355704698,1
0.38,1
0.7254901960784313,1
0.7254901960784313,1
0.7551020408163265,1
0.8775510204081632,1
0.8657718120805369,1
0.86,1
0.803921568627451,1
0.7254901960784313,1
0.7254901960784313,1
0.7254901960784313,1
0.7254901960784313,1
0.7254901960784313,1
0.7254901960784313,1
0.7254901960784313,1
0.7254901960784313,1
0.7872340425531915,1
0.7449664429530202,1
0.74,1
0.8657718120805369,1
0.86,1
0.86,1
0.042071197411003236,0
0.052496798975672214,0
0.3165680473372781,0
0.060411311053984576,0
0.03546099290780142,0
0.34219269102990035,0
0.2558139534883721,0
0.036,0
0.024675324675324677,0
0.03345724907063197,0
0.033582089552238806,0
0.6159420289855072,0
0.003663003663003663,0
0.34563758389261745,0
0.6738351254480287,0
0.0335195530726257,0
0.030201342281879196,0
0.053691275167785234,0
0.06502636203866433,0
0.17041800643086816,0
0.3076923076923077,0
0.033582089552238806,0
0.02176696542893726,0
0.06456692913385827,0
0.064453125,0
0.029310344827586206,0
0.11827956989247312,0
0.03431372549019608,0
0.0747800586510264,0
0.04252199413489736,0
0.01303538175046555,0
0.06493506493506493,0
0.037243947858473,0
0.1639871382636656,0
0.03622047244094488,0
0.046511627906976744,0
0.052,0
0.6159420289855072,0
0.34563758389261745,0
0.029449423815621,0
0.03900709219858156,0
0.2751937984496124,0
0.0335195530726257,0
0.3188010899182561,0
0.031007751937984496,0
0.40439932318104904,0
0.149812734082397,0
0.05026455026455026,0
0.2111111111111111,0
0.28888888888888886,0
0.3709677419354839,0
0.04285714285714286,0
0.07197943444730077,0
0.10650887573964497,0
0.14792899408284024,0
0.0210896309314587,0
0.04332129963898917,0
0.1362397820163488,0
0.023047375160051217,0
0.07716535433070866,0
0.03345724907063197,0
0.040268456375838924,0
0.20717131474103587,0
0.032679738562091505,0
0.02546296296296296,0
0.030201342281879196,0
0.0392156862745098,0
0.02,0
0.040892193308550186,0
0.038917089678511,0
0.032520325203252036,0
0.034013605442176874,0
0.05027932960893855,0
0.028368794326241134,0
0.13805970149253732,0
0.020689655172413793,0
0.03787878787878788,0
0.18587360594795538,0
0.16531165311653118,0
0.07716535433070866,0
0.35906040268456374,0
0.029411764705882353,0
0.03414634146341464,0
0.37407407407407406,0
0.0297951582867784,0
0.05984251968503937,0
0.03125,0
0.043478260869565216,0
0.32038834951456313,0
0.04827586206896552,0
0.540453074433657,0
0.05228758169934641,0
0.06502636203866433,0
0.035856573705179286,0
0.043010752688172046,0
0.1335978835978836,0
0.03782894736842105,0
0.02912621359223301,0
0.03409090909090909,0
0.03935185185185185,0
0.03296703296703297,0
0.6137184115523465,0
0.045454545454545456,0
0.1348314606741573,0
0.031746031746031744,0
0.2857142857142857,0
0.1937984496124031,0
0.033582089552238806,0
0.027972027972027972,0
0.1348314606741573,0
0.03559870550161812,0
0.07421875,0
0.064453125,0
0.03116883116883117,0
0.03409090909090909,0
0.34074074074074073,0
0.12258064516129032,0
0.01646090534979424,0
0.10283687943262411,0
0.02707275803722504,0
0.05673758865248227,0
0.04081632653061224,0
0.02912621359223301,0
0.4519846350832266,0
0.05555555555555555,0
0.02442159383033419,0
0.03333333333333333,0
0.027210884353741496,0
0.031007751937984496,0
0.3388704318936877,0
0.03431372549019608,0
0.023809523809523808,0
0.13636363636363635,0
0.540453074433657,0
0.12790697674418605,0
0.04398148148148148,0
0.3178294573643411,0
0.02113821138211382,0
0.05172413793103448,0
0.13333333333333333,0
0.035381750465549346,0
0.04597701149425287,0
0.15803814713896458,0
0.540453074433657,0
0.05787037037037037,0
0.026392961876832845,0
0.2558139534883721,0
0.044444444444444446,0
0.0603448275862069,0
0.0492091388400703,0
0.04659498207885305,0
0.08103448275862069,0
0.050387596899224806,0
0.1814814814814815,0
0.25838926174496646,0
0.21631205673758866,0
0.2026578073089701,0
0.026771653543307086,0
0.4940828402366864,0
0.27218934911242604,0
0.2097902097902098,0
0.08133971291866028,0
0.05787037037037037,0
0.03812316715542522,0
0.028,0
0.35906040268456374,0
0.0603448275862069,0
0.0425531914893617,0
0.04868913857677903,0
0.064453125,0
0.02707275803722504,0
0.34657039711191334,0
0.04924242424242424,0
0.13043478260869565,0
0.036,0
0.21035598705501618,0
0.03009259259259259,0
0.04552845528455285,0
0.15053763440860216,0
0.11989100817438691,0
0.02662037037037037,0
0.041005291005291,0
0.85,1
1.0,1
0.6666666666666666,1
1.0,1
0.8913043478260869,1
0.7542857142857143,1
0.6685714285714286,1
0.5,1
0.7213114754098361,1
0.9138381201044387,1
0.9855595667870036,1
0.9,1
0.7586206896551724,1
1.0,1
0.8309859154929577,1
0.855072463768116,1
0.6363636363636364,1
0.9014084507042254,1
1.0,1
1.0,1
1.0,1
1.0,1
1.0,1
1.0,1
1.0,1
1.0,1
1.0,1
1.0,1
1.0,1
0.7054263565891473,1
1.0,1
1.0,1
0.8256880733944955,1
0.9578947368421052,1
0.8118811881188119,1
0.9333333333333333,1
0.76,1
0.7524752475247525,1
0.9405940594059405,1
0.81,1
1.0,1
1.0,1
0.6764705882352942,1
0.680672268907563,1
0.8018018018018018,1
0.6178861788617886,1
0.6218487394957983,1
0.7560975609756098,1
0.6585365853658537,1
0.8106508875739645,1
0.7787610619469026,1
0.6666666666666666,1
0.8771929824561403,1
0.8983050847457628,1
0.8833333333333333,1
0.7796610169491526,1
0.7796610169491526,1
0.7666666666666667,1
0.8983050847457628,1
0.9833333333333333,1
0.8813559322033898,1
0.8666666666666667,1
1.0,1
1.0,1
1.0,1
1.0,1
1.0,1
1.0,1
1.0,1
1.0,1
1.0,1
1.0,1
1.0,1
0.8533333333333334,1
0.8235294117647058,1
0.6551724137931034,1
0.7976878612716763,1
0.7419354838709677,1
0.7798507462686567,1
0.6791044776119403,1
0.7,1
0.8732394366197183,1
0.6818181818181818,1
0.6901408450704225,1
0.627906976744186,1
1.0,1
0.9803370786516854,1
0.8914728682170543,1
0.8914728682170543,1
0.905511811023622,1
0.9705882352941176,1
0.9528301886792453,1
1.0,1
1.0,1
0.6985294117647058,1
0.8045112781954887,1
0.7425742574257426,1
0.7972350230414746,1
0.7419354838709677,1
0.8341013824884793,1
0.7788018433179723,1
0.9447004608294931,1
0.631336405529954,1
0.5967741935483871,1
0.9327731092436975,1
0.6666666666666666,1
0.6127450980392157,1
0.7470997679814385,1
0.7983193277310925,1
0.7002801120448179,1
0.6082725060827251,1
0.6642156862745098,1
0.7958236658932715,1
0.7372881355932204,1
0.7655367231638418,1
0.7197640117994101,1
1.0,1
0.9211956521739131,1
0.7197640117994101,1
0.7675675675675676,1
0.7405405405405405,1
0.7297297297297297,1
0.7486338797814208,1
0.7627118644067796,1
0.819672131147541,1
0.7197640117994101,1
0.6630434782608695,1
0.8982456140350877,1
0.7317073170731707,1
1.0,1
0.7804878048780488,1
0.9397590361445783,1
0.7317073170731707,1
0.6349206349206349,1
0.5714285714285714,1
0.6349206349206349,1
0.5636363636363636,1
0.6349206349206349,1
0.6349206349206349,1
0.6349206349206349,1
0.5106382978723404,1
0.5172413793103449,1
0.43386243386243384,1
0.4293193717277487,1
0.7228915662650602,1
0.9447004608294931,1
0.9447004608294931,1
0.5806451612903226,1
0.9130434782608695,1
0.5727272727272728,1
0.8936170212765957,1
0.9130434782608695,1
0.9130434782608695,1
0.5361702127659574,1
0.5431034482758621,1
0.6304347826086957,1
0.45549738219895286,1
0.6359447004608295,1
0.9318181818181818,1
0.5806451612903226,1
0.5806451612903226,1
0.5806451612903226,1
0.5361702127659574,1
0.5431034482758621,1
0.4009216589861751,1
0.7649769585253456,1
0.5727272727272728,1
0.8936170212765957,1
0.9130434782608695,1
0.9130434782608695,1
0.5361702127659574,1
0.5431034482758621,1
0.6304347826086957,1
0.45549738219895286,1
0.6409090909090909,1
0.5727272727272728,1
0.5727272727272728,1
0.5361702127659574,1
0.5431034482758621,1
0.39545454545454545,1
0.7545454545454545,1
0.7317073170731707,1
0.9230769230769231,1
0.7831325301204819,1
1.0,1
0.8936170212765957,1
0.8936170212765957,1
0.5361702127659574,1
0.5431034482758621,1
0.6170212765957447,1
0.45549738219895286,1
0.9294117647058824,1
0.9080459770114943,1
0.9294117647058824,1
0.9294117647058824,1
0.9294117647058824,1
0.9294117647058824,1
1.0,1
0.9294117647058824,1
0.9080459770114943,1
0.9294117647058824,1
0.9294117647058824,1
0.9294117647058824,1
0.9294117647058824,1
0.9447004608294931,1
1.0,1
0.9130434782608695,1
0.5361702127659574,1
0.5431034482758621,1
0.6444444444444445,1
0.45549738219895286,1
0.5361702127659574,1
0.5431034482758621,1
0.6014492753623188,1
0.4973821989528796,1
0.9166666666666666,1
1.0,1
0.9166666666666666,1
0.9340659340659341,1
1.0,1
0.9340659340659341,1
0.9426751592356688,1
0.9166666666666666,1
1.0,1
0.9340659340659341,1
1.0,1
0.9234042553191489,1
0.3702127659574468,1
0.3702127659574468,1
0.9080459770114943,1
0.9404761904761905,1
0.9404761904761905,1
0.9404761904761905,1
0.9404761904761905,1
0.9294117647058824,1
1.0,1
0.9080459770114943,1
0.9404761904761905,1
0.9404761904761905,1
0.9404761904761905,1
0.9404761904761905,1
0.9080459770114943,1
0.9080459770114943,1
0.9080459770114943,1
0.9080459770114943,1
0.9080459770114943,1
0.9080459770114943,1
1.0,1
0.9080459770114943,1
0.9080459770114943,1
0.9080459770114943,1
0.9080459770114943,1
0.9518072289156626,1
0.9404761904761905,1
0.9518072289156626,1
0.9294117647058824,1
0.9404761904761905,1
0.9080459770114943,1
1.0,1
0.9518072289156626,1
0.9404761904761905,1
0.9518072289156626,1
0.375,1
0.375,1
0.9211956521739131,1
0.7197640117994101,1
0.9404761904761905,1
0.9518072289156626,1
0.9294117647058824,1
0.9404761904761905,1
0.9080459770114943,1
0.9518072289156626,1
1.0,1
0.9404761904761905,1
0.9518072289156626,1
0.9404761904761905,1
0.9294117647058824,1
0.9404761904761905,1
0.9080459770114943,1
0.9404761904761905,1
0.9404761904761905,1
1.0,1
0.9404761904761905,1
0.9294117647058824,1
0.9404761904761905,1
0.9080459770114943,1
0.9518072289156626,1
0.9518072289156626,1
0.9404761904761905,1
1.0,1
1.0,1
0.3983050847457627,1
0.5481927710843374,1
0.7288135593220338,1
1.0,1
0.3983050847457627,1
0.3674698795180723,1
0.46511627906976744,1
0.3983050847457627,1
1.0,1
0.8163265306122449,1
1.0,1
0.8163265306122449,1
0.9416058394160584,1
0.7842227378190255,1
0.7858880778588808,1
0.7493917274939172,1
0.8329466357308585,1
0.7328431372549019,1
0.8063725490196079,1
0.8163265306122449,1
1.0,1
0.580046403712297,1
0.6496519721577726,1
0.5445026178010471,1
0.8354430379746836,1
0.8952095808383234,1
0.5212121212121212,1
0.85,1
0.7906976744186046,1
0.7857142857142857,1
0.5060240963855421,1
0.5481927710843374,1
0.3674698795180723,1
0.7288135593220338,1
0.46511627906976744,1
0.6376146788990825,1
0.6877470355731226,1
0.7058823529411765,1
0.7418478260869565,1
0.849435382685069,1
0.8344370860927153,1
0.3014354066985646,1
0.8777777777777778,1
0.9539078156312625,1
0.8614864864864865,1
0.9156626506024096,1
0.875,1
0.722972972972973,1
1.0,1
0.7804878048780488,1
0.9397590361445783,1
0.7317073170731707,1
0.7228915662650602,1
0.9230769230769231,1
0.7831325301204819,1
0.9294117647058824,1
0.9080459770114943,1
0.9294117647058824,1
0.9294117647058824,1
0.9294117647058824,1
0.9294117647058824,1
0.9166666666666666,1
0.9340659340659341,1
0.9080459770114943,1
0.9404761904761905,1
0.9404761904761905,1
0.9404761904761905,1
0.9404761904761905,1
0.9080459770114943,1
0.9080459770114943,1
0.9080459770114943,1
0.9080459770114943,1
0.9518072289156626,1
0.9404761904761905,1
0.9518072289156626,1
0.9404761904761905,1
0.9518072289156626,1
0.9404761904761905,1
0.3983050847457627,1
0.8163265306122449,1
0.85,1
0.07920792079207921,0
0.04895104895104895,0
0.13333333333333333,0
0.0,0
0.019417475728155338,0
0.0,0
0.2645161290322581,0
0.06718346253229975,0
0.0,0
0.17050691244239632,0
0.03296703296703297,0
0.040268456375838924,0
0.007462686567164179,0
0.11494252873563218,0
0.005221932114882507,0
0.08391608391608392,0
0.7831325301204819,0
0.1774193548387097,0
0.03431372549019608,0
0.05649717514124294,0
0.014492753623188406,0
0.060240963855421686,0
0.15762273901808785,0
0.01444043321299639,0
0.165374677002584,0
0.1925925925925926,0
0.04895104895104895,0
0.06324110671936758,0
0.036231884057971016,0
0.04895104895104895,0
0.011834319526627219,0
0.028985507246376812,0
0.35507246376811596,0
0.021660649819494584,0
0.05084745762711865,0
0.029411764705882353,0
0.04142011834319527,0
0.046153846153846156,0
0.029542097488921712,0
0.1414790996784566,0
0.061946902654867256,0
0.013824884792626729,0
0.16176470588235295,0
0.0989010989010989,0
0.027972027972027972,0
0.08433734939759036,0
0.036231884057971016,0
0.013513513513513514,0
0.033112582781456956,0
0.01694915254237288,0
0.23529411764705882,0
0.020671834625323,0
0.14402173913043478,0
0.09003215434083602,0
0.019417475728155338,0
0.0391304347826087,0
0.6867469879518072,0
0.04142011834319527,0
0.1435523114355231,0
0.05263157894736842,0
0.03669724770642202,0
0.0641025641025641,0
0.07373271889400922,0
0.026119402985074626,0
0.13541666666666666,0
0.08108108108108109,0
0.031746031746031744,0
0.023255813953488372,0
0.2698412698412698,0
0.07344632768361582,0
0.05067567567567568,0
0.06521739130434782,0
0.09166666666666666,0
0.045112781954887216,0
0.06818181818181818,0
0.023255813953488372,0
0.025094102885821833,0
0.0,0
0.013986013986013986,0
0.0457516339869281,0
0.1070559610705596,0
0.011299435028248588,0
0.036414565826330535,0
0.013245033112582781,0
0.16666666666666666,0
0.5064102564102564,0
0.012048192771084338,0
0.14754098360655737,0
0.016666666666666666,0
0.04895104895104895,0
0.032490974729241874,0
0.044444444444444446,0
0.08849557522123894,0
0.058823529411764705,0
0.09900990099009901,0
0.04895104895104895,0
0.023529411764705882,0
0.056910569105691054,0
0.05426356589147287,0
0.029850746268656716,0
0.03773584905660377,0
0.5408163265306123,0
0.03684210526315789,0
0.03636363636363636,0
0.14457831325301204,0
0.035398230088495575,0
0.01545253863134658,0
0.047619047619047616,0
0.061946902654867256,0
0.165374677002584,0
0.37058823529411766,0
0.09090909090909091,0
0.0,0
0.1435523114355231,0
0.09090909090909091,0
0.11059907834101383,0
0.014705882352941176,0
0.3503480278422274,0
0.046153846153846156,0
0.27155172413793105,0
0.0,0
0.016304347826086956,0
0.06976744186046512,0
0.01358695652173913,0
0.23668639053254437,0
0.2826086956521739,0
0.04878048780487805,0
0.34615384615384615,0
0.19090909090909092,0
0.0,0
0.65,0
0.01764705882352941,0
0.017699115044247787,0
0.014749262536873156,0
0.1941747572815534,0
0.0,0
0.016666666666666666,0
0.018050541516245487,0
0.022935779816513763,0
0.027972027972027972,0
0.17446808510638298,0
0.02364864864864865,0
0.11176470588235295,0
0.0641025641025641,0
0.08130081300813008,0
0.0,0
0.271889400921659,0
0.03825136612021858,0
0.3013698630136986,0
0.07777777777777778,0
0.0,0
0.022988505747126436,0
0.01050420168067227,0
0.0708955223880597,0
0.44166666666666665,0
0.4803921568627451,0
0.0196078431372549,0
0.46958637469586373,0
0.058333333333333334,0
0.22580645161290322,0
0.03571428571428571,0
0.17578125,0
0.01631116687578419,0
0.04597701149425287,0
0.03597122302158273,0
0.0,0
0.15476190476190477,0
0.0,0
0.20689655172413793,0
0.37168141592920356,0
0.12686567164179105,0
0.015197568389057751,0
0.022988505747126436,0
0.004784688995215311,0
0.017241379310344827,0
0.02654867256637168,0
0.13253012048192772,0
0.026587887740029542,0
0.023529411764705882,0
0.21052631578947367,0
0.10344827586206896,0
0.06451612903225806,0
0.21014492753623187,0
0.0196078431372549,0
0.5502958579881657,0
0.0196078431372549,0
0.35714285714285715,0
0.03006012024048096,0
0.7261904761904762,0
0.058823529411764705,0
0.029411764705882353,0
0.028938906752411574,0
0.0668693009118541,0
0.05952380952380952,0
0.03804347826086957,0
0.05202312138728324,0
0.15827338129496402,0
0.054945054945054944,0
0.043478260869565216,0
0.023255813953488372,0
0.034383954154727794,0
0.04895104895104895,0
0.7195121951219512,0
0.0546448087431694,0
0.4497354497354497,0
0.0,0
0.0267639902676399,0
0.20297029702970298,0
0.013986013986013986,0
0.03550295857988166,0
0.43478260869565216,0
0.16032608695652173,0
0.16032608695652173,0
0.05760709010339734,0
0.32941176470588235,0
0.7168949771689498,0
0.03651685393258427,0
0.022508038585209004,0
0.15606936416184972,0
0.03225806451612903,0
0.014124293785310734,0
0.05555555555555555,0
0.09615384615384616,0
0.01937984496124031,0
0.2916666666666667,0
0.02869757174392936,0
0.03065134099616858,0
0.2916666666666667,0
0.2184873949579832,0
0.1417910447761194,0
0.05511811023622047,0
0.02962962962962963,0
0.04895104895104895,0
0.07692307692307693,0
0.11483253588516747,0
0.029411764705882353,0
0.031055900621118012,0
0.06266318537859007,0
0.02981029810298103,0
0.03225806451612903,0
0.0867579908675799,0
0.013824884792626729,0
0.07647058823529412,0
0.03006012024048096,0
0.054878048780487805,0
0.008016032064128256,0
0.5902255639097744,0
0.03271028037383177,0
0.07027027027027027,0
0.1326530612244898,0
0.02912621359223301,0
0.025522041763341066,0
0.055944055944055944,0
0.015037593984962405,0
0.2753623188405797,0
0.0,0
0.03480278422273782,0
0.049019607843137254,0
0.027972027972027972,0
0.2761904761904762,0
0.01293103448275862,0
0.735632183908046,0
0.043478260869565216,0
0.07142857142857142,0
0.07317073170731707,0
0.013986013986013986,0
0.043478260869565216,0
0.06956521739130435,0
0.06521739130434782,0
0.0136986301369863,0
0.01293103448275862,0
0.049019607843137254,0
0.08294930875576037,0
0.02100840336134454,0
0.04895104895104895,0
0.03951367781155015,0
0.07936507936507936,0
0.06666666666666667,0
0.08085106382978724,0
0.02869757174392936,0
0.055944055944055944,0
0.027777777777777776,0
0.014005602240896359,0
0.5346534653465347,0
0.09615384615384616,0
0.026923076923076925,0
0.04395604395604396,0
0.08955223880597014,0
0.8588235294117647,0
0.225,0
0.05555555555555555,0
0.03389830508474576,0
0.033707865168539325,0
0.011627906976744186,0
0.23853211009174313,0
0.045662100456621,0
0.042105263157894736,0
0.07571801566579635,0
0.019801980198019802,0
0.03431372549019608,0
0.029411764705882353,0
0.17777777777777778,0
0.0930576070901034,0
0.03825136612021858,0
0.15625,0
0.12389380530973451,0
0.02207505518763797,0
0.013986013986013986,0
0.028011204481792718,0
0.014388489208633094,0
0.03515625,0
0.0738255033557047,0
0.0,0
0.026455026455026454,0
0.041044776119402986,0
0.0594059405940594,0
0.031818181818181815,0
0.047619047619047616,0
0.0234375,0
0.03529411764705882,0
0.0058997050147492625,0
0.02912621359223301,0
0.05054151624548736,0
0.20105820105820105,0
0.01098901098901099,0
0.13253012048192772,0
0.011976047904191617,0
0.02681992337164751,0
0.14749262536873156,0
0.023529411764705882,0
0.018036072144288578,0
0.5797101449275363,0
0.009009009009009009,0
0.007194244604316547,0
0.010830324909747292,0
0.1044776119402985,0
0.02097902097902098,0
0.1834862385321101,0
0.009345794392523364,0
0.17894736842105263,0
0.02168021680216802,0
0.05928853754940711,0
0.03859649122807018,0
0.05970149253731343,0
0.40514469453376206,0
0.08433734939759036,0
0.09090909090909091,0
0.009900990099009901,0
0.023715415019762844,0
0.023809523809523808,0
0.01545253863134658,0
0.032520325203252036,0
0.07329842931937172,0
0.05309734513274336,0
0.014925373134328358,0
0.07428571428571429,0
0.06293706293706294,0
0.0,0
0.014326647564469915,0
0.10071942446043165,0
0.0,0
0.1258741258741259,0
0.028901734104046242,0
0.1870967741935484,0
0.06788511749347259,0
0.024096385542168676,0
0.014005602240896359,0
0.0273109243697479,0
0.05747126436781609,0
0.5570652173913043,0
0.1945945945945946,0
0.027972027972027972,0
0.5987460815047022,1
0.8461538461538461,1
0.91324200913242,1
0.9617224880382775,1
0.95260663507109,1
0.9617224880382775,1
0.9617224880382775,1
0.95260663507109,1
0.9436619718309859,1
0.91324200913242,1
0.91324200913242,1
0.91324200913242,1
0.91324200913242,1
0.91324200913242,1
0.91324200913242,1
0.95260663507109,1
0.9617224880382775,1
0.9617224880382775,1
0.95260663507109,1
0.9436619718309859,1
0.95260663507109,1
0.95260663507109,1
0.95260663507109,1
0.9436619718309859,1
0.9617224880382775,1
0.95260663507109,1
0.9436619718309859,1
0.95260663507109,1
0.9436619718309859,1
0.9436619718309859,1
0.7874396135265701,1
0.83125,1
0.7597276264591439,1
0.7317708333333334,1
0.6484375,1
0.9015444015444015,1
0.8056042031523643,1
0.6350974930362117,1
0.5929778933680104,1
0.8231173380035026,1
0.6518105849582173,1
0.659297789336801,1
0.7896935933147632,1
0.7373211963589077,1
0.9336801040312094,1
0.704,1
0.704,1
0.704,1
0.704,1
0.704,1
0.704,1
0.8712871287128713,1
0.8543689320388349,1
0.8712871287128713,1
0.8712871287128713,1
0.7927927927927928,1
0.8543689320388349,1
0.88,1
0.88,1
0.7927927927927928,1
0.8543689320388349,1
0.8543689320388349,1
0.7927927927927928,1
0.88,1
0.7927927927927928,1
0.7927927927927928,1
0.6191369606003753,1
0.9156118143459916,1
0.5051546391752577,1
0.5051546391752577,1
0.5051546391752577,1
0.5051546391752577,1
0.5051546391752577,1
0.5051546391752577,1
0.5051546391752577,1
0.5051546391752577,1
0.8757763975155279,1
0.8493975903614458,1
0.8757763975155279,1
0.8757763975155279,1
0.8245614035087719,1
0.8493975903614458,1
0.8011363636363636,1
0.8493975903614458,1
0.8757763975155279,1
0.8757763975155279,1
0.8245614035087719,1
0.8493975903614458,1
0.8011363636363636,1
0.8493975903614458,1
0.8493975903614458,1
0.8245614035087719,1
0.8493975903614458,1
0.8011363636363636,1
0.7548387096774194,1
0.8757763975155279,1
0.8245614035087719,1
0.8493975903614458,1
0.8011363636363636,1
0.8245614035087719,1
0.8493975903614458,1
0.8011363636363636,1
0.8245614035087719,1
0.8011363636363636,1
0.8011363636363636,1
0.782051282051282,1
0.7293729372937293,1
0.8602620087336245,1
0.7766497461928934,1
0.8794642857142857,1
0.6830357142857143,1
1.0,1
0.9518599562363238,1
0.88,1
0.9243027888446215,1
0.966804979253112,1
0.9588477366255144,1
0.966804979253112,1
0.966804979253112,1
0.9588477366255144,1
0.9510204081632653,1
0.9243027888446215,1
0.9243027888446215,1
0.9243027888446215,1
0.9243027888446215,1
0.9243027888446215,1
0.9243027888446215,1
0.9588477366255144,1
0.966804979253112,1
0.966804979253112,1
0.9588477366255144,1
0.9510204081632653,1
0.9588477366255144,1
0.9588477366255144,1
0.9588477366255144,1
0.9510204081632653,1
0.966804979253112,1
0.9588477366255144,1
0.9510204081632653,1
0.9588477366255144,1
0.9510204081632653,1
0.9510204081632653,1
0.7177242888402626,1
0.9396551724137931,1
0.923728813559322,1
0.9316239316239316,1
0.9478260869565217,1
0.9396551724137931,1
0.9316239316239316,1
0.9491525423728814,1
0.9572649572649573,1
0.9655172413793104,1
0.9655172413793104,1
0.9572649572649573,1
0.9491525423728814,1
0.9491525423728814,1
0.9491525423728814,1
0.9491525423728814,1
0.9572649572649573,1
0.9572649572649573,1
0.9572649572649573,1
0.9655172413793104,1
0.9572649572649573,1
0.9572649572649573,1
0.84375,1
0.84375,1
0.84375,1
0.84375,1
0.84375,1
0.84375,1
0.9487179487179487,1
0.9568965517241379,1
0.9652173913043478,1
0.9652173913043478,1
0.9568965517241379,1
0.9487179487179487,1
0.9487179487179487,1
0.9487179487179487,1
0.9487179487179487,1
0.9568965517241379,1
0.9568965517241379,1
0.9568965517241379,1
0.9652173913043478,1
0.9568965517241379,1
0.9568965517241379,1
0.8793103448275862,1
0.8793103448275862,1
0.8793103448275862,1
0.8793103448275862,1
0.8793103448275862,1
0.8793103448275862,1
0.944954128440367,1
0.9537037037037037,1
0.9626168224299065,1
0.9626168224299065,1
0.9537037037037037,1
0.944954128440367,1
0.944954128440367,1
0.944954128440367,1
0.944954128440367,1
0.9537037037037037,1
0.9537037037037037,1
0.9537037037037037,1
0.9626168224299065,1
0.9537037037037037,1
0.9537037037037037,1
0.8782608695652174,1
0.8782608695652174,1
0.8782608695652174,1
0.8782608695652174,1
0.8782608695652174,1
0.8782608695652174,1
0.9444444444444444,1
0.9532710280373832,1
0.9622641509433962,1
0.9622641509433962,1
0.9532710280373832,1
0.9444444444444444,1
0.9444444444444444,1
0.9444444444444444,1
0.9444444444444444,1
0.9532710280373832,1
0.9532710280373832,1
0.9532710280373832,1
0.9622641509433962,1
0.9532710280373832,1
0.9532710280373832,1
0.9712643678160919,1
0.9712643678160919,1
0.9712643678160919,1
0.9657142857142857,1
0.9712643678160919,1
0.9712643678160919,1
0.9602272727272727,1
0.976878612716763,1
0.9712643678160919,1
0.9657142857142857,1
0.976878612716763,1
0.976878612716763,1
0.9602272727272727,1
0.9712643678160919,1
0.9657142857142857,1
0.976878612716763,1
0.976878612716763,1
0.9602272727272727,1
0.9657142857142857,1
0.9712643678160919,1
0.9712643678160919,1
0.9602272727272727,1
0.9657142857142857,1
0.9657142857142857,1
0.9602272727272727,1
0.976878612716763,1
0.9602272727272727,1
0.9602272727272727,1
0.9322916666666666,1
0.9322916666666666,1
0.9226804123711341,1
0.927461139896373,1
0.93717277486911,1
0.9322916666666666,1
0.927461139896373,1
0.9211822660098522,1
0.8883248730964467,1
0.8928571428571429,1
0.8974358974358975,1
0.8883248730964467,1
0.8838383838383839,1
0.8928571428571429,1
0.8928571428571429,1
0.9791666666666666,1
0.9690721649484536,1
0.9740932642487047,1
0.9791666666666666,1
0.9791666666666666,1
0.9740932642487047,1
0.9014778325123153,1
0.934010152284264,1
0.9387755102040817,1
0.9435897435897436,1
0.934010152284264,1
0.9292929292929293,1
0.9387755102040817,1
0.9591836734693877,1
0.9690721649484536,1
0.9740932642487047,1
0.9791666666666666,1
0.9791666666666666,1
0.9740932642487047,1
0.9014778325123153,1
0.934010152284264,1
0.9387755102040817,1
0.9435897435897436,1
0.934010152284264,1
0.9292929292929293,1
0.9591836734693877,1
0.9387755102040817,1
0.9690721649484536,1
0.9690721649484536,1
0.9690721649484536,1
0.9690721649484536,1
0.9014778325123153,1
0.934010152284264,1
0.9387755102040817,1
0.9435897435897436,1
0.934010152284264,1
0.9595959595959596,1
0.9387755102040817,1
0.9387755102040817,1
0.9740932642487047,1
0.9740932642487047,1
0.9740932642487047,1
0.9014778325123153,1
0.934010152284264,1
0.9387755102040817,1
0.9435897435897436,1
0.9593908629441624,1
0.9292929292929293,1
0.9387755102040817,1
0.9387755102040817,1
0.9791666666666666,1
0.9740932642487047,1
0.9014778325123153,1
0.934010152284264,1
0.9387755102040817,1
0.958974358974359,1
0.934010152284264,1
0.9292929292929293,1
0.9387755102040817,1
0.9387755102040817,1
0.9740932642487047,1
0.9014778325123153,1
0.934010152284264,1
0.9591836734693877,1
0.9435897435897436,1
0.934010152284264,1
0.9292929292929293,1
0.9387755102040817,1
0.9387755102040817,1
0.9014778325123153,1
0.9593908629441624,1
0.9387755102040817,1
0.9435897435897436,1
0.934010152284264,1
0.9292929292929293,1
0.9387755102040817,1
0.9387755102040817,1
0.9408866995073891,1
0.9408866995073891,1
0.9408866995073891,1
0.9408866995073891,1
0.9408866995073891,1
0.9408866995073891,1
0.9408866995073891,1
0.9746192893401016,1
0.9746192893401016,1
0.9746192893401016,1
0.9696969696969697,1
0.9746192893401016,1
0.9746192893401016,1
0.9795918367346939,1
0.9746192893401016,1
0.9696969696969697,1
0.9795918367346939,1
0.9795918367346939,1
0.9746192893401016,1
0.9696969696969697,1
0.9795918367346939,1
0.9795918367346939,1
0.9696969696969697,1
0.9746192893401016,1
0.9746192893401016,1
0.9696969696969697,1
0.9696969696969697,1
0.9795918367346939,1
0.6884422110552764,1
0.6884422110552764,1
0.6884422110552764,1
0.6884422110552764,1
0.6884422110552764,1
0.6884422110552764,1
0.6884422110552764,1
0.6884422110552764,1
0.965034965034965,1
0.965034965034965,1
0.965034965034965,1
0.9583333333333334,1
0.965034965034965,1
0.9194630872483222,1
0.965034965034965,1
0.971830985915493,1
0.965034965034965,1
0.9583333333333334,1
0.971830985915493,1
0.9194630872483222,1
0.971830985915493,1
0.965034965034965,1
0.9583333333333334,1
0.971830985915493,1
0.9194630872483222,1
0.971830985915493,1
0.9583333333333334,1
0.965034965034965,1
0.9194630872483222,1
0.965034965034965,1
0.9583333333333334,1
0.9194630872483222,1
0.9583333333333334,1
0.9194630872483222,1
0.971830985915493,1
0.9194630872483222,1
0.9681978798586572,1
0.0075046904315197,0
0.03564727954971857,0
0.06763285024154589,0
0.06763285024154589,0
0.2139917695473251,0
0.3826530612244898,0
0.291866028708134,0
0.03225806451612903,0
0.04219409282700422,0
0.38860103626943004,0
0.11063829787234042,0
0.13705583756345177,0
0.05806451612903226,0
0.7071129707112971,0
0.13705583756345177,0
0.03829787234042553,0
0.15816326530612246,0
0.024719101123595506,0
0.09840425531914894,0
0.04044943820224719,0
0.0398406374501992,0
0.02666666666666667,0
0.02181818181818182,0
0.1934156378600823,0
0.16666666666666666,0
0.15283842794759825,0
0.03375527426160337,0
0.1825726141078838,0
0.390625,0
0.08695652173913043,0
0.152,0
0.4375,0
0.0297723292469352,0
0.9043478260869565,0
0.012867647058823529,0
0.05907172995780591,0
0.08695652173913043,0
0.05485232067510549,0
0.02127659574468085,0
0.112,0
0.0696629213483146,0
0.09859154929577464,0
0.013618677042801557,0
0.3333333333333333,0
0.07055630936227951,0
0.02666666666666667,0
0.16230366492146597,0
0.010948905109489052,0
0.3168724279835391,0
0.029459901800327332,0
0.390625,0
0.9026548672566371,0
0.012522361359570662,0
0.0075046904315197,0
0.13405797101449277,0
0.4742857142857143,0
0.5459770114942529,0
0.03676470588235294,0
0.0814111261872456,0
0.1615720524017467,0
0.027878787878787878,0
0.04247104247104247,0
0.05689277899343545,0
0.2300469483568075,0
0.05907172995780591,0
0.0364963503649635,0
0.023166023166023165,0
0.05485232067510549,0
0.11063829787234042,0
0.04044943820224719,0
0.23444976076555024,0
0.01935483870967742,0
0.9026548672566371,0
0.046948356807511735,0
0.028622540250447227,0
0.13333333333333333,0
0.05,0
0.6735751295336787,0
0.05698778833107191,0
0.020833333333333332,0
0.23222748815165878,0
0.6735751295336787,0
0.044897959183673466,0
0.8596491228070176,0
0.049079754601226995,0
0.03829787234042553,0
0.528169014084507,0
0.1908713692946058,0
0.04784688995215311,0
0.025735294117647058,0
0.03428571428571429,0
0.06763285024154589,0
0.47435897435897434,0
0.05955334987593052,0
0.03938730853391685,0
0.038461538461538464,0
0.024549918166939442,0
0.9043478260869565,0
0.09395973154362416,0
0.1326530612244898,0
0.12757201646090535,0
0.6751269035532995,0
0.09187279151943463,0
0.13846153846153847,0
0.5244755244755245,0
0.0364963503649635,0
0.07218683651804671,0
0.02181818181818182,0
0.5531914893617021,0
0.05897435897435897,0
0.13031914893617022,0
0.09187279151943463,0
0.2191780821917808,0
0.08695652173913043,0
0.2033195020746888,0
0.03734439834024896,0
0.8782608695652174,0
0.3711340206185567,0
0.13705583756345177,0
0.48255813953488375,0
0.5142857142857142,0
0.04526748971193416,0
0.48255813953488375,0
0.016129032258064516,0
0.13405797101449277,0
0.02,0
0.012867647058823529,0
0.009478672985781991,0
0.061855670103092786,0
0.09859154929577464,0
0.04225352112676056,0
0.012211668928086838,0
0.37185929648241206,0
0.38860103626943004,0
0.016713091922005572,0
0.01935483870967742,0
0.37185929648241206,0
0.034482758620689655,0
0.06763285024154589,0
0.08040201005025126,0
0.0247074122236671,0
0.059574468085106386,0
0.16521739130434782,0
0.028622540250447227,0
0.4431818181818182,0
0.05806451612903226,0
0.09202453987730061,0
0.3979591836734694,0
0.06066176470588235,0
0.38071065989847713,0
0.04031209362808843,0
0.11458333333333333,0
0.15625,0
0.02696629213483146,0
0.10231023102310231,0
0.09570957095709572,0
0.011166253101736972,0
0.6717171717171717,0
0.8717948717948718,0
0.04081632653061224,0
0.0297029702970297,0
0.04317548746518106,0
0.08695652173913043,0
0.043782837127845885,0
0.16091954022988506,0
0.06329113924050633,0
0.013618677042801557,0
0.01848249027237354,0
0.03076923076923077,0
0.04602510460251046,0
0.13405797101449277,0
0.12371134020618557,0
0.045936395759717315,0
0.0091324200913242,0
0.059574468085106386,0
0.039399624765478425,0
0.05908096280087528,0
0.3711340206185567,0
0.20164609053497942,0
0.5202312138728323,0
0.3105022831050228,0
0.536144578313253,0
0.22274881516587677,0
0.01935483870967742,0
0.08588957055214724,0
0.06329113924050633,0
0.05531914893617021,0
0.375,0
0.3697916666666667,0
0.20920502092050208,0
0.03146067415730337,0
0.02,0
0.03180212014134275,0
0.10559006211180125,0
0.03146067415730337,0
0.06763285024154589,0
0.168141592920354,0
0.16091954022988506,0
0.043824701195219126,0
0.13333333333333333,0
0.021709633649932156,0
0.8521739130434782,0
0.027855153203342618,0
0.015957446808510637,0
0.08533916849015317,0
0.8448275862068966,0
0.0411522633744856,0
0.034818941504178275,0
0.02666666666666667,0
0.18326693227091634,0
0.9576271186440678,0
0.15270935960591134,0
0.4,0
0.8717948717948718,0
0.015730337078651686,0
0.036410923276983094,0
0.0364963503649635,0
0.112,0
0.051094890510948905,0
0.14130434782608695,0
0.021709633649932156,0
0.06481481481481481,0
0.04031209362808843,0
0.02666666666666667,0
0.3263598326359833,0
0.15736040609137056,0
0.08433734939759036,0
0.22705314009661837,0
0.20502092050209206,0
0.6820512820512821,0
0.06763285024154589,0
0.3206751054852321,0
0.053003533568904596,0
0.17959183673469387,0
0.013333333333333334,0
0.15736040609137056,0
0.1592356687898089,0
0.9026548672566371,0
0.015604681404421327,0
0.3711340206185567,0
0.9074074074074074,0
0.8521739130434782,0
0.16230366492146597,0
0.1320754716981132,0
0.04826254826254826,0
0.03180212014134275,0
0.011166253101736972,0
0.038202247191011236,0
0.03667953667953668,0
0.18326693227091634,0
0.4508670520231214,0
0.16772823779193205,0
0.03938730853391685,0
0.061855670103092786,0
0.043209876543209874,0
0.18326693227091634,0
0.04493207941483804,0
0.19246861924686193,0
0.03180212014134275,0
0.37185929648241206,0
0.04779411764705882,0
0.08695652173913043,0
0.09859154929577464,0
0.14130434782608695,0
0.37948717948717947,0
0.11282051282051282,0
0.9568965517241379,0
0.013618677042801557,0
0.0297723292469352,0
0.08917197452229299,0
0.10722100656455143,0
0.22488038277511962,0
0.2163265306122449,0
0.03125,0
0.028645833333333332,0
0.037037037037037035,0
0.12138728323699421,0
0.08187134502923976,0
0.029459901800327332,0
0.11518324607329843,0
0.13705583756345177,0
0.017639077340569877,0
0.051094890510948905,0
0.14130434782608695,0
0.05670103092783505,0
0.3236514522821577,0
0.06345733041575492,0
0.3826530612244898,0
0.12173913043478261,0
0.05759162303664921,0
0.041935483870967745,0
0.05806451612903226,0
0.0219435736677116,0
0.04317548746518106,0
0.0247074122236671,0
0.02666666666666667,0
0.37185929648241206,0
0.1377551020408163,0
0.05470459518599562,0
0.028446389496717725,0
0.8448275862068966,0
0.015604681404421327,0
0.23222748815165878,0
0.4966442953020134,0
0.07954545454545454,0
0.04602510460251046,0
0.22274881516587677,0
0.08808290155440414,0
0.037037037037037035,0
0.3958333333333333,0
0.08433734939759036,0
0.20717131474103587,0
0.08695652173913043,0
0.028446389496717725,0
0.03938730853391685,0
0.013020833333333334,0
0.15625,0
0.01240694789081886,0
0.3717277486910995,0
0.16230366492146597,0
0.039399624765478425,0
0.13450292397660818,0
0.42045454545454547,0
0.038461538461538464,0
0.13705583756345177,0
0.035483870967741936,0
0.03938730853391685,0
0.04060913705583756,0
0.3183673469387755,0
0.028985507246376812,0
0.014629049111807733,0
0.02666666666666667,0
0.33014354066985646,0
0.528169014084507,0
0.9145299145299145,0
0.01935483870967742,0
0.04784688995215311,0
0.15625,0
0.03220035778175313,0
0.11398963730569948,0
0.2843601895734597,0
0.01240694789081886,0
0.6785714285714286,0
0.33014354066985646,0
0.12173913043478261,0
0.052123552123552123,0
0.24880382775119617,0
0.30677290836653387,0
0.02600780234070221,0
0.3826530612244898,0
0.03829787234042553,0
0.04068522483940043,0
0.044270833333333336,0
0.06481481481481481,0
0.1934156378600823,0
0.04075235109717868,0
0.015957446808510637,0
0.7012448132780082,0
0.37305699481865284,0
0.02181818181818182,0
0.178743961352657,0
0.38860103626943004,0
0.04564315352697095,0
0.0989399293286219,0
0.5244755244755245,0
0.3826530612244898,0
0.04564315352697095,0
0.02666666666666667,0
0.029213483146067417,0
0.039399624765478425,0
0.038461538461538464,0
0.12138728323699421,0
0.39267015706806285,0
0.5287356321839081,0
0.043782837127845885,0
0.4797687861271676,0
0.06532663316582915,0
0.061855670103092786,0
0.015957446808510637,0
0.056179775280898875,0
0.03125,0
0.13405797101449277,0
0.8888888888888888,0
0.4502923976608187,0
0.24413145539906103,0
0.009478672985781991,0
0.24880382775119617,0
0.2,0
0.0851063829787234,0
0.8448275862068966,0
0.528169014084507,0
0.9122807017543859,0
0.12863070539419086,0
0.07855626326963906,0
0.3787878787878788,0
0.3222748815165877,0
0.09635416666666667,0
0.01935483870967742,0
0.0297723292469352,0
0.044722719141323794,0
0.09941520467836257,0
0.07716049382716049,0
0.03468208092485549,0
0.08588957055214724,0
0.10891089108910891,0
0.8584070796460177,0
0.10559006211180125,0
0.029556650246305417,0
0.025044722719141325,0
0.06481481481481481,0
0.1590909090909091,0
0.03764320785597381,0
1.0,1
1.0,1
0.6959798994974874,1
1.0,1
0.6996197718631179,1
0.7897196261682243,1
0.91005291005291,1
0.7971698113207547,1
0.91005291005291,1
0.7971698113207547,1
0.91005291005291,1
0.7897196261682243,1
1.0,1
0.91005291005291,1
0.7897196261682243,1
0.91005291005291,1
0.7971698113207547,1
0.91005291005291,1
0.91005291005291,1
0.7897196261682243,1
0.9279279279279279,1
0.9279279279279279,1
0.9279279279279279,1
0.9279279279279279,1
0.8609625668449198,1
0.7647058823529411,1
0.8235294117647058,1
0.8235294117647058,1
0.9111111111111111,1
0.8814814814814815,1
1.0,1
0.9111111111111111,1
0.8247863247863247,1
0.9178743961352657,1
0.7155555555555555,1
0.9387755102040817,1
0.7973568281938326,1
0.8682926829268293,1
0.6834862385321101,1
0.9387755102040817,1
0.8008849557522124,1
0.8725490196078431,1
0.6619047619047619,1
0.9387755102040817,1
0.8008849557522124,1
0.8725490196078431,1
0.6619047619047619,1
0.9387755102040817,1
0.7973568281938326,1
0.8682926829268293,1
0.6834862385321101,1
0.811965811965812,1
0.688034188034188,1
0.7735042735042735,1
0.9487179487179487,1
0.7948717948717948,1
0.6367521367521367,1
0.7735042735042735,1
0.9487179487179487,1
0.7948717948717948,1
0.594017094017094,1
0.7735042735042735,1
0.9487179487179487,1
0.7948717948717948,1
0.594017094017094,1
0.7735042735042735,1
0.9487179487179487,1
0.7948717948717948,1
0.6367521367521367,1
0.7022222222222222,1
0.8599033816425121,1
0.7841409691629956,1
0.8695652173913043,1
0.6697247706422018,1
0.8599033816425121,1
0.7876106194690266,1
0.8695652173913043,1
0.6476190476190476,1
0.8599033816425121,1
0.7876106194690266,1
0.8695652173913043,1
0.6476190476190476,1
0.8599033816425121,1
0.7841409691629956,1
0.8695652173913043,1
0.6697247706422018,1
0.64,1
0.6696035242290749,1
0.6488888888888888,1
0.9466666666666667,1
0.64,1
0.672566371681416,1
0.6488888888888888,1
0.9022222222222223,1
0.64,1
0.672566371681416,1
0.6488888888888888,1
0.9022222222222223,1
0.64,1
0.6696035242290749,1
0.6488888888888888,1
0.9466666666666667,1
0.7897196261682243,1
0.9532710280373832,1
0.7897196261682243,1
0.9532710280373832,1
0.7897196261682243,1
0.9532710280373832,1
0.7897196261682243,1
0.8364485981308412,1
1.0,1
0.7897196261682243,1
0.9532710280373832,1
0.7897196261682243,1
0.7897196261682243,1
0.9532710280373832,1
0.9427917620137299,1
0.9427917620137299,1
0.9427917620137299,1
0.7944444444444444,1
0.8369565217391305,1
0.8279569892473119,1
0.9296875,1
0.9111111111111111,1
1.0,1
0.8193832599118943,1
0.8926829268292683,1
0.7064220183486238,1
0.9735449735449735,1
0.8008849557522124,1
0.8725490196078431,1
0.6619047619047619,1
0.9735449735449735,1
0.8008849557522124,1
0.8725490196078431,1
0.6619047619047619,1
0.9735449735449735,1
0.7973568281938326,1
0.8682926829268293,1
0.6834862385321101,1
0.8414096916299559,1
0.6784140969162996,1
0.7973568281938326,1
0.9779735682819384,1
0.8193832599118943,1
0.6123348017621145,1
0.7973568281938326,1
0.9779735682819384,1
0.8193832599118943,1
0.6123348017621145,1
0.7973568281938326,1
0.9779735682819384,1
0.8193832599118943,1
0.6563876651982379,1
0.6642201834862386,1
0.6926605504587156,1
0.8682926829268293,1
0.8230088495575221,1
0.975609756097561,1
0.6476190476190476,1
0.8682926829268293,1
0.8230088495575221,1
0.975609756097561,1
0.6476190476190476,1
0.8682926829268293,1
0.8193832599118943,1
0.975609756097561,1
0.6697247706422018,1
0.6605504587155964,1
0.672566371681416,1
0.6697247706422018,1
0.9311926605504587,1
0.6605504587155964,1
0.672566371681416,1
0.6697247706422018,1
0.9311926605504587,1
0.6605504587155964,1
0.6696035242290749,1
0.6697247706422018,1
0.9770642201834863,1
0.8349056603773585,1
0.9555555555555556,1
0.7971698113207547,1
0.945054945054945,1
0.7897196261682243,1
0.91005291005291,1
0.945054945054945,1
0.7897196261682243,1
1.0,1
0.8349056603773585,1
0.9555555555555556,1
0.945054945054945,1
0.7897196261682243,1
0.7971698113207547,1
0.9622641509433962,1
0.7971698113207547,1
0.9532710280373832,1
0.7971698113207547,1
0.7971698113207547,1
0.9532710280373832,1
0.8349056603773585,1
1.0,1
0.7971698113207547,1
0.7971698113207547,1
0.9532710280373832,1
0.9537037037037037,1
0.9427917620137299,1
0.8369565217391305,1
0.8387096774193549,1
0.8185840707964602,1
0.8921568627450981,1
0.680952380952381,1
0.9787234042553191,1
0.8008849557522124,1
0.8725490196078431,1
0.6619047619047619,1
0.9735449735449735,1
0.7973568281938326,1
0.8682926829268293,1
0.6834862385321101,1
0.8407079646017699,1
0.6327433628318584,1
0.8008849557522124,1
0.9823008849557522,1
0.8230088495575221,1
0.6150442477876106,1
0.8008849557522124,1
0.9779735682819384,1
0.8230088495575221,1
0.6592920353982301,1
0.6666666666666666,1
0.8725490196078431,1
0.8230088495575221,1
0.9803921568627451,1
0.6476190476190476,1
0.8725490196078431,1
0.8193832599118943,1
0.975609756097561,1
0.6697247706422018,1
0.638095238095238,1
0.6283185840707964,1
0.6476190476190476,1
0.9809523809523809,1
0.638095238095238,1
0.6255506607929515,1
0.6476190476190476,1
0.9311926605504587,1
0.8349056603773585,1
0.945054945054945,1
0.7897196261682243,1
0.91005291005291,1
0.945054945054945,1
0.7897196261682243,1
0.9555555555555556,1
0.7971698113207547,1
1.0,1
0.945054945054945,1
0.7897196261682243,1
0.9427917620137299,1
0.7971698113207547,1
0.9532710280373832,1
0.7971698113207547,1
0.7971698113207547,1
0.9532710280373832,1
0.7971698113207547,1
0.9622641509433962,1
0.8349056603773585,1
0.7971698113207547,1
0.9532710280373832,1
0.8978494623655914,1
0.8185840707964602,1
0.8921568627450981,1
0.680952380952381,1
0.9735449735449735,1
0.7973568281938326,1
0.8682926829268293,1
0.6834862385321101,1
0.8407079646017699,1
0.6327433628318584,1
0.8008849557522124,1
0.9779735682819384,1
0.8230088495575221,1
0.6592920353982301,1
0.6666666666666666,1
0.8725490196078431,1
0.8193832599118943,1
0.975609756097561,1
0.6697247706422018,1
0.638095238095238,1
0.6255506607929515,1
0.6476190476190476,1
0.9311926605504587,1
0.8364485981308412,1
0.91005291005291,1
0.945054945054945,1
0.7897196261682243,1
0.945054945054945,1
0.7971698113207547,1
0.945054945054945,1
1.0,1
0.8364485981308412,1
0.7897196261682243,1
0.7897196261682243,1
0.9532710280373832,1
0.7897196261682243,1
0.9532710280373832,1
0.7897196261682243,1
0.8364485981308412,1
1.0,1
0.8814814814814815,1
0.9296875,1
0.8193832599118943,1
0.8926829268292683,1
0.7064220183486238,1
0.8414096916299559,1
0.6784140969162996,1
0.6926605504587156,1
1.0,1
1.0,1
1.0,1
1.0,1
1.0,1
1.0,1
0.91005291005291,1
0.7897196261682243,1
0.91005291005291,1
0.7971698113207547,1
0.91005291005291,1
0.91005291005291,1
0.7897196261682243,1
0.9111111111111111,1
0.8364485981308412,1
0.945054945054945,1
0.7971698113207547,1
0.945054945054945,1
0.945054945054945,1
0.7897196261682243,1
0.7897196261682243,1
0.9532710280373832,1
0.7897196261682243,1
0.7897196261682243,1
0.9532710280373832,1
0.8349056603773585,1
0.9555555555555556,1
0.945054945054945,1
0.7897196261682243,1
0.7971698113207547,1
0.7971698113207547,1
0.9532710280373832,1
0.945054945054945,1
0.7897196261682243,1
0.8364485981308412,1
1.0,1
0.07009345794392523,0
0.011673151750972763,0
0.31196581196581197,0
0.0,0
0.022382671480144403,0
0.022613065326633167,0
0.13657407407407407,0
0.030848329048843187,0
0.22566371681415928,0
0.0,0
0.057432432432432436,0
0.032407407407407406,0
0.08445945945945946,0
0.3230088495575221,0
0.19230769230769232,0
0.03867403314917127,0
0.019494584837545126,0
0.10550458715596331,0
0.2192513368983957,0
0.025547445255474453,0
0.027436823104693142,0
0.022813688212927757,0
0.07197943444730077,0
0.08394160583941605,0
0.19911504424778761,0
0.3805309734513274,0
0.06626506024096386,0
0.07207207207207207,0
0.0,0
0.10222222222222223,0
0.0963855421686747,0
0.4146341463414634,0
0.0,0
0.08132530120481928,0
0.0,0
0.2755102040816326,0
0.3230088495575221,0
0.16441441441441443,0
0.1308411214953271,0
0.0,0
0.08759124087591241,0
0.10222222222222223,0
0.3524229074889868,0
0.1261682242990654,0
0.08226221079691516,0
0.2857142857142857,0
0.031192660550458717,0
0.08560311284046693,0
0.0,0
0.2336448598130841,0
0.13855421686746988,0
0.10218978102189781,0
0.01444043321299639,0
0.06358381502890173,0
0.01588447653429603,0
0.02027027027027027,0
0.37244897959183676,0
0.06972477064220184,0
0.09777777777777778,0
0.027436823104693142,0
0.08783783783783784,0
0.3788546255506608,0
0.36613272311212813,0
0.2318840579710145,0
0.2318840579710145,0
0.35609756097560974,0
0.23699421965317918,0
0.022613065326633167,0
0.028277634961439587,0
0.07734806629834254,0
0.09174311926605505,0
0.21794871794871795,0
0.04627249357326478,0
0.06880733944954129,0
0.0,0
0.0,0
0.46938775510204084,0
0.10747663551401869,0
0.027436823104693142,0
0.07142857142857142,0
0.020833333333333332,0
0.20481927710843373,0
0.07197943444730077,0
0.07780320366132723,0
0.05058365758754864,0
0.028277634961439587,0
0.0,0
0.0,0
0.04669260700389105,0
0.2553191489361702,0
0.07537688442211055,0
0.0948905109489051,0
0.35398230088495575,0
0.05787037037037037,0
0.2383177570093458,0
0.22429906542056074,0
0.0948905109489051,0
0.07476635514018691,0
0.2616822429906542,0
0.3039647577092511,0
0.37037037037037035,0
0.20481927710843373,0
0.14835164835164835,0
0.21794871794871795,0
0.2048780487804878,0
0.24019607843137256,0
0.0,0
0.08394160583941605,0
0.37244897959183676,0
0.01444043321299639,0
0.1443850267379679,0
0.0,0
0.35185185185185186,0
0.05058365758754864,0
0.04669260700389105,0
0.04398148148148148,0
0.0,0
0.5185185185185185,0
0.028277634961439587,0
0.01660649819494585,0
0.027436823104693142,0
0.022813688212927757,0
0.14583333333333334,0
0.04696132596685083,0
0.06018518518518518,0
0.0518018018018018,0
0.07197943444730077,0
0.043478260869565216,0
0.0,0
0.03015075376884422,0
0.14285714285714285,0
0.2564102564102564,0
0.06532663316582915,0
0.0948905109489051,0
0.0,0
0.007220216606498195,0
0.07392996108949416,0
0.1597222222222222,0
0.20555555555555555,0
0.0,0
0.06906077348066299,0
0.05141388174807198,0
0.018772563176895306,0
0.0,0
0.08394160583941605,0
0.20588235294117646,0
0.0,0
0.19212962962962962,0
0.02027027027027027,0
0.14814814814814814,0
0.0,0
0.028277634961439587,0
0.34782608695652173,0
0.23529411764705882,0
0.0,0
0.07142857142857142,0
0.0,0
0.018772563176895306,0
0.0963855421686747,0
0.07035175879396985,0
0.018772563176895306,0
0.1875,0
0.0,0
0.05141388174807198,0
0.07224334600760456,0
0.15878378378378377,0
0.3230088495575221,0
0.01444043321299639,0
0.17582417582417584,0
0.06111111111111111,0
0.058365758754863814,0
0.0948905109489051,0
0.022382671480144403,0
0.0963855421686747,0
0.06880733944954129,0
0.10050251256281408,0
0.36507936507936506,0
0.38495575221238937,0
0.05504587155963303,0
0.07392996108949416,0
0.0787037037037037,0
0.019494584837545126,0
0.1650943396226415,0
0.04627249357326478,0
0.4803921568627451,0
0.0,0
0.06906077348066299,0
0.12735849056603774,0
0.07142857142857142,0
0.05555555555555555,0
0.04036697247706422,0
0.34782608695652173,0
0.0,0
0.23529411764705882,0
0.025547445255474453,0
0.025547445255474453,0
0.0,0
0.14285714285714285,0
0.0,0
0.004332129963898917,0
0.1308411214953271,0
0.07035175879396985,0
0.16704805491990846,0
0.22282608695652173,0
0.05491990846681922,0
0.05141388174807198,0
0.007220216606498195,0
0.35609756097560974,0
0.04669260700389105,0
0.24056603773584906,0
0.0,0
0.2383177570093458,0
0.2641509433962264,0
0.3788546255506608,0
0.15878378378378377,0
0.025547445255474453,0
0.07197943444730077,0
0.0,0
0.06407322654462243,0
0.12844036697247707,0
0.022018348623853212,0
0.0948905109489051,0
0.23414634146341465,0
0.10218978102189781,0
0.05787037037037037,0
0.23348017621145375,0
0.0948905109489051,0
0.0,0
0.06426735218508997,0
0.4444444444444444,0
0.03302752293577982,0
0.5276243093922652,0
0.23008849557522124,0
0.2872340425531915,0
0.34782608695652173,0
0.025547445255474453,0
0.07142857142857142,0
0.07969151670951156,0
0.01824817518248175,0
0.2857142857142857,0
0.057208237986270026,0
0.07780320366132723,0
0.36036036036036034,0
0.08759124087591241,0
0.15789473684210525,0
0.0963855421686747,0
0.4166666666666667,0
0.027436823104693142,0
0.025547445255474453,0
0.02702702702702703,0
0.22777777777777777,0
0.022018348623853212,0
0.022382671480144403,0
0.06880733944954129,0
0.0622568093385214,0
0.028277634961439587,0
0.03314917127071823,0
0.2032967032967033,0
0.16080402010050251,0
0.08287292817679558,0
0.06880733944954129,0
0.030848329048843187,0
0.0963855421686747,0
0.22466960352422907,0
0.0,0
0.07969151670951156,0
0.22566371681415928,0
0.027436823104693142,0
0.08791208791208792,0
0.007220216606498195,0
0.038560411311053984,0
0.17289719626168223,0
0.07392996108949416,0
0.08759124087591241,0
0.07476635514018691,0
0.22566371681415928,0
0.16441441441441443,0
0.0963855421686747,0
0.06426735218508997,0
0.13501144164759726,0
0.22282608695652173,0
0.0,0
0.43171806167400884,0
0.3247863247863248,0
0.01444043321299639,0
0.008664259927797834,0
0.0,0
0.038560411311053984,0
0.0829145728643216,0
0.07392996108949416,0
0.07734806629834254,0
0.016018306636155607,0
0.06906077348066299,0
0.0,0
0.23529411764705882,0
0.0963855421686747,0
0.23414634146341465,0
0.5185185185185185,0
0.022382671480144403,0
0.36613272311212813,0
0.4521276595744681,0
0.05504587155963303,0
0.0963855421686747,0
0.07322654462242563,0
0.017328519855595668,0
0.0,0
0.2032967032967033,0
0.23414634146341465,0
0.34782608695652173,0
0.5,0
0.23671497584541062,0
0.35185185185185186,0
0.06426735218508997,0
0.14814814814814814,0
0.21164021164021163,0
0.39555555555555555,0
0.06111111111111111,0
0.08759124087591241,0
0.022813688212927757,0
0.025547445255474453,0
0.135678391959799,0
0.07224334600760456,0
0.008664259927797834,0
0.025547445255474453,0
0.3744493392070485,0
0.22466960352422907,0
0.4166666666666667,0
0.32142857142857145,0
0.2857142857142857,0
0.0,0
0.17824074074074073,0
0.34234234234234234,0
0.0787037037037037,0
0.4521276595744681,0
0.0963855421686747,0
0.43171806167400884,0
0.04954128440366973,0
0.10843373493975904,0
0.019494584837545126,0
0.2872340425531915,0
0.5212765957446809,0
0.028277634961439587,0
0.06426735218508997,0
0.35784313725490197,0
0.0,0
0.0,0
0.0,0
0.13253012048192772,0
0.0,0
0.2553191489361702,0
0.3039647577092511,0
0.36752136752136755,0
0.34782608695652173,0
