0.9338235294117647,1
0.9191176470588235,1
0.7317784256559767,1
0.7317784256559767,1
0.9191176470588235,1
0.9191176470588235,1
0.9084249084249084,1
0.8833922261484098,1
0.9191176470588235,1
0.9191176470588235,1
0.7317784256559767,1
0.7317784256559767,1
0.9191176470588235,1
0.9191176470588235,1
0.9084249084249084,1
0.8833922261484098,1
0.9191176470588235,1
0.7201166180758017,1
0.7201166180758017,1
0.9328358208955224,1
0.9328358208955224,1
0.9084249084249084,1
0.8833922261484098,1
0.922509225092251,1
0.9125364431486881,1
0.7201166180758017,1
0.7201166180758017,1
0.7142857142857143,1
0.7201166180758017,1
0.7201166180758017,1
0.7201166180758017,1
0.7201166180758017,1
0.7142857142857143,1
0.7201166180758017,1
0.7201166180758017,1
0.9433962264150944,1
0.9084249084249084,1
0.8833922261484098,1
0.922509225092251,1
0.9084249084249084,1
0.8833922261484098,1
0.922509225092251,1
0.8763250883392226,1
0.9084249084249084,1
0.8833922261484098,1
0.896774193548387,1
0.8714733542319749,1
0.8714733542319749,1
0.9163636363636364,1
0.8363636363636363,1
0.8909090909090909,1
0.9039145907473309,1
0.9136690647482014,1
0.9236363636363636,1
0.8943661971830986,1
0.900709219858156,1
0.8850174216027874,1
0.8686131386861314,1
0.8941605839416058,1
0.8718861209964412,1
0.8812949640287769,1
0.8909090909090909,1
0.8626760563380281,1
0.8687943262411347,1
0.8536585365853658,1
0.8745247148288974,1
0.8185053380782918,1
0.8273381294964028,1
0.8363636363636363,1
0.8098591549295775,1
0.8156028368794326,1
0.8013937282229965,1
0.8718861209964412,1
0.8812949640287769,1
0.8909090909090909,1
0.8626760563380281,1
0.8687943262411347,1
0.8536585365853658,1
0.9359430604982206,1
0.9359430604982206,1
0.926056338028169,1
0.9326241134751773,1
0.9163763066202091,1
0.9460431654676259,1
0.926056338028169,1
0.9326241134751773,1
0.9163763066202091,1
0.926056338028169,1
0.9326241134751773,1
0.9163763066202091,1
0.926056338028169,1
0.9163763066202091,1
0.9407665505226481,1
0.9047619047619048,1
0.9493087557603687,1
0.9809523809523809,1
0.7962962962962963,1
0.7962962962962963,1
0.8657718120805369,1
0.8523809523809524,1
0.831946755407654,1
0.5145038167938931,1
0.8159090909090909,1
0.8426395939086294,1
0.8060453400503779,1
0.7609254498714653,1
0.7715909090909091,1
0.7657430730478589,1
0.8333333333333334,1
0.9240506329113924,1
0.759493670886076,1
0.759493670886076,1
0.9240506329113924,1
0.8354430379746836,1
0.5255813953488372,1
0.6788511749347258,1
0.6824146981627297,1
0.9530026109660574,1
0.5,1
0.5051546391752577,1
0.44680851063829785,1
0.4329896907216495,1
0.5268817204301075,1
0.4948453608247423,1
0.7142857142857143,1
0.8745762711864407,1
0.9493087557603687,1
0.6413043478260869,1
0.44029850746268656,1
0.7283950617283951,1
0.3881578947368421,1
0.4240506329113924,1
0.4240506329113924,1
0.45038167938931295,1
0.4041095890410959,1
0.38311688311688313,1
0.38064516129032255,1
0.47761194029850745,1
0.6413043478260869,1
0.48026315789473684,1
0.4050632911392405,1
0.4050632911392405,1
0.48854961832061067,1
0.5,1
0.474025974025974,1
0.47096774193548385,1
0.44029850746268656,1
0.7631578947368421,1
0.7341772151898734,1
0.7341772151898734,1
0.8656716417910447,1
0.7945205479452054,1
0.7532467532467533,1
0.7483870967741936,1
0.3881578947368421,1
0.37341772151898733,1
0.37341772151898733,1
0.45038167938931295,1
0.4041095890410959,1
0.38311688311688313,1
0.38064516129032255,1
0.7341772151898734,1
0.7341772151898734,1
0.7631578947368421,1
0.881578947368421,1
0.8701298701298701,1
0.864516129032258,1
0.810126582278481,1
0.7341772151898734,1
0.7341772151898734,1
0.7341772151898734,1
0.7341772151898734,1
0.7341772151898734,1
0.7341772151898734,1
0.7341772151898734,1
0.7341772151898734,1
0.7945205479452054,1
0.7532467532467533,1
0.7483870967741936,1
0.8701298701298701,1
0.864516129032258,1
0.864516129032258,1
0.04126984126984127,0
0.05289672544080604,0
0.31486880466472306,0
0.05964467005076142,0
0.03424657534246575,0
0.33548387096774196,0
0.25806451612903225,0
0.023809523809523808,0
0.015424164524421594,0
0.032846715328467155,0
0.03308823529411765,0
0.6192170818505338,0
0.0035971223021582736,0
0.33876221498371334,0
0.6784452296819788,0
0.032846715328467155,0
0.029315960912052116,0
0.03257328990228013,0
0.05128205128205128,0
0.16510903426791276,0
0.3119533527696793,0
0.03308823529411765,0
0.02392947103274559,0
0.050381679389312976,0
0.05950095969289827,0
0.025423728813559324,0
0.12014134275618374,0
0.03333333333333333,0
0.0783744557329463,0
0.040638606676342524,0
0.021897810218978103,0
0.06683804627249357,0
0.020072992700729927,0
0.1557632398753894,0
0.01984732824427481,0
0.04477611940298507,0
0.051587301587301584,0
0.6192170818505338,0
0.33876221498371334,0
0.027707808564231738,0
0.03832752613240418,0
0.2824427480916031,0
0.032846715328467155,0
0.2440944881889764,0
0.007462686567164179,0
0.39767054908485855,0
0.15129151291512916,0
0.049479166666666664,0
0.21454545454545454,0
0.29454545454545455,0
0.36363636363636365,0
0.043701799485861184,0
0.05203045685279188,0
0.07580174927113703,0
0.15160349854227406,0
0.02905982905982906,0
0.0425531914893617,0
0.11286089238845144,0
0.021410579345088162,0
0.05343511450381679,0
0.03296703296703297,0
0.03896103896103896,0
0.18359375,0
0.03164556962025317,0
0.04090909090909091,0
0.029315960912052116,0
0.0380952380952381,0
0.01984126984126984,0
0.040145985401459854,0
0.02329450915141431,0
0.02857142857142857,0
0.03289473684210526,0
0.021897810218978103,0
0.00684931506849315,0
0.13970588235294118,0
0.015254237288135594,0
0.03731343283582089,0
0.19047619047619047,0
0.15926892950391644,0
0.05343511450381679,0
0.3517915309446254,0
0.009523809523809525,0
0.03492063492063492,0
0.3781818181818182,0
0.029197080291970802,0
0.0549618320610687,0
0.026871401151631478,0
0.042704626334519574,0
0.3238095238095238,0
0.04406779661016949,0
0.5428571428571428,0
0.056962025316455694,0
0.05128205128205128,0
0.03515625,0
0.04225352112676056,0
0.12630208333333334,0
0.025682182985553772,0
0.02857142857142857,0
0.033582089552238806,0
0.04431818181818182,0
0.03237410071942446,0
0.6170212765957447,0
0.04499274310595065,0
0.0959409594095941,0
0.007633587786259542,0
0.29136690647482016,0
0.1984732824427481,0
0.03308823529411765,0
0.006711409395973154,0
0.0959409594095941,0
0.03492063492063492,0
0.0690978886756238,0
0.05950095969289827,0
0.028277634961439587,0
0.033582089552238806,0
0.34545454545454546,0
0.0877742946708464,0
0.01639344262295082,0
0.06620209059233449,0
0.02329450915141431,0
0.05442176870748299,0
0.039473684210526314,0
0.02857142857142857,0
0.44584382871536526,0
0.06477272727272727,0
0.013959390862944163,0
0.03272727272727273,0
0.006578947368421052,0
0.007462686567164179,0
0.33225806451612905,0
0.03333333333333333,0
0.010416666666666666,0
0.09701492537313433,0
0.5428571428571428,0
0.08888888888888889,0
0.0375,0
0.3231939163498099,0
0.023809523809523808,0
0.04406779661016949,0
0.09454545454545454,0
0.03467153284671533,0
0.045283018867924525,0
0.12073490813648294,0
0.5428571428571428,0
0.045454545454545456,0
0.07692307692307693,0
0.25806451612903225,0
0.04363636363636364,0
0.05593220338983051,0
0.039316239316239315,0
0.045936395759717315,0
0.07627118644067797,0
0.04961832061068702,0
0.18181818181818182,0
0.26058631921824105,0
0.21951219512195122,0
0.2,0
0.02900763358778626,0
0.49854227405247814,0
0.27696793002915454,0
0.1342281879194631,0
0.10232558139534884,0
0.06363636363636363,0
0.03773584905660377,0
0.027777777777777776,0
0.3517915309446254,0
0.05593220338983051,0
0.041811846689895474,0
0.04797047970479705,0
0.05950095969289827,0
0.02329450915141431,0
0.35106382978723405,0
0.048507462686567165,0
0.09252669039145907,0
0.03571428571428571,0
0.2126984126984127,0
0.013636363636363636,0
0.04285714285714286,0
0.15140845070422534,0
0.13123359580052493,0
0.025,0
0.029947916666666668,0
0.8536585365853658,1
1.0,1
0.6875,1
1.0,1
0.8827586206896552,1
0.7595628415300546,1
0.6666666666666666,1
0.4891304347826087,1
0.6,1
0.9020100502512562,1
0.9857142857142858,1
0.8983050847457628,1
0.7666666666666667,1
1.0,1
0.8378378378378378,1
0.8611111111111112,1
0.6323529411764706,1
0.9054054054054054,1
1.0,1
1.0,1
1.0,1
1.0,1
1.0,1
1.0,1
1.0,1
1.0,1
1.0,1
1.0,1
1.0,1
0.7088122605363985,1
1.0,1
1.0,1
0.9181818181818182,1
0.9587628865979382,1
0.8240740740740741,1
0.9278350515463918,1
0.7663551401869159,1
0.7592592592592593,1
0.9351851851851852,1
0.822429906542056,1
1.0,1
1.0,1
0.5774647887323944,1
0.609375,1
0.6554621848739496,1
0.5271317829457365,1
0.609375,1
0.6356589147286822,1
0.5658914728682171,1
0.5375722543352601,1
0.782608695652174,1
0.6875,1
0.864406779661017,1
0.9016393442622951,1
0.8225806451612904,1
0.7833333333333333,1
0.7704918032786885,1
0.6935483870967742,1
0.9,1
0.9193548387096774,1
0.8688524590163934,1
0.7903225806451613,1
1.0,1
1.0,1
1.0,1
1.0,1
1.0,1
1.0,1
1.0,1
1.0,1
1.0,1
1.0,1
1.0,1
0.8461538461538461,1
0.81875,1
0.6678700361010831,1
0.7877094972067039,1
0.7431906614785992,1
0.7765567765567766,1
0.6776556776556777,1
0.6981132075471698,1
0.875,1
0.6865671641791045,1
0.6944444444444444,1
0.5882352941176471,1
1.0,1
0.9808743169398907,1
0.8962962962962963,1
0.8962962962962963,1
0.9097744360902256,1
0.9712643678160919,1
0.9541284403669725,1
1.0,1
1.0,1
0.6724738675958188,1
0.7934782608695652,1
0.7298578199052133,1
0.7973273942093542,1
0.7082405345211581,1
0.8173719376391982,1
0.7817371937639198,1
0.910913140311804,1
0.6146993318485523,1
0.6035634743875279,1
0.8915989159891599,1
0.631578947368421,1
0.5990783410138248,1
0.7130044843049327,1
0.7777777777777778,1
0.7046070460704607,1
0.5949656750572082,1
0.631336405529954,1
0.7959641255605381,1
0.7404371584699454,1
0.7486338797814208,1
0.7288135593220338,1
1.0,1
0.921875,1
0.7288135593220338,1
0.7823834196891192,1
0.6157635467980296,1
0.6476683937823834,1
0.5911330049261084,1
0.6918918918918919,1
0.7783251231527094,1
0.7288135593220338,1
0.671875,1
0.9006622516556292,1
0.7261904761904762,1
1.0,1
0.7738095238095238,1
0.9411764705882353,1
0.7261904761904762,1
0.624390243902439,1
0.584070796460177,1
0.624390243902439,1
0.5764192139737991,1
0.624390243902439,1
0.624390243902439,1
0.624390243902439,1
0.5182186234817814,1
0.5245901639344263,1
0.35121951219512193,1
0.35121951219512193,1
0.7176470588235294,1
0.9469026548672567,1
0.9469026548672567,1
0.5929203539823009,1
0.9178082191780822,1
0.5851528384279476,1
0.8993288590604027,1
0.9178082191780822,1
0.9178082191780822,1
0.5425101214574899,1
0.5491803278688525,1
0.5616438356164384,1
0.4120603015075377,1
0.6460176991150443,1
0.9344978165938864,1
0.5929203539823009,1
0.5929203539823009,1
0.5929203539823009,1
0.5425101214574899,1
0.5491803278688525,1
0.3274336283185841,1
0.7168141592920354,1
0.5851528384279476,1
0.8993288590604027,1
0.9178082191780822,1
0.9178082191780822,1
0.5425101214574899,1
0.5491803278688525,1
0.5616438356164384,1
0.4120603015075377,1
0.6506550218340611,1
0.5851528384279476,1
0.5851528384279476,1
0.5425101214574899,1
0.5491803278688525,1
0.3231441048034934,1
0.7074235807860262,1
0.7261904761904762,1
0.9242424242424242,1
0.7764705882352941,1
1.0,1
0.8993288590604027,1
0.8993288590604027,1
0.5425101214574899,1
0.5491803278688525,1
0.5503355704697986,1
0.4120603015075377,1
0.9222222222222223,1
0.9120879120879121,1
0.9222222222222223,1
0.9222222222222223,1
0.9222222222222223,1
0.9222222222222223,1
1.0,1
0.9222222222222223,1
0.9120879120879121,1
0.9222222222222223,1
0.9222222222222223,1
0.9222222222222223,1
0.9222222222222223,1
0.9469026548672567,1
1.0,1
0.9178082191780822,1
0.5425101214574899,1
0.5491803278688525,1
0.5734265734265734,1
0.4120603015075377,1
0.5425101214574899,1
0.5491803278688525,1
0.5205479452054794,1
0.45226130653266333,1
0.9161676646706587,1
1.0,1
0.9161676646706587,1
0.9292929292929293,1
1.0,1
0.9292929292929293,1
0.944954128440367,1
0.9161676646706587,1
1.0,1
0.9292929292929293,1
1.0,1
0.9271255060728745,1
0.3319838056680162,1
0.3319838056680162,1
0.9120879120879121,1
0.9431818181818182,1
0.9431818181818182,1
0.9325842696629213,1
0.9431818181818182,1
0.9222222222222223,1
1.0,1
0.9120879120879121,1
0.9431818181818182,1
0.9431818181818182,1
0.9325842696629213,1
0.9431818181818182,1
0.9120879120879121,1
0.9120879120879121,1
0.9120879120879121,1
0.9120879120879121,1
0.9120879120879121,1
0.9120879120879121,1
1.0,1
0.9120879120879121,1
0.9120879120879121,1
0.9120879120879121,1
0.9120879120879121,1
0.9431818181818182,1
0.9325842696629213,1
0.9431818181818182,1
0.9222222222222223,1
0.9431818181818182,1
0.9120879120879121,1
1.0,1
0.9431818181818182,1
0.9325842696629213,1
0.9431818181818182,1
0.3360655737704918,1
0.3360655737704918,1
0.921875,1
0.7288135593220338,1
0.9325842696629213,1
0.9431818181818182,1
0.9222222222222223,1
0.9431818181818182,1
0.9120879120879121,1
0.9431818181818182,1
1.0,1
0.9325842696629213,1
0.9431818181818182,1
0.9325842696629213,1
0.9222222222222223,1
0.9325842696629213,1
0.9120879120879121,1
0.9325842696629213,1
0.9325842696629213,1
1.0,1
0.9325842696629213,1
0.9222222222222223,1
0.9431818181818182,1
0.9120879120879121,1
0.9431818181818182,1
0.9431818181818182,1
0.9325842696629213,1
1.0,1
1.0,1
0.319672131147541,1
0.49404761904761907,1
0.7131147540983607,1
1.0,1
0.319672131147541,1
0.375,1
0.4482758620689655,1
0.319672131147541,1
1.0,1
0.8137254901960784,1
1.0,1
0.8137254901960784,1
0.9153318077803204,1
0.7869955156950673,1
0.7917620137299771,1
0.7322654462242563,1
0.8183856502242153,1
0.7119815668202765,1
0.815668202764977,1
0.8137254901960784,1
1.0,1
0.5829596412556054,1
0.6390134529147982,1
0.5577889447236181,1
0.6219512195121951,1
0.865546218487395,1
0.5209580838323353,1
0.8455284552845529,1
0.7888888888888889,1
0.7906976744186046,1
0.49404761904761907,1
0.49404761904761907,1
0.375,1
0.7131147540983607,1
0.4482758620689655,1
0.6460176991150443,1
0.6875,1
0.625,1
0.75,1
0.8281622911694511,1
0.8445378151260504,1
0.31336405529953915,1
0.8829787234042553,1
0.9141221374045801,1
0.8619631901840491,1
0.8409090909090909,1
0.8811881188118812,1
0.7305389221556886,1
1.0,1
0.7738095238095238,1
0.9411764705882353,1
0.7261904761904762,1
0.7176470588235294,1
0.9242424242424242,1
0.7764705882352941,1
0.9222222222222223,1
0.9120879120879121,1
0.9222222222222223,1
0.9222222222222223,1
0.9222222222222223,1
0.9222222222222223,1
0.9161676646706587,1
0.9292929292929293,1
0.9120879120879121,1
0.9431818181818182,1
0.9431818181818182,1
0.9325842696629213,1
0.9431818181818182,1
0.9120879120879121,1
0.9120879120879121,1
0.9120879120879121,1
0.9120879120879121,1
0.9431818181818182,1
0.9325842696629213,1
0.9431818181818182,1
0.9325842696629213,1
0.9431818181818182,1
0.9325842696629213,1
0.319672131147541,1
0.8137254901960784,1
0.8455284552845529,1
0.027777777777777776,0
0.04827586206896552,0
0.10569105691056911,0
0.0,0
0.028037383177570093,0
0.0,0
0.24528301886792453,0
0.05665024630541872,0
0.0,0
0.1504424778761062,0
0.026881720430107527,0
0.0375,0
0.006993006993006993,0
0.11552346570397112,0
0.005025125628140704,0
0.08275862068965517,0
0.7764705882352941,0
0.07936507936507936,0
0.03456221198156682,0
0.032432432432432434,0
0.0136986301369863,0
0.034482758620689655,0
0.15270935960591134,0
0.014285714285714285,0
0.16502463054187191,0
0.11888111888111888,0
0.04827586206896552,0
0.05078125,0
0.03424657534246575,0
0.04827586206896552,0
0.011560693641618497,0
0.027586206896551724,0
0.3287671232876712,0
0.02142857142857143,0
0.04918032786885246,0
0.029069767441860465,0
0.0,0
0.03773584905660377,0
0.027932960893854747,0
0.10493827160493827,0
0.06086956521739131,0
0.01702127659574468,0
0.14634146341463414,0
0.026881720430107527,0
0.027586206896551724,0
0.08928571428571429,0
0.03424657534246575,0
0.011976047904191617,0
0.03184713375796178,0
0.01639344262295082,0
0.23125,0
0.022167487684729065,0
0.14322916666666666,0
0.08024691358024691,0
0.028037383177570093,0
0.03829787234042553,0
0.6206896551724138,0
0.028901734104046242,0
0.14416475972540047,0
0.04966887417218543,0
0.035398230088495575,0
0.06172839506172839,0
0.07079646017699115,0
0.02564102564102564,0
0.1188118811881188,0
0.041916167664670656,0
0.0,0
0.02127659574468085,0
0.2670157068062827,0
0.06486486486486487,0
0.03374233128834356,0
0.05106382978723404,0
0.0975609756097561,0
0.043478260869565216,0
0.043478260869565216,0
0.022167487684729065,0
0.025059665871121718,0
0.0,0
0.013793103448275862,0
0.0440251572327044,0
0.08924485125858124,0
0.01092896174863388,0
0.037940379403794036,0
0.01910828025477707,0
0.16853932584269662,0
0.49700598802395207,0
0.011363636363636364,0
0.15873015873015872,0
0.016129032258064516,0
0.04827586206896552,0
0.03214285714285714,0
0.0,0
0.02608695652173913,0
0.0498220640569395,0
0.06481481481481481,0
0.04827586206896552,0
0.023255813953488372,0
0.007633587786259542,0
0.05185185185185185,0
0.027972027972027972,0
0.03669724770642202,0
0.5294117647058824,0
0.02577319587628866,0
0.03592814371257485,0
0.1411764705882353,0
0.06086956521739131,0
0.014705882352941176,0
0.02926829268292683,0
0.06086956521739131,0
0.16502463054187191,0
0.3735632183908046,0
0.08755760368663594,0
0.0,0
0.14416475972540047,0
0.08275862068965517,0
0.06637168141592921,0
0.013972055888223553,0
0.33183856502242154,0
0.03773584905660377,0
0.22950819672131148,0
0.0,0
0.015706806282722512,0
0.06417112299465241,0
0.013020833333333334,0
0.18497109826589594,0
0.1780821917808219,0
0.0,0
0.32934131736526945,0
0.12663755458515283,0
0.0,0
0.524390243902439,0
0.017241379310344827,0
0.01694915254237288,0
0.014124293785310734,0
0.18095238095238095,0
0.0,0
0.016260162601626018,0
0.017857142857142856,0
0.02654867256637168,0
0.027586206896551724,0
0.12550607287449392,0
0.003067484662576687,0
0.096045197740113,0
0.06172839506172839,0
0.030534351145038167,0
0.0,0
0.27876106194690264,0
0.034482758620689655,0
0.29017857142857145,0
0.07142857142857142,0
0.0,0
0.02197802197802198,0
0.005988023952095809,0
0.047619047619047616,0
0.43902439024390244,0
0.4807692307692308,0
0.018970189701897018,0
0.4416475972540046,0
0.056910569105691054,0
0.20353982300884957,0
0.033707865168539325,0
0.17647058823529413,0
0.015513126491646777,0
0.04693140794223827,0
0.033783783783783786,0
0.0,0
0.1348314606741573,0
0.0,0
0.20901639344262296,0
0.3785310734463277,0
0.0695970695970696,0
0.014124293785310734,0
0.022222222222222223,0
0.03686635944700461,0
0.0,0
0.024896265560165973,0
0.125,0
0.019553072625698324,0
0.022988505747126436,0
0.19927536231884058,0
0.08791208791208792,0
0.061946902654867256,0
0.2054794520547945,0
0.057692307692307696,0
0.5549132947976878,0
0.008130081300813009,0
0.3431372549019608,0
0.03244274809160305,0
0.7191011235955056,0
0.025,0
0.029069767441860465,0
0.030864197530864196,0
0.05367231638418079,0
0.03409090909090909,0
0.0390625,0
0.03910614525139665,0
0.04054054054054054,0
0.030303030303030304,0
0.0273972602739726,0
0.0,0
0.03064066852367688,0
0.04827586206896552,0
0.6666666666666666,0
0.04926108374384237,0
0.45549738219895286,0
0.0,0
0.018306636155606407,0
0.1848341232227488,0
0.0,0
0.011560693641618497,0
0.4880952380952381,0
0.1640625,0
0.1640625,0
0.055865921787709494,0
0.3274021352313167,0
0.6460176991150443,0
0.03278688524590164,0
0.012345679012345678,0
0.1564245810055866,0
0.030973451327433628,0
0.01639344262295082,0
0.05102040816326531,0
0.09580838323353294,0
0.019157088122605363,0
0.2845528455284553,0
0.029411764705882353,0
0.02527075812274368,0
0.2845528455284553,0
0.21951219512195122,0
0.0979020979020979,0
0.05263157894736842,0
0.027972027972027972,0
0.04827586206896552,0
0.016129032258064516,0
0.08755760368663594,0
0.029069767441860465,0
0.03571428571428571,0
0.04522613065326633,0
0.028795811518324606,0
0.0334075723830735,0
0.06696428571428571,0
0.01327433628318584,0
0.07909604519774012,0
0.03244274809160305,0
0.044444444444444446,0
0.007633587786259542,0
0.5289855072463768,0
0.02242152466367713,0
0.05699481865284974,0
0.11764705882352941,0
0.02857142857142857,0
0.006726457399103139,0
0.05517241379310345,0
0.014492753623188406,0
0.2328767123287671,0
0.0,0
0.04035874439461883,0
0.04807692307692308,0
0.0273972602739726,0
0.18518518518518517,0
0.012295081967213115,0
0.6813186813186813,0
0.0,0
0.06862745098039216,0
0.049738219895287955,0
0.0,0
0.041379310344827586,0
0.05394190871369295,0
0.0547945205479452,0
0.013392857142857142,0
0.012295081967213115,0
0.028846153846153848,0
0.05309734513274336,0
0.021956087824351298,0
0.04827586206896552,0
0.031073446327683617,0
0.07853403141361257,0
0.041237113402061855,0
0.06072874493927125,0
0.0273109243697479,0
0.05517241379310345,0
0.02702702702702703,0
0.013550135501355014,0
0.5213270142180095,0
0.08383233532934131,0
0.026415094339622643,0
0.020202020202020204,0
0.056338028169014086,0
0.7222222222222222,0
0.17073170731707318,0
0.030612244897959183,0
0.03278688524590164,0
0.030054644808743168,0
0.0106951871657754,0
0.24336283185840707,0
0.044642857142857144,0
0.041237113402061855,0
0.0678391959798995,0
0.018957345971563982,0
0.03456221198156682,0
0.028846153846153848,0
0.14285714285714285,0
0.09078212290502793,0
0.034482758620689655,0
0.15441176470588236,0
0.06956521739130435,0
0.008403361344537815,0
0.0,0
0.02710027100271003,0
0.013513513513513514,0
0.028469750889679714,0
0.03125,0
0.0,0
0.014634146341463415,0
0.04395604395604396,0
0.06481481481481481,0
0.03056768558951965,0
0.046296296296296294,0
0.0,0
0.017793594306049824,0
0.00847457627118644,0
0.02857142857142857,0
0.05,0
0.16585365853658537,0
0.010752688172043012,0
0.12643678160919541,0
0.011204481792717087,0
0.032490974729241874,0
0.13559322033898305,0
0.023255813953488372,0
0.01717557251908397,0
0.5694444444444444,0
0.0,0
0.006756756756756757,0
0.010714285714285714,0
0.0979020979020979,0
0.020689655172413793,0
0.17272727272727273,0
0.008968609865470852,0
0.15894039735099338,0
0.020942408376963352,0
0.05859375,0
0.026490066225165563,0
0.05860805860805861,0
0.41358024691358025,0
0.07954545454545454,0
0.08695652173913043,0
0.009478672985781991,0
0.015625,0
0.02247191011235955,0
0.012605042016806723,0
0.03125,0
0.07035175879396985,0
0.05217391304347826,0
0.0,0
0.060109289617486336,0
0.06896551724137931,0
0.0,0
0.008356545961002786,0
0.10135135135135136,0
0.0,0
0.1310344827586207,0
0.00558659217877095,0
0.16352201257861634,0
0.06281407035175879,0
0.011904761904761904,0
0.013550135501355014,0
0.011976047904191617,0
0.03333333333333333,0
0.5572916666666666,0
0.19689119170984457,0
0.013793103448275862,0
0.5985844287158746,1
0.8480565371024735,1
0.9166666666666666,1
0.963302752293578,1
0.9545454545454546,1
0.963302752293578,1
0.963302752293578,1
0.9545454545454546,1
0.9459459459459459,1
0.9166666666666666,1
0.9166666666666666,1
0.9166666666666666,1
0.9166666666666666,1
0.9166666666666666,1
0.9166666666666666,1
0.9545454545454546,1
0.963302752293578,1
0.963302752293578,1
0.9545454545454546,1
0.9459459459459459,1
0.9545454545454546,1
0.9545454545454546,1
0.9545454545454546,1
0.9459459459459459,1
0.963302752293578,1
0.9545454545454546,1
0.9459459459459459,1
0.9545454545454546,1
0.9459459459459459,1
0.9459459459459459,1
0.7867298578199052,1
0.8209876543209876,1
0.7649812734082397,1
0.5805626598465473,1
0.6547314578005116,1
0.9,1
0.7990033222591362,1
0.6193633952254642,1
0.5772558714462299,1
0.8106312292358804,1
0.6286472148541115,1
0.6452410383189122,1
0.7612732095490716,1
0.7095179233621756,1
0.9320148331273177,1
0.6893939393939394,1
0.6893939393939394,1
0.6893939393939394,1
0.6893939393939394,1
0.6893939393939394,1
0.6893939393939394,1
0.875,1
0.8504672897196262,1
0.875,1
0.875,1
0.7982456140350878,1
0.8504672897196262,1
0.875,1
0.875,1
0.7982456140350878,1
0.8504672897196262,1
0.8504672897196262,1
0.7982456140350878,1
0.875,1
0.7982456140350878,1
0.7982456140350878,1
0.5846994535519126,1
0.9173228346456693,1
0.4482758620689655,1
0.4482758620689655,1
0.4482758620689655,1
0.4482758620689655,1
0.4482758620689655,1
0.4482758620689655,1
0.4482758620689655,1
0.4482758620689655,1
0.844311377245509,1
0.8197674418604651,1
0.844311377245509,1
0.844311377245509,1
0.7966101694915254,1
0.8197674418604651,1
0.7747252747252747,1
0.8197674418604651,1
0.844311377245509,1
0.844311377245509,1
0.7966101694915254,1
0.8197674418604651,1
0.7747252747252747,1
0.8197674418604651,1
0.8197674418604651,1
0.7966101694915254,1
0.8197674418604651,1
0.7747252747252747,1
0.7138364779874213,1
0.844311377245509,1
0.7966101694915254,1
0.8197674418604651,1
0.7747252747252747,1
0.7966101694915254,1
0.8197674418604651,1
0.7747252747252747,1
0.7966101694915254,1
0.7747252747252747,1
0.7747252747252747,1
0.7174447174447175,1
0.6063492063492063,1
0.7974683544303798,1
0.702020202020202,1
0.7787610619469026,1
0.6150442477876106,1
1.0,1
0.9425531914893617,1
0.8786808009422851,1
0.926923076923077,1
0.968,1
0.9603174603174603,1
0.968,1
0.968,1
0.9603174603174603,1
0.952755905511811,1
0.926923076923077,1
0.926923076923077,1
0.926923076923077,1
0.926923076923077,1
0.926923076923077,1
0.926923076923077,1
0.9603174603174603,1
0.968,1
0.968,1
0.9603174603174603,1
0.952755905511811,1
0.9603174603174603,1
0.9603174603174603,1
0.9603174603174603,1
0.952755905511811,1
0.968,1
0.9603174603174603,1
0.952755905511811,1
0.9603174603174603,1
0.952755905511811,1
0.952755905511811,1
0.6266094420600858,1
0.9421487603305785,1
0.926829268292683,1
0.9344262295081968,1
0.95,1
0.9421487603305785,1
0.9344262295081968,1
0.9512195121951219,1
0.9590163934426229,1
0.9669421487603306,1
0.9669421487603306,1
0.9590163934426229,1
0.9512195121951219,1
0.9512195121951219,1
0.9512195121951219,1
0.9512195121951219,1
0.9590163934426229,1
0.9590163934426229,1
0.9590163934426229,1
0.9669421487603306,1
0.9590163934426229,1
0.9590163934426229,1
0.8409090909090909,1
0.8409090909090909,1
0.8409090909090909,1
0.8409090909090909,1
0.8409090909090909,1
0.8409090909090909,1
0.95,1
0.957983193277311,1
0.9661016949152542,1
0.9661016949152542,1
0.957983193277311,1
0.95,1
0.95,1
0.95,1
0.95,1
0.957983193277311,1
0.957983193277311,1
0.957983193277311,1
0.9661016949152542,1
0.957983193277311,1
0.957983193277311,1
0.8842975206611571,1
0.8842975206611571,1
0.8842975206611571,1
0.8842975206611571,1
0.8842975206611571,1
0.8842975206611571,1
0.9473684210526315,1
0.9557522123893806,1
0.9642857142857143,1
0.9642857142857143,1
0.9557522123893806,1
0.9473684210526315,1
0.9473684210526315,1
0.9473684210526315,1
0.9473684210526315,1
0.9557522123893806,1
0.9557522123893806,1
0.9557522123893806,1
0.9642857142857143,1
0.9557522123893806,1
0.9557522123893806,1
0.8813559322033898,1
0.8813559322033898,1
0.8813559322033898,1
0.8813559322033898,1
0.8813559322033898,1
0.8813559322033898,1
0.9459459459459459,1
0.9545454545454546,1
0.963302752293578,1
0.963302752293578,1
0.9545454545454546,1
0.9459459459459459,1
0.9459459459459459,1
0.9459459459459459,1
0.9459459459459459,1
0.9545454545454546,1
0.9545454545454546,1
0.9545454545454546,1
0.963302752293578,1
0.9545454545454546,1
0.9545454545454546,1
0.9714285714285714,1
0.9714285714285714,1
0.9714285714285714,1
0.9659090909090909,1
0.9714285714285714,1
0.9714285714285714,1
0.96045197740113,1
0.9770114942528736,1
0.9714285714285714,1
0.9659090909090909,1
0.9770114942528736,1
0.9770114942528736,1
0.96045197740113,1
0.9714285714285714,1
0.9659090909090909,1
0.9770114942528736,1
0.9770114942528736,1
0.96045197740113,1
0.9659090909090909,1
0.9714285714285714,1
0.9714285714285714,1
0.96045197740113,1
0.9659090909090909,1
0.9659090909090909,1
0.96045197740113,1
0.9770114942528736,1
0.96045197740113,1
0.96045197740113,1
0.934010152284264,1
0.934010152284264,1
0.9246231155778895,1
0.9292929292929293,1
0.9387755102040817,1
0.934010152284264,1
0.9292929292929293,1
0.9230769230769231,1
0.8910891089108911,1
0.8955223880597015,1
0.9,1
0.8910891089108911,1
0.8866995073891626,1
0.8955223880597015,1
0.8955223880597015,1
0.9796954314720813,1
0.9698492462311558,1
0.9747474747474747,1
0.9796954314720813,1
0.9796954314720813,1
0.9747474747474747,1
0.9038461538461539,1
0.9356435643564357,1
0.9402985074626866,1
0.945,1
0.9356435643564357,1
0.9310344827586207,1
0.9402985074626866,1
0.9601990049751243,1
0.9698492462311558,1
0.9747474747474747,1
0.9796954314720813,1
0.9796954314720813,1
0.9747474747474747,1
0.9038461538461539,1
0.9356435643564357,1
0.9402985074626866,1
0.945,1
0.9356435643564357,1
0.9310344827586207,1
0.9601990049751243,1
0.9402985074626866,1
0.9698492462311558,1
0.9698492462311558,1
0.9698492462311558,1
0.9698492462311558,1
0.9038461538461539,1
0.9356435643564357,1
0.9402985074626866,1
0.945,1
0.9356435643564357,1
0.9605911330049262,1
0.9402985074626866,1
0.9402985074626866,1
0.9747474747474747,1
0.9747474747474747,1
0.9747474747474747,1
0.9038461538461539,1
0.9356435643564357,1
0.9402985074626866,1
0.945,1
0.9603960396039604,1
0.9310344827586207,1
0.9402985074626866,1
0.9402985074626866,1
0.9796954314720813,1
0.9747474747474747,1
0.9038461538461539,1
0.9356435643564357,1
0.9402985074626866,1
0.96,1
0.9356435643564357,1
0.9310344827586207,1
0.9402985074626866,1
0.9402985074626866,1
0.9747474747474747,1
0.9038461538461539,1
0.9356435643564357,1
0.9601990049751243,1
0.945,1
0.9356435643564357,1
0.9310344827586207,1
0.9402985074626866,1
0.9402985074626866,1
0.9038461538461539,1
0.9603960396039604,1
0.9402985074626866,1
0.945,1
0.9356435643564357,1
0.9310344827586207,1
0.9402985074626866,1
0.9402985074626866,1
0.9423076923076923,1
0.9423076923076923,1
0.9423076923076923,1
0.9423076923076923,1
0.9423076923076923,1
0.9423076923076923,1
0.9423076923076923,1
0.9752475247524752,1
0.9752475247524752,1
0.9752475247524752,1
0.9704433497536946,1
0.9752475247524752,1
0.9752475247524752,1
0.9800995024875622,1
0.9752475247524752,1
0.9704433497536946,1
0.9800995024875622,1
0.9800995024875622,1
0.9752475247524752,1
0.9704433497536946,1
0.9800995024875622,1
0.9800995024875622,1
0.9704433497536946,1
0.9752475247524752,1
0.9752475247524752,1
0.9704433497536946,1
0.9704433497536946,1
0.9800995024875622,1
0.6844660194174758,1
0.6844660194174758,1
0.6844660194174758,1
0.6844660194174758,1
0.6844660194174758,1
0.6844660194174758,1
0.6844660194174758,1
0.6844660194174758,1
0.9659863945578231,1
0.9659863945578231,1
0.9659863945578231,1
0.9594594594594594,1
0.9659863945578231,1
0.9215686274509803,1
0.9659863945578231,1
0.9726027397260274,1
0.9659863945578231,1
0.9594594594594594,1
0.9726027397260274,1
0.9215686274509803,1
0.9726027397260274,1
0.9659863945578231,1
0.9594594594594594,1
0.9726027397260274,1
0.9215686274509803,1
0.9726027397260274,1
0.9594594594594594,1
0.9659863945578231,1
0.9215686274509803,1
0.9659863945578231,1
0.9594594594594594,1
0.9215686274509803,1
0.9594594594594594,1
0.9215686274509803,1
0.9726027397260274,1
0.9215686274509803,1
0.9697986577181208,1
0.007285974499089253,0
0.025500910746812388,0
0.07582938388625593,0
0.07582938388625593,0
0.21825396825396826,0
0.38308457711442784,0
0.28440366972477066,0
0.031446540880503145,0
0.03937007874015748,0
0.3888888888888889,0
0.0873015873015873,0
0.10891089108910891,0
0.040880503144654086,0
0.7016129032258065,0
0.1188118811881188,0
0.047619047619047616,0
0.19402985074626866,0
0.03711790393013101,0
0.041884816753926704,0
0.039301310043668124,0
0.07307692307692308,0
0.02120141342756184,0
0.02120141342756184,0
0.15873015873015872,0
0.1623931623931624,0
0.18565400843881857,0
0.051181102362204724,0
0.18,0
0.39086294416243655,0
0.08383233532934131,0
0.14393939393939395,0
0.45604395604395603,0
0.02823920265780731,0
0.9067796610169492,0
0.010889292196007259,0
0.06692913385826772,0
0.08383233532934131,0
0.06299212598425197,0
0.020942408376963352,0
0.10606060606060606,0
0.05458515283842795,0
0.0958904109589041,0
0.008426966292134831,0
0.3287037037037037,0
0.056504599211563734,0
0.032467532467532464,0
0.203125,0
0.02422145328719723,0
0.24603174603174602,0
0.009448818897637795,0
0.39086294416243655,0
0.9067796610169492,0
0.01060070671378092,0
0.007285974499089253,0
0.13588850174216027,0
0.48863636363636365,0
0.56,0
0.036297640653357534,0
0.05519053876478318,0
0.189873417721519,0
0.02591283863368669,0
0.04,0
0.03862660944206009,0
0.22522522522522523,0
0.06692913385826772,0
0.03460207612456748,0
0.02181818181818182,0
0.06299212598425197,0
0.0873015873015873,0
0.039301310043668124,0
0.22935779816513763,0
0.03773584905660377,0
0.9067796610169492,0
0.04954954954954955,0
0.028268551236749116,0
0.12962962962962962,0
0.032467532467532464,0
0.6060606060606061,0
0.04993429697766097,0
0.02557544757033248,0
0.22727272727272727,0
0.6060606060606061,0
0.04330708661417323,0
0.8632478632478633,0
0.04819277108433735,0
0.047619047619047616,0
0.5273972602739726,0
0.156,0
0.05045871559633028,0
0.025408348457350273,0
0.03409090909090909,0
0.07582938388625593,0
0.47530864197530864,0
0.05673758865248227,0
0.03829787234042553,0
0.036855036855036855,0
0.015748031496062992,0
0.9067796610169492,0
0.0915032679738562,0
0.10945273631840796,0
0.15476190476190477,0
0.6089108910891089,0
0.08813559322033898,0
0.12,0
0.5238095238095238,0
0.03460207612456748,0
0.08731808731808732,0
0.014134275618374558,0
0.5517241379310345,0
0.056511056511056514,0
0.07853403141361257,0
0.08813559322033898,0
0.2149122807017544,0
0.08383233532934131,0
0.168,0
0.036,0
0.8813559322033898,0
0.37185929648241206,0
0.1188118811881188,0
0.49710982658959535,0
0.5284090909090909,0
0.04365079365079365,0
0.49710982658959535,0
0.015366430260047281,0
0.13588850174216027,0
0.03896103896103896,0
0.010889292196007259,0
0.00909090909090909,0
0.059113300492610835,0
0.0958904109589041,0
0.04054054054054054,0
0.011826544021024968,0
0.36893203883495146,0
0.3888888888888889,0
0.015915119363395226,0
0.03773584905660377,0
0.36893203883495146,0
0.03428571428571429,0
0.07582938388625593,0
0.10679611650485436,0
0.023485784919653894,0
0.06746031746031746,0
0.15833333333333333,0
0.028268551236749116,0
0.4519774011299435,0
0.040880503144654086,0
0.07228915662650602,0
0.39800995024875624,0
0.025408348457350273,0
0.3811881188118812,0
0.038318912237330034,0
0.1116751269035533,0
0.19469026548672566,0
0.03275109170305677,0
0.08253968253968254,0
0.0761904761904762,0
0.010638297872340425,0
0.6059113300492611,0
0.875,0
0.03937007874015748,0
0.02857142857142857,0
0.04111405835543767,0
0.08383233532934131,0
0.04817275747508306,0
0.12571428571428572,0
0.047244094488188976,0
0.008426966292134831,0
0.012172284644194757,0
0.03,0
0.04435483870967742,0
0.13588850174216027,0
0.06896551724137931,0
0.03355704697986577,0
0.008771929824561403,0
0.03968253968253968,0
0.029143897996357013,0
0.045064377682403435,0
0.37185929648241206,0
0.16666666666666666,0
0.5344827586206896,0
0.30701754385964913,0
0.5058139534883721,0
0.21818181818181817,0
0.03773584905660377,0
0.0963855421686747,0
0.047244094488188976,0
0.09523809523809523,0
0.3756345177664975,0
0.37055837563451777,0
0.17338709677419356,0
0.026200873362445413,0
0.03896103896103896,0
0.020134228187919462,0
0.08383233532934131,0
0.026200873362445413,0
0.07582938388625593,0
0.16101694915254236,0
0.12571428571428572,0
0.04230769230769231,0
0.12962962962962962,0
0.011826544021024968,0
0.8416666666666667,0
0.022546419098143235,0
0.031413612565445025,0
0.060085836909871244,0
0.8487394957983193,0
0.03968253968253968,0
0.038461538461538464,0
0.02591283863368669,0
0.15,0
0.943089430894309,0
0.1848341232227488,0
0.4,0
0.875,0
0.015283842794759825,0
0.042027194066749075,0
0.03460207612456748,0
0.10606060606060606,0
0.01730103806228374,0
0.14634146341463414,0
0.011826544021024968,0
0.061764705882352944,0
0.038318912237330034,0
0.02591283863368669,0
0.2540322580645161,0
0.19696969696969696,0
0.08139534883720931,0
0.2222222222222222,0
0.1693548387096774,0
0.615,0
0.07582938388625593,0
0.3110236220472441,0
0.050335570469798654,0
0.17716535433070865,0
0.012956419316843345,0
0.19696969696969696,0
0.14760914760914762,0
0.9067796610169492,0
0.014833127317676144,0
0.37185929648241206,0
0.9017857142857143,0
0.8559322033898306,0
0.203125,0
0.12844036697247707,0
0.05272727272727273,0
0.020134228187919462,0
0.010638297872340425,0
0.048034934497816595,0
0.034545454545454546,0
0.15,0
0.45977011494252873,0
0.15176715176715178,0
0.03829787234042553,0
0.059113300492610835,0
0.041176470588235294,0
0.15,0
0.03134479271991911,0
0.15725806451612903,0
0.020134228187919462,0
0.36893203883495146,0
0.036297640653357534,0
0.08383233532934131,0
0.0958904109589041,0
0.14634146341463414,0
0.38,0
0.11,0
0.9421487603305785,0
0.014044943820224719,0
0.02823920265780731,0
0.0997920997920998,0
0.06437768240343347,0
0.22018348623853212,0
0.2204724409448819,0
0.034482758620689655,0
0.03580562659846547,0
0.03529411764705882,0
0.10919540229885058,0
0.07909604519774012,0
0.02204724409448819,0
0.11224489795918367,0
0.1188118811881188,0
0.013140604467805518,0
0.01730103806228374,0
0.13937282229965156,0
0.054187192118226604,0
0.252,0
0.04935622317596566,0
0.38308457711442784,0
0.11864406779661017,0
0.057291666666666664,0
0.025157232704402517,0
0.040880503144654086,0
0.00910010111223458,0
0.04111405835543767,0
0.023485784919653894,0
0.02591283863368669,0
0.36893203883495146,0
0.11940298507462686,0
0.04893617021276596,0
0.027659574468085105,0
0.8487394957983193,0
0.014833127317676144,0
0.22727272727272727,0
0.49673202614379086,0
0.07692307692307693,0
0.04435483870967742,0
0.21818181818181817,0
0.1111111111111111,0
0.03529411764705882,0
0.39593908629441626,0
0.08139534883720931,0
0.21153846153846154,0
0.08383233532934131,0
0.027659574468085105,0
0.03829787234042553,0
0.020460358056265986,0
0.19469026548672566,0
0.0070921985815602835,0
0.37244897959183676,0
0.203125,0
0.029143897996357013,0
0.11299435028248588,0
0.4230769230769231,0
0.036855036855036855,0
0.1188118811881188,0
0.0440251572327044,0
0.03829787234042553,0
0.04040404040404041,0
0.24803149606299213,0
0.02843601895734597,0
0.010111223458038422,0
0.032467532467532464,0
0.3256880733944954,0
0.5273972602739726,0
0.9016393442622951,0
0.0660377358490566,0
0.045871559633027525,0
0.19469026548672566,0
0.03180212014134275,0
0.1111111111111111,0
0.2772727272727273,0
0.0070921985815602835,0
0.6119402985074627,0
0.3256880733944954,0
0.11864406779661017,0
0.04363636363636364,0
0.24311926605504589,0
0.23846153846153847,0
0.021013597033374538,0
0.38308457711442784,0
0.047619047619047616,0
0.03838383838383838,0
0.02557544757033248,0
0.061764705882352944,0
0.15873015873015872,0
0.025278058645096056,0
0.031413612565445025,0
0.696,0
0.37373737373737376,0
0.014134275618374558,0
0.20833333333333334,0
0.3888888888888889,0
0.044,0
0.09491525423728814,0
0.5238095238095238,0
0.38308457711442784,0
0.044,0
0.02591283863368669,0
0.03711790393013101,0
0.029143897996357013,0
0.036855036855036855,0
0.10919540229885058,0
0.39285714285714285,0
0.5428571428571428,0
0.04817275747508306,0
0.4942528735632184,0
0.08737864077669903,0
0.059113300492610835,0
0.031413612565445025,0
0.05021834061135371,0
0.030456852791878174,0
0.13588850174216027,0
0.8916666666666667,0
0.4689265536723164,0
0.23873873873873874,0
0.00909090909090909,0
0.24311926605504589,0
0.16535433070866143,0
0.047619047619047616,0
0.8347107438016529,0
0.5273972602739726,0
0.9067796610169492,0
0.156,0
0.07484407484407485,0
0.3793103448275862,0
0.3181818181818182,0
0.0741687979539642,0
0.03773584905660377,0
0.02823920265780731,0
0.038869257950530034,0
0.07909604519774012,0
0.03823529411764706,0
0.034482758620689655,0
0.0963855421686747,0
0.08888888888888889,0
0.847457627118644,0
0.08383233532934131,0
0.02843601895734597,0
0.024734982332155476,0
0.047058823529411764,0
0.12429378531073447,0
0.029921259842519685,0
1.0,1
1.0,1
0.6805896805896806,1
1.0,1
0.6826568265682657,1
0.7567567567567568,1
0.9132653061224489,1
0.7636363636363637,1
0.9132653061224489,1
0.7636363636363637,1
0.9132653061224489,1
0.7567567567567568,1
1.0,1
0.9132653061224489,1
0.7567567567567568,1
0.9132653061224489,1
0.7636363636363637,1
0.9132653061224489,1
0.9132653061224489,1
0.7567567567567568,1
0.9051724137931034,1
0.9051724137931034,1
0.9051724137931034,1
0.9051724137931034,1
0.8624338624338624,1
0.7142857142857143,1
0.8253968253968254,1
0.8253968253968254,1
0.9130434782608695,1
0.8623188405797102,1
1.0,1
0.9130434782608695,1
0.825531914893617,1
0.8755980861244019,1
0.7074235807860262,1
0.9086294416243654,1
0.7719298245614035,1
0.7932692307692307,1
0.6486486486486487,1
0.9086294416243654,1
0.775330396475771,1
0.7971014492753623,1
0.6261682242990654,1
0.9086294416243654,1
0.775330396475771,1
0.7971014492753623,1
0.6261682242990654,1
0.9086294416243654,1
0.7719298245614035,1
0.7932692307692307,1
0.6486486486486487,1
0.7787234042553192,1
0.6893617021276596,1
0.7489361702127659,1
0.9234042553191489,1
0.7021276595744681,1
0.6127659574468085,1
0.7489361702127659,1
0.9234042553191489,1
0.7021276595744681,1
0.5702127659574469,1
0.7489361702127659,1
0.9234042553191489,1
0.7021276595744681,1
0.5702127659574469,1
0.7489361702127659,1
0.9234042553191489,1
0.7021276595744681,1
0.6127659574468085,1
0.6943231441048034,1
0.7894736842105263,1
0.7236842105263158,1
0.8421052631578947,1
0.6351351351351351,1
0.7894736842105263,1
0.7268722466960352,1
0.8421052631578947,1
0.6121495327102804,1
0.7894736842105263,1
0.7268722466960352,1
0.8421052631578947,1
0.6121495327102804,1
0.7894736842105263,1
0.7236842105263158,1
0.8421052631578947,1
0.6351351351351351,1
0.6069868995633187,1
0.6419213973799127,1
0.6157205240174672,1
0.9213973799126638,1
0.6069868995633187,1
0.6419213973799127,1
0.6157205240174672,1
0.8777292576419214,1
0.6069868995633187,1
0.6419213973799127,1
0.6157205240174672,1
0.8777292576419214,1
0.6069868995633187,1
0.6419213973799127,1
0.6157205240174672,1
0.9213973799126638,1
0.7567567567567568,1
0.954954954954955,1
0.7567567567567568,1
0.954954954954955,1
0.7567567567567568,1
0.954954954954955,1
0.7567567567567568,1
0.8018018018018018,1
1.0,1
0.7567567567567568,1
0.954954954954955,1
0.7567567567567568,1
0.7567567567567568,1
0.954954954954955,1
0.9190371991247265,1
0.9190371991247265,1
0.9190371991247265,1
0.7417582417582418,1
0.8387096774193549,1
0.8297872340425532,1
0.9083969465648855,1
0.9130434782608695,1
1.0,1
0.8201754385964912,1
0.8461538461538461,1
0.6981981981981982,1
0.9421052631578948,1
0.775330396475771,1
0.7971014492753623,1
0.6261682242990654,1
0.9421052631578948,1
0.775330396475771,1
0.7971014492753623,1
0.6261682242990654,1
0.9421052631578948,1
0.7719298245614035,1
0.7932692307692307,1
0.6486486486486487,1
0.7719298245614035,1
0.6798245614035088,1
0.7719298245614035,1
0.9517543859649122,1
0.7236842105263158,1
0.5877192982456141,1
0.7719298245614035,1
0.9517543859649122,1
0.7236842105263158,1
0.5877192982456141,1
0.7719298245614035,1
0.9517543859649122,1
0.7236842105263158,1
0.631578947368421,1
0.6642728904847397,1
0.6846846846846847,1
0.7932692307692307,1
0.7268722466960352,1
0.9471153846153846,1
0.6121495327102804,1
0.7932692307692307,1
0.7268722466960352,1
0.9471153846153846,1
0.6121495327102804,1
0.7932692307692307,1
0.7236842105263158,1
0.9471153846153846,1
0.6351351351351351,1
0.6261261261261262,1
0.6475770925110133,1
0.6351351351351351,1
0.9054054054054054,1
0.6261261261261262,1
0.6475770925110133,1
0.6351351351351351,1
0.9054054054054054,1
0.6261261261261262,1
0.6447368421052632,1
0.6351351351351351,1
0.9504504504504504,1
0.8,1
0.9572192513368984,1
0.7636363636363637,1
0.9470899470899471,1
0.7567567567567568,1
0.9132653061224489,1
0.9470899470899471,1
0.7567567567567568,1
1.0,1
0.8,1
0.9572192513368984,1
0.9470899470899471,1
0.7567567567567568,1
0.7636363636363637,1
0.9636363636363636,1
0.7636363636363637,1
0.954954954954955,1
0.7636363636363637,1
0.7636363636363637,1
0.954954954954955,1
0.8,1
1.0,1
0.7636363636363637,1
0.7636363636363637,1
0.954954954954955,1
0.9292035398230089,1
0.9190371991247265,1
0.7956989247311828,1
0.7872340425531915,1
0.8193832599118943,1
0.8454106280193237,1
0.6728971962616822,1
0.9470899470899471,1
0.775330396475771,1
0.7971014492753623,1
0.6261682242990654,1
0.9421052631578948,1
0.7719298245614035,1
0.7932692307692307,1
0.6486486486486487,1
0.7709251101321586,1
0.6343612334801763,1
0.775330396475771,1
0.9559471365638766,1
0.7268722466960352,1
0.5903083700440529,1
0.775330396475771,1
0.9517543859649122,1
0.7268722466960352,1
0.6343612334801763,1
0.6588785046728972,1
0.7971014492753623,1
0.7268722466960352,1
0.9516908212560387,1
0.6121495327102804,1
0.7971014492753623,1
0.7236842105263158,1
0.9471153846153846,1
0.6351351351351351,1
0.602803738317757,1
0.6035242290748899,1
0.6121495327102804,1
0.9532710280373832,1
0.602803738317757,1
0.6008771929824561,1
0.6121495327102804,1
0.9054054054054054,1
0.8,1
0.9470899470899471,1
0.7567567567567568,1
0.9132653061224489,1
0.9470899470899471,1
0.7567567567567568,1
0.9572192513368984,1
0.7636363636363637,1
1.0,1
0.9470899470899471,1
0.7567567567567568,1
0.9190371991247265,1
0.7636363636363637,1
0.954954954954955,1
0.7636363636363637,1
0.7636363636363637,1
0.954954954954955,1
0.7636363636363637,1
0.9636363636363636,1
0.8,1
0.7636363636363637,1
0.954954954954955,1
0.898936170212766,1
0.8193832599118943,1
0.8454106280193237,1
0.6728971962616822,1
0.9421052631578948,1
0.7719298245614035,1
0.7932692307692307,1
0.6486486486486487,1
0.7709251101321586,1
0.6343612334801763,1
0.775330396475771,1
0.9517543859649122,1
0.7268722466960352,1
0.6343612334801763,1
0.6588785046728972,1
0.7971014492753623,1
0.7236842105263158,1
0.9471153846153846,1
0.6351351351351351,1
0.602803738317757,1
0.6008771929824561,1
0.6121495327102804,1
0.9054054054054054,1
0.8018018018018018,1
0.9132653061224489,1
0.9470899470899471,1
0.7567567567567568,1
0.9470899470899471,1
0.7636363636363637,1
0.9470899470899471,1
1.0,1
0.8018018018018018,1
0.7567567567567568,1
0.7567567567567568,1
0.954954954954955,1
0.7567567567567568,1
0.954954954954955,1
0.7567567567567568,1
0.8018018018018018,1
1.0,1
0.8623188405797102,1
0.9083969465648855,1
0.8201754385964912,1
0.8461538461538461,1
0.6981981981981982,1
0.7719298245614035,1
0.6798245614035088,1
0.6846846846846847,1
1.0,1
1.0,1
1.0,1
1.0,1
1.0,1
1.0,1
0.9132653061224489,1
0.7567567567567568,1
0.9132653061224489,1
0.7636363636363637,1
0.9132653061224489,1
0.9132653061224489,1
0.7567567567567568,1
0.9130434782608695,1
0.8018018018018018,1
0.9470899470899471,1
0.7636363636363637,1
0.9470899470899471,1
0.9470899470899471,1
0.7567567567567568,1
0.7567567567567568,1
0.954954954954955,1
0.7567567567567568,1
0.7567567567567568,1
0.954954954954955,1
0.8,1
0.9572192513368984,1
0.9470899470899471,1
0.7567567567567568,1
0.7636363636363637,1
0.7636363636363637,1
0.954954954954955,1
0.9470899470899471,1
0.7567567567567568,1
0.8018018018018018,1
1.0,1
0.05405405405405406,0
0.011320754716981131,0
0.2851063829787234,0
0.0,0
0.018296973961998593,0
0.029484029484029485,0
0.08849557522123894,0
0.04668304668304668,0
0.22466960352422907,0
0.0,0
0.0625,0
0.02654867256637168,0
0.05263157894736842,0
0.29515418502202645,0
0.18518518518518517,0
0.03783783783783784,0
0.0211118930330753,0
0.12612612612612611,0
0.10582010582010581,0
0.013114754098360656,0
0.01618578465869106,0
0.025830258302583026,0
0.04914004914004914,0
0.04590163934426229,0
0.20704845814977973,0
0.3788546255506608,0
0.06489675516224189,0
0.05387931034482758,0
0.0,0
0.1222707423580786,0
0.07374631268436578,0
0.36538461538461536,0
0.0,0
0.07079646017699115,0
0.0,0
0.27411167512690354,0
0.29515418502202645,0
0.10991379310344827,0
0.08108108108108109,0
0.0,0
0.04590163934426229,0
0.1222707423580786,0
0.35964912280701755,0
0.08108108108108109,0
0.07616707616707617,0
0.28421052631578947,0
0.03052064631956912,0
0.06037735849056604,0
0.0,0
0.16216216216216217,0
0.1415929203539823,0
0.05245901639344262,0
0.009852216748768473,0
0.06285714285714286,0
0.01055594651653765,0
0.019736842105263157,0
0.3401015228426396,0
0.06104129263913824,0
0.08296943231441048,0
0.024630541871921183,0
0.040948275862068964,0
0.37719298245614036,0
0.33260393873085337,0
0.19138755980861244,0
0.19138755980861244,0
0.32211538461538464,0
0.10857142857142857,0
0.007371007371007371,0
0.0687960687960688,0
0.07567567567567568,0
0.11261261261261261,0
0.2170212765957447,0
0.014742014742014743,0
0.05405405405405406,0
0.0,0
0.0,0
0.4213197969543147,0
0.12612612612612611,0
0.024630541871921183,0
0.11682242990654206,0
0.01327433628318584,0
0.15339233038348082,0
0.04914004914004914,0
0.07439824945295405,0
0.022641509433962263,0
0.0687960687960688,0
0.0,0
0.0,0
0.045283018867924525,0
0.26455026455026454,0
0.019656019656019656,0
0.04590163934426229,0
0.36123348017621143,0
0.03982300884955752,0
0.22972972972972974,0
0.18018018018018017,0
0.04590163934426229,0
0.05855855855855856,0
0.18018018018018017,0
0.2631578947368421,0
0.336283185840708,0
0.15339233038348082,0
0.09523809523809523,0
0.2170212765957447,0
0.17307692307692307,0
0.1932367149758454,0
0.0,0
0.04590163934426229,0
0.3401015228426396,0
0.009852216748768473,0
0.09523809523809523,0
0.0,0
0.3163716814159292,0
0.022641509433962263,0
0.045283018867924525,0
0.0420353982300885,0
0.0,0
0.46842105263157896,0
0.0687960687960688,0
0.01618578465869106,0
0.01618578465869106,0
0.025830258302583026,0
0.12168141592920353,0
0.04594594594594595,0
0.05530973451327434,0
0.04741379310344827,0
0.04914004914004914,0
0.04157549234135667,0
0.0,0
0.014742014742014743,0
0.09183673469387756,0
0.24680851063829787,0
0.04176904176904177,0
0.04590163934426229,0
0.0,0
0.007741027445460943,0
0.06037735849056604,0
0.1084070796460177,0
0.19786096256684493,0
0.0,0
0.06756756756756757,0
0.09090909090909091,0
0.009852216748768473,0
0.0,0
0.04590163934426229,0
0.17391304347826086,0
0.0,0
0.13495575221238937,0
0.019736842105263157,0
0.09183673469387756,0
0.0,0
0.0687960687960688,0
0.31291028446389496,0
0.1932367149758454,0
0.0,0
0.11682242990654206,0
0.0,0
0.009852216748768473,0
0.07374631268436578,0
0.04668304668304668,0
0.009852216748768473,0
0.1592920353982301,0
0.0,0
0.04668304668304668,0
0.07011070110701106,0
0.10855263157894737,0
0.29515418502202645,0
0.009852216748768473,0
0.12169312169312169,0
0.06043956043956044,0
0.05660377358490566,0
0.04590163934426229,0
0.018296973961998593,0
0.07374631268436578,0
0.05405405405405406,0
0.09090909090909091,0
0.3157894736842105,0
0.3788546255506608,0
0.05385996409335727,0
0.06037735849056604,0
0.0752212389380531,0
0.0211118930330753,0
0.1590909090909091,0
0.014742014742014743,0
0.42995169082125606,0
0.0,0
0.06756756756756757,0
0.08181818181818182,0
0.056074766355140186,0
0.05309734513274336,0
0.03949730700179533,0
0.31291028446389496,0
0.0,0
0.1932367149758454,0
0.013114754098360656,0
0.013114754098360656,0
0.0,0
0.09183673469387756,0
0.0,0
0.0049261083743842365,0
0.08108108108108109,0
0.03931203931203931,0
0.11159737417943107,0
0.10752688172043011,0
0.05470459518599562,0
0.04668304668304668,0
0.007741027445460943,0
0.32211538461538464,0
0.045283018867924525,0
0.2318181818181818,0
0.0,0
0.22972972972972974,0
0.18181818181818182,0
0.37719298245614036,0
0.10855263157894737,0
0.013114754098360656,0
0.04914004914004914,0
0.0,0
0.04814004376367615,0
0.12612612612612611,0
0.010771992818671455,0
0.04590163934426229,0
0.19230769230769232,0
0.05245901639344262,0
0.03982300884955752,0
0.2236842105263158,0
0.04590163934426229,0
0.0,0
0.06633906633906633,0
0.39712918660287083,0
0.026929982046678635,0
0.518918918918919,0
0.22466960352422907,0
0.2857142857142857,0
0.31291028446389496,0
0.013114754098360656,0
0.056074766355140186,0
0.056511056511056514,0
0.01639344262295082,0
0.28421052631578947,0
0.04814004376367615,0
0.07439824945295405,0
0.3275862068965517,0
0.04590163934426229,0
0.10722100656455143,0
0.07374631268436578,0
0.3671497584541063,0
0.024630541871921183,0
0.013114754098360656,0
0.0625,0
0.10989010989010989,0
0.010771992818671455,0
0.018296973961998593,0
0.11261261261261261,0
0.06037735849056604,0
0.0687960687960688,0
0.032432432432432434,0
0.19576719576719576,0
0.12530712530712532,0
0.08108108108108109,0
0.11261261261261261,0
0.04668304668304668,0
0.07374631268436578,0
0.2236842105263158,0
0.0,0
0.056511056511056514,0
0.22466960352422907,0
0.024630541871921183,0
0.06878306878306878,0
0.007741027445460943,0
0.022113022113022112,0
0.16666666666666666,0
0.06037735849056604,0
0.04590163934426229,0
0.05855855855855856,0
0.22466960352422907,0
0.10991379310344827,0
0.07374631268436578,0
0.06633906633906633,0
0.087527352297593,0
0.10752688172043011,0
0.0,0
0.39035087719298245,0
0.3148936170212766,0
0.011963406052076003,0
0.00422237860661506,0
0.0,0
0.022113022113022112,0
0.06633906633906633,0
0.06037735849056604,0
0.07567567567567568,0
0.04157549234135667,0
0.06756756756756757,0
0.0,0
0.1932367149758454,0
0.07374631268436578,0
0.19230769230769232,0
0.46842105263157896,0
0.018296973961998593,0
0.33260393873085337,0
0.4021164021164021,0
0.05385996409335727,0
0.07374631268436578,0
0.05470459518599562,0
0.015482054890921885,0
0.0,0
0.19576719576719576,0
0.19230769230769232,0
0.31291028446389496,0
0.4517766497461929,0
0.20574162679425836,0
0.3163716814159292,0
0.06633906633906633,0
0.09183673469387756,0
0.22448979591836735,0
0.34934497816593885,0
0.06043956043956044,0
0.04590163934426229,0
0.025830258302583026,0
0.013114754098360656,0
0.12039312039312039,0
0.07011070110701106,0
0.00422237860661506,0
0.013114754098360656,0
0.3333333333333333,0
0.2236842105263158,0
0.3671497584541063,0
0.3096446700507614,0
0.2755102040816326,0
0.0,0
0.13495575221238937,0
0.3081896551724138,0
0.0752212389380531,0
0.4021164021164021,0
0.07374631268436578,0
0.39035087719298245,0
0.04847396768402154,0
0.11209439528023599,0
0.0211118930330753,0
0.2857142857142857,0
0.4708994708994709,0
0.019656019656019656,0
0.06633906633906633,0
0.32367149758454106,0
0.0,0
0.0,0
0.0,0
0.11209439528023599,0
0.0,0
0.26455026455026454,0
0.29385964912280704,0
0.3659574468085106,0
0.31291028446389496,0
