0.9108910891089109,1
0.8910891089108911,1
0.6840148698884758,1
0.6840148698884758,1
0.8910891089108911,1
0.8910891089108911,1
0.8910891089108911,1
0.8450704225352113,1
0.8910891089108911,1
0.8910891089108911,1
0.6840148698884758,1
0.6840148698884758,1
0.8910891089108911,1
0.8910891089108911,1
0.8910891089108911,1
0.8450704225352113,1
0.8910891089108911,1
0.6691449814126395,1
0.6691449814126395,1
0.9090909090909091,1
0.9090909090909091,1
0.8955223880597015,1
0.8450704225352113,1
0.8955223880597015,1
0.8884758364312267,1
0.6691449814126395,1
0.6691449814126395,1
0.6691449814126395,1
0.6691449814126395,1
0.6691449814126395,1
0.6691449814126395,1
0.6691449814126395,1
0.6691449814126395,1
0.6691449814126395,1
0.6691449814126395,1
0.9230769230769231,1
0.8955223880597015,1
0.8450704225352113,1
0.8955223880597015,1
0.8955223880597015,1
0.8450704225352113,1
0.8955223880597015,1
0.8450704225352113,1
0.8955223880597015,1
0.8450704225352113,1
0.8620689655172413,1
0.8298755186721992,1
0.8298755186721992,1
0.892018779342723,1
0.7887323943661971,1
0.8591549295774648,1
0.8767123287671232,1
0.8888888888888888,1
0.9014084507042254,1
0.8648648648648649,1
0.8727272727272727,1
0.8533333333333334,1
0.8301886792452831,1
0.8632075471698113,1
0.8356164383561644,1
0.8472222222222222,1
0.8591549295774648,1
0.8243243243243243,1
0.8318181818181818,1
0.8133333333333334,1
0.835820895522388,1
0.7671232876712328,1
0.7777777777777778,1
0.7887323943661971,1
0.7567567567567568,1
0.7636363636363637,1
0.7466666666666667,1
0.8356164383561644,1
0.8472222222222222,1
0.8591549295774648,1
0.8243243243243243,1
0.8318181818181818,1
0.8133333333333334,1
0.9178082191780822,1
0.9178082191780822,1
0.9054054054054054,1
0.9136363636363637,1
0.8933333333333333,1
0.9305555555555556,1
0.9054054054054054,1
0.9136363636363637,1
0.8933333333333333,1
0.9054054054054054,1
0.9136363636363637,1
0.8933333333333333,1
0.9054054054054054,1
0.8933333333333333,1
0.9244444444444444,1
0.8804780876494024,1
0.9316770186335404,1
0.974025974025974,1
0.7573529411764706,1
0.7573529411764706,1
0.8373983739837398,1
0.8443496801705757,1
0.8411764705882353,1
0.5213178294573644,1
0.817741935483871,1
0.8261648745519713,1
0.82574568288854,1
0.7488151658767772,1
0.7516129032258064,1
0.7770800627943485,1
0.7647058823529411,1
0.8846153846153846,1
0.6666666666666666,1
0.6538461538461539,1
0.88,1
0.7692307692307693,1
0.6586826347305389,1
0.6622516556291391,1
0.6711409395973155,1
0.9470198675496688,1
0.6931818181818182,1
0.6923076923076923,1
0.6363636363636364,1
0.6153846153846154,1
0.7241379310344828,1
0.6813186813186813,1
0.6901408450704225,1
0.8720682302771855,1
0.9316770186335404,1
0.5657894736842105,1
0.40186915887850466,1
0.6615384615384615,1
0.344,1
0.3893129770992366,1
0.3893129770992366,1
0.41346153846153844,1
0.36134453781512604,1
0.33858267716535434,1
0.3359375,1
0.4485981308411215,1
0.5657894736842105,1
0.456,1
0.366412213740458,1
0.366412213740458,1
0.46153846153846156,1
0.4789915966386555,1
0.44881889763779526,1
0.4453125,1
0.40186915887850466,1
0.712,1
0.6793893129770993,1
0.6793893129770993,1
0.8317757009345794,1
0.7478991596638656,1
0.7007874015748031,1
0.6953125,1
0.344,1
0.3282442748091603,1
0.3282442748091603,1
0.41346153846153844,1
0.36134453781512604,1
0.33858267716535434,1
0.3359375,1
0.6793893129770993,1
0.6793893129770993,1
0.712,1
0.856,1
0.84251968503937,1
0.8359375,1
0.7709923664122137,1
0.6793893129770993,1
0.6793893129770993,1
0.6793893129770993,1
0.6793893129770993,1
0.6793893129770993,1
0.6793893129770993,1
0.6793893129770993,1
0.6793893129770993,1
0.7478991596638656,1
0.7007874015748031,1
0.6953125,1
0.84251968503937,1
0.8359375,1
0.8359375,1
0.7857142857142857,1
1.0,1
0.6785714285714286,1
1.0,1
0.8557692307692307,1
0.8125,1
0.6953125,1
0.4788732394366197,1
0.6538461538461539,1
0.8815331010452961,1
0.9812206572769953,1
0.9185185185185185,1
0.7383177570093458,1
1.0,1
0.7966101694915254,1
0.8245614035087719,1
0.5789473684210527,1
0.8813559322033898,1
1.0,1
1.0,1
1.0,1
1.0,1
1.0,1
1.0,1
1.0,1
1.0,1
1.0,1
1.0,1
1.0,1
0.7272727272727273,1
1.0,1
1.0,1
0.9494949494949495,1
0.9428571428571428,1
0.810126582278481,1
0.9027777777777778,1
0.7307692307692307,1
0.7215189873417721,1
0.9113924050632911,1
0.8076923076923077,1
1.0,1
1.0,1
0.6521739130434783,1
0.7642276422764228,1
0.8157894736842105,1
0.6470588235294118,1
0.7073170731707317,1
0.7967479674796748,1
0.6890756302521008,1
0.8553459119496856,1
0.7252747252747253,1
0.6785714285714286,1
0.8636363636363636,1
0.8666666666666667,1
0.8666666666666667,1
0.7391304347826086,1
0.7555555555555555,1
0.7555555555555555,1
0.8695652173913043,1
1.0,1
0.8695652173913043,1
0.8695652173913043,1
1.0,1
1.0,1
1.0,1
1.0,1
1.0,1
1.0,1
1.0,1
1.0,1
1.0,1
1.0,1
1.0,1
0.7931034482758621,1
0.7698412698412699,1
0.603448275862069,1
0.7828947368421053,1
0.7235023041474654,1
0.7695852534562212,1
0.6820276497695853,1
0.7014218009478673,1
0.9259259259259259,1
0.66,1
0.6851851851851852,1
0.5298507462686567,1
1.0,1
0.9748201438848921,1
0.8738738738738738,1
0.8738738738738738,1
0.8899082568807339,1
0.9640287769784173,1
0.9438202247191011,1
1.0,1
1.0,1
0.6244541484716157,1
0.7924528301886793,1
0.7283950617283951,1
0.7869318181818182,1
0.7159090909090909,1
0.8011363636363636,1
0.7301136363636364,1
0.9289772727272727,1
0.5880681818181818,1
0.5482954545454546,1
0.9131944444444444,1
0.6088235294117647,1
0.5400593471810089,1
0.7220630372492837,1
0.7569444444444444,1
0.6319444444444444,1
0.5352941176470588,1
0.6053412462908012,1
0.7851002865329513,1
0.6771929824561403,1
0.7157894736842105,1
0.7222222222222222,1
1.0,1
0.9056603773584906,1
0.7222222222222222,1
0.7651515151515151,1
0.5135135135135135,1
0.5757575757575758,1
0.5135135135135135,1
0.6229508196721312,1
0.722972972972973,1
0.7222222222222222,1
0.6540880503144654,1
0.8809523809523809,1
0.7419354838709677,1
1.0,1
0.8064516129032258,1
0.9206349206349206,1
0.7419354838709677,1
0.6073619631901841,1
0.569060773480663,1
0.6073619631901841,1
0.5597826086956522,1
0.6073619631901841,1
0.6073619631901841,1
0.6073619631901841,1
0.526595744680851,1
0.5351351351351351,1
0.3128834355828221,1
0.3128834355828221,1
0.7301587301587301,1
0.9337016574585635,1
0.9337016574585635,1
0.580110497237569,1
0.8974358974358975,1
0.5706521739130435,1
0.875,1
0.8974358974358975,1
0.8974358974358975,1
0.5585106382978723,1
0.5675675675675675,1
0.5213675213675214,1
0.3765432098765432,1
0.6464088397790055,1
0.9184782608695652,1
0.580110497237569,1
0.580110497237569,1
0.580110497237569,1
0.5585106382978723,1
0.5675675675675675,1
0.292817679558011,1
0.6906077348066298,1
0.5706521739130435,1
0.875,1
0.8974358974358975,1
0.8974358974358975,1
0.5585106382978723,1
0.5675675675675675,1
0.5213675213675214,1
0.3765432098765432,1
0.6521739130434783,1
0.5706521739130435,1
0.5706521739130435,1
0.5585106382978723,1
0.5675675675675675,1
0.28804347826086957,1
0.6793478260869565,1
0.7419354838709677,1
0.9019607843137255,1
0.8095238095238095,1
1.0,1
0.875,1
0.875,1
0.5585106382978723,1
0.5675675675675675,1
0.5083333333333333,1
0.3765432098765432,1
0.8870967741935484,1
0.873015873015873,1
0.8870967741935484,1
0.8870967741935484,1
0.8870967741935484,1
0.8870967741935484,1
1.0,1
0.8870967741935484,1
0.873015873015873,1
0.8870967741935484,1
0.8870967741935484,1
0.8870967741935484,1
0.8870967741935484,1
0.9337016574585635,1
1.0,1
0.8974358974358975,1
0.5585106382978723,1
0.5675675675675675,1
0.5350877192982456,1
0.3765432098765432,1
0.5585106382978723,1
0.5675675675675675,1
0.4700854700854701,1
0.42592592592592593,1
0.8870967741935484,1
1.0,1
0.8870967741935484,1
0.9090909090909091,1
1.0,1
0.9090909090909091,1
0.9285714285714286,1
0.8870967741935484,1
1.0,1
0.9090909090909091,1
1.0,1
0.9042553191489362,1
0.324468085106383,1
0.324468085106383,1
0.873015873015873,1
0.9166666666666666,1
0.9166666666666666,1
0.9016393442622951,1
0.9166666666666666,1
0.8870967741935484,1
1.0,1
0.873015873015873,1
0.9166666666666666,1
0.9166666666666666,1
0.9016393442622951,1
0.9166666666666666,1
0.873015873015873,1
0.873015873015873,1
0.873015873015873,1
0.873015873015873,1
0.873015873015873,1
0.873015873015873,1
1.0,1
0.873015873015873,1
0.873015873015873,1
0.873015873015873,1
0.873015873015873,1
0.9166666666666666,1
0.9016393442622951,1
0.9166666666666666,1
0.8870967741935484,1
0.9166666666666666,1
0.873015873015873,1
1.0,1
0.9166666666666666,1
0.9016393442622951,1
0.9166666666666666,1
0.32972972972972975,1
0.32972972972972975,1
0.9056603773584906,1
0.7222222222222222,1
0.9016393442622951,1
0.9166666666666666,1
0.8870967741935484,1
0.9166666666666666,1
0.873015873015873,1
0.9166666666666666,1
1.0,1
0.9016393442622951,1
0.9166666666666666,1
0.9016393442622951,1
0.8870967741935484,1
0.9016393442622951,1
0.873015873015873,1
0.9016393442622951,1
0.9016393442622951,1
1.0,1
0.9016393442622951,1
0.8870967741935484,1
0.9166666666666666,1
0.873015873015873,1
0.9166666666666666,1
0.9166666666666666,1
0.9016393442622951,1
1.0,1
1.0,1
0.2604166666666667,1
0.5038759689922481,1
0.6979166666666666,1
1.0,1
0.2604166666666667,1
0.2868217054263566,1
0.373134328358209,1
0.2604166666666667,1
1.0,1
0.8235294117647058,1
1.0,1
0.8235294117647058,1
0.9264705882352942,1
0.7363896848137536,1
0.7794117647058824,1
0.7382352941176471,1
0.7994269340974212,1
0.712166172106825,1
0.8100890207715133,1
0.8235294117647058,1
1.0,1
0.5214899713467048,1
0.6160458452722063,1
0.5555555555555556,1
0.8414634146341463,1
0.8695652173913043,1
0.5114503816793893,1
0.8481012658227848,1
0.855072463768116,1
0.75,1
0.5038759689922481,1
0.5038759689922481,1
0.2868217054263566,1
0.6979166666666666,1
0.373134328358209,1
0.630057803468208,1
0.6595744680851063,1
0.6333333333333333,1
0.7484276729559748,1
0.8538681948424068,1
0.8469656992084432,1
0.27586206896551724,1
0.8382352941176471,1
0.9493392070484582,1
0.8385826771653543,1
0.8309859154929577,1
0.9102564102564102,1
0.7007299270072993,1
1.0,1
0.8064516129032258,1
0.9206349206349206,1
0.7419354838709677,1
0.7301587301587301,1
0.9019607843137255,1
0.8095238095238095,1
0.8870967741935484,1
0.873015873015873,1
0.8870967741935484,1
0.8870967741935484,1
0.8870967741935484,1
0.8870967741935484,1
0.8870967741935484,1
0.9090909090909091,1
0.873015873015873,1
0.9166666666666666,1
0.9166666666666666,1
0.9016393442622951,1
0.9166666666666666,1
0.873015873015873,1
0.873015873015873,1
0.873015873015873,1
0.873015873015873,1
0.9166666666666666,1
0.9016393442622951,1
0.9166666666666666,1
0.9016393442622951,1
0.9166666666666666,1
0.9016393442622951,1
0.2604166666666667,1
0.8235294117647058,1
0.8481012658227848,1
0.5771971496437055,1
0.8490566037735849,1
0.9077669902912622,1
0.9591836734693877,1
0.9494949494949495,1
0.9591836734693877,1
0.9591836734693877,1
0.9494949494949495,1
0.94,1
0.9077669902912622,1
0.9077669902912622,1
0.9077669902912622,1
0.9077669902912622,1
0.9077669902912622,1
0.9077669902912622,1
0.9494949494949495,1
0.9591836734693877,1
0.9591836734693877,1
0.9494949494949495,1
0.94,1
0.9494949494949495,1
0.9494949494949495,1
0.9494949494949495,1
0.94,1
0.9591836734693877,1
0.9494949494949495,1
0.94,1
0.9494949494949495,1
0.94,1
0.94,1
0.7457627118644068,1
0.8013698630136986,1
0.7386759581881533,1
0.7264705882352941,1
0.6264705882352941,1
0.8867469879518072,1
0.7737068965517241,1
0.583756345177665,1
0.5407523510971787,1
0.7844827586206896,1
0.5922165820642978,1
0.6144200626959248,1
0.7377326565143824,1
0.6833855799373041,1
0.9263322884012539,1
0.6842105263157895,1
0.6842105263157895,1
0.6842105263157895,1
0.6842105263157895,1
0.6842105263157895,1
0.6842105263157895,1
0.8666666666666667,1
0.8297872340425532,1
0.8571428571428571,1
0.8571428571428571,1
0.7722772277227723,1
0.8297872340425532,1
0.8571428571428571,1
0.8571428571428571,1
0.7722772277227723,1
0.8297872340425532,1
0.8297872340425532,1
0.7722772277227723,1
0.8571428571428571,1
0.7722772277227723,1
0.7722772277227723,1
0.6205357142857143,1
0.909952606635071,1
0.4342857142857143,1
0.4342857142857143,1
0.4342857142857143,1
0.4342857142857143,1
0.4342857142857143,1
0.4342857142857143,1
0.4342857142857143,1
0.4342857142857143,1
0.8611111111111112,1
0.8322147651006712,1
0.8611111111111112,1
0.8611111111111112,1
0.8051948051948052,1
0.8322147651006712,1
0.779874213836478,1
0.8322147651006712,1
0.8611111111111112,1
0.8611111111111112,1
0.8051948051948052,1
0.8322147651006712,1
0.779874213836478,1
0.8322147651006712,1
0.8322147651006712,1
0.8051948051948052,1
0.8322147651006712,1
0.779874213836478,1
0.7435897435897436,1
0.8611111111111112,1
0.8051948051948052,1
0.8322147651006712,1
0.779874213836478,1
0.8051948051948052,1
0.8322147651006712,1
0.779874213836478,1
0.8051948051948052,1
0.779874213836478,1
0.779874213836478,1
0.7801204819277109,1
0.7132867132867133,1
0.875,1
0.7647058823529411,1
0.8697674418604651,1
0.6651162790697674,1
1.0,1
0.9422572178477691,1
0.8819628647214854,1
0.9188034188034188,1
0.9642857142857143,1
0.9557522123893806,1
0.9642857142857143,1
0.9642857142857143,1
0.9557522123893806,1
0.9473684210526315,1
0.9188034188034188,1
0.9188034188034188,1
0.9188034188034188,1
0.9188034188034188,1
0.9188034188034188,1
0.9188034188034188,1
0.9557522123893806,1
0.9642857142857143,1
0.9642857142857143,1
0.9557522123893806,1
0.9473684210526315,1
0.9557522123893806,1
0.9557522123893806,1
0.9557522123893806,1
0.9473684210526315,1
0.9642857142857143,1
0.9557522123893806,1
0.9473684210526315,1
0.9557522123893806,1
0.9473684210526315,1
0.9473684210526315,1
0.7432098765432099,1
0.9509803921568627,1
0.9326923076923077,1
0.941747572815534,1
0.9603960396039604,1
0.9509803921568627,1
0.941747572815534,1
0.9423076923076923,1
0.9514563106796117,1
0.9607843137254902,1
0.9607843137254902,1
0.9514563106796117,1
0.9423076923076923,1
0.9423076923076923,1
0.9423076923076923,1
0.9423076923076923,1
0.9514563106796117,1
0.9514563106796117,1
0.9514563106796117,1
0.9607843137254902,1
0.9514563106796117,1
0.9514563106796117,1
0.8173913043478261,1
0.8173913043478261,1
0.8173913043478261,1
0.8173913043478261,1
0.8173913043478261,1
0.8173913043478261,1
0.9405940594059405,1
0.95,1
0.9595959595959596,1
0.9595959595959596,1
0.95,1
0.9405940594059405,1
0.9405940594059405,1
0.9405940594059405,1
0.9405940594059405,1
0.95,1
0.95,1
0.95,1
0.9595959595959596,1
0.95,1
0.95,1
0.8679245283018868,1
0.8679245283018868,1
0.8679245283018868,1
0.8679245283018868,1
0.8679245283018868,1
0.8679245283018868,1
0.9393939393939394,1
0.9489795918367347,1
0.9587628865979382,1
0.9587628865979382,1
0.9489795918367347,1
0.9393939393939394,1
0.9393939393939394,1
0.9393939393939394,1
0.9393939393939394,1
0.9489795918367347,1
0.9489795918367347,1
0.9489795918367347,1
0.9587628865979382,1
0.9489795918367347,1
0.9489795918367347,1
0.8640776699029126,1
0.8640776699029126,1
0.8640776699029126,1
0.8640776699029126,1
0.8640776699029126,1
0.8640776699029126,1
0.9375,1
0.9473684210526315,1
0.9574468085106383,1
0.9574468085106383,1
0.9473684210526315,1
0.9375,1
0.9375,1
0.9375,1
0.9375,1
0.9473684210526315,1
0.9473684210526315,1
0.9473684210526315,1
0.9574468085106383,1
0.9473684210526315,1
0.9473684210526315,1
0.9596774193548387,1
0.9596774193548387,1
0.9596774193548387,1
0.952,1
0.9596774193548387,1
0.9596774193548387,1
0.9444444444444444,1
0.967479674796748,1
0.9596774193548387,1
0.952,1
0.967479674796748,1
0.967479674796748,1
0.9444444444444444,1
0.9596774193548387,1
0.952,1
0.967479674796748,1
0.967479674796748,1
0.9444444444444444,1
0.952,1
0.9596774193548387,1
0.9596774193548387,1
0.9444444444444444,1
0.952,1
0.952,1
0.9444444444444444,1
0.967479674796748,1
0.9444444444444444,1
0.9444444444444444,1
0.9244186046511628,1
0.9244186046511628,1
0.9137931034482759,1
0.9190751445086706,1
0.9298245614035088,1
0.9244186046511628,1
0.9190751445086706,1
0.9553072625698324,1
0.9190751445086706,1
0.9244186046511628,1
0.9298245614035088,1
0.9190751445086706,1
0.9137931034482759,1
0.9244186046511628,1
0.9244186046511628,1
0.9767441860465116,1
0.9655172413793104,1
0.9710982658959537,1
0.9767441860465116,1
0.9767441860465116,1
0.9710982658959537,1
0.9329608938547486,1
0.9710982658959537,1
0.9767441860465116,1
0.9767441860465116,1
0.9710982658959537,1
0.9655172413793104,1
0.9767441860465116,1
1.0,1
0.9655172413793104,1
0.9710982658959537,1
0.9767441860465116,1
0.9767441860465116,1
0.9710982658959537,1
0.9329608938547486,1
0.9710982658959537,1
0.9767441860465116,1
0.9767441860465116,1
0.9710982658959537,1
0.9655172413793104,1
1.0,1
0.9767441860465116,1
0.9655172413793104,1
0.9655172413793104,1
0.9655172413793104,1
0.9655172413793104,1
0.9329608938547486,1
0.9655172413793104,1
0.9655172413793104,1
0.9655172413793104,1
0.9655172413793104,1
1.0,1
0.9655172413793104,1
0.9655172413793104,1
0.9710982658959537,1
0.9710982658959537,1
0.9710982658959537,1
0.9329608938547486,1
0.9710982658959537,1
0.9710982658959537,1
0.9710982658959537,1
1.0,1
0.9655172413793104,1
0.9710982658959537,1
0.9710982658959537,1
0.9767441860465116,1
0.9710982658959537,1
0.9329608938547486,1
0.9710982658959537,1
0.9767441860465116,1
1.0,1
0.9710982658959537,1
0.9655172413793104,1
0.9767441860465116,1
0.9767441860465116,1
0.9710982658959537,1
0.9329608938547486,1
0.9710982658959537,1
1.0,1
0.9767441860465116,1
0.9710982658959537,1
0.9655172413793104,1
0.9767441860465116,1
0.9767441860465116,1
0.9329608938547486,1
1.0,1
0.9710982658959537,1
0.9710982658959537,1
0.9710982658959537,1
0.9655172413793104,1
0.9710982658959537,1
0.9710982658959537,1
0.9329608938547486,1
0.9329608938547486,1
0.9329608938547486,1
0.9329608938547486,1
0.9329608938547486,1
0.9329608938547486,1
0.9329608938547486,1
0.9710982658959537,1
0.9710982658959537,1
0.9710982658959537,1
0.9655172413793104,1
0.9710982658959537,1
0.9710982658959537,1
0.9767441860465116,1
0.9710982658959537,1
0.9655172413793104,1
0.9767441860465116,1
0.9767441860465116,1
0.9710982658959537,1
0.9655172413793104,1
0.9767441860465116,1
0.9767441860465116,1
0.9655172413793104,1
0.9710982658959537,1
0.9710982658959537,1
0.9655172413793104,1
0.9655172413793104,1
0.9767441860465116,1
0.725,1
0.725,1
0.725,1
0.725,1
0.725,1
0.725,1
0.725,1
0.725,1
0.9590163934426229,1
0.9590163934426229,1
0.9590163934426229,1
0.9512195121951219,1
0.9590163934426229,1
0.90625,1
0.9590163934426229,1
0.9669421487603306,1
0.9590163934426229,1
0.9512195121951219,1
0.9669421487603306,1
0.90625,1
0.9669421487603306,1
0.9590163934426229,1
0.9512195121951219,1
0.9669421487603306,1
0.90625,1
0.9669421487603306,1
0.9512195121951219,1
0.9590163934426229,1
0.90625,1
0.9590163934426229,1
0.9512195121951219,1
0.90625,1
0.9512195121951219,1
0.90625,1
0.9669421487603306,1
0.90625,1
0.9620253164556962,1
1.0,1
1.0,1
0.698005698005698,1
1.0,1
0.6683168316831684,1
0.7228260869565217,1
0.8944099378881988,1
0.7307692307692307,1
0.8944099378881988,1
0.7307692307692307,1
0.8944099378881988,1
0.7228260869565217,1
1.0,1
0.8944099378881988,1
0.7228260869565217,1
0.8944099378881988,1
0.7307692307692307,1
0.8944099378881988,1
0.8944099378881988,1
0.7228260869565217,1
0.9153439153439153,1
0.9153439153439153,1
0.9153439153439153,1
0.9153439153439153,1
0.8311688311688312,1
0.6883116883116883,1
0.7857142857142857,1
0.7857142857142857,1
0.8899082568807339,1
0.8532110091743119,1
1.0,1
0.8899082568807339,1
0.81,1
0.875,1
0.680628272251309,1
0.9272727272727272,1
0.7772020725388601,1
0.8352941176470589,1
0.6413043478260869,1
0.9272727272727272,1
0.78125,1
0.8402366863905325,1
0.6285714285714286,1
0.9272727272727272,1
0.78125,1
0.8402366863905325,1
0.6285714285714286,1
0.9272727272727272,1
0.7772020725388601,1
0.8352941176470589,1
0.6413043478260869,1
0.77,1
0.65,1
0.75,1
0.94,1
0.71,1
0.59,1
0.75,1
0.94,1
0.71,1
0.55,1
0.75,1
0.94,1
0.71,1
0.55,1
0.75,1
0.94,1
0.71,1
0.59,1
0.680628272251309,1
0.8068181818181818,1
0.7357512953367875,1
0.8579545454545454,1
0.6413043478260869,1
0.8068181818181818,1
0.7395833333333334,1
0.8579545454545454,1
0.625,1
0.8068181818181818,1
0.7395833333333334,1
0.8579545454545454,1
0.625,1
0.8068181818181818,1
0.7357512953367875,1
0.8579545454545454,1
0.6413043478260869,1
0.6178010471204188,1
0.6113989637305699,1
0.6178010471204188,1
0.93717277486911,1
0.6178010471204188,1
0.6145833333333334,1
0.6178010471204188,1
0.8952879581151832,1
0.6178010471204188,1
0.6145833333333334,1
0.6178010471204188,1
0.8952879581151832,1
0.6178010471204188,1
0.6113989637305699,1
0.6178010471204188,1
0.93717277486911,1
0.7228260869565217,1
0.9456521739130435,1
0.7228260869565217,1
0.9456521739130435,1
0.7228260869565217,1
0.9456521739130435,1
0.7228260869565217,1
0.7771739130434783,1
1.0,1
0.7228260869565217,1
0.9456521739130435,1
0.7228260869565217,1
0.7228260869565217,1
0.9456521739130435,1
0.9326145552560647,1
0.9326145552560647,1
0.9326145552560647,1
0.7210884353741497,1
0.8013245033112583,1
0.7908496732026143,1
0.9117647058823529,1
0.8899082568807339,1
1.0,1
0.8031088082901554,1
0.8647058823529412,1
0.6684782608695652,1
0.9683544303797469,1
0.78125,1
0.8402366863905325,1
0.6285714285714286,1
0.9683544303797469,1
0.78125,1
0.8402366863905325,1
0.6285714285714286,1
0.9683544303797469,1
0.7772020725388601,1
0.8352941176470589,1
0.6413043478260869,1
0.7616580310880829,1
0.6373056994818653,1
0.7772020725388601,1
0.9740932642487047,1
0.7357512953367875,1
0.5699481865284974,1
0.7772020725388601,1
0.9740932642487047,1
0.7357512953367875,1
0.5699481865284974,1
0.7772020725388601,1
0.9740932642487047,1
0.7357512953367875,1
0.6113989637305699,1
0.6600441501103753,1
0.6684782608695652,1
0.8352941176470589,1
0.7395833333333334,1
0.9705882352941176,1
0.6285714285714286,1
0.8352941176470589,1
0.7395833333333334,1
0.9705882352941176,1
0.6285714285714286,1
0.8352941176470589,1
0.7357512953367875,1
0.9705882352941176,1
0.6413043478260869,1
0.6413043478260869,1
0.6145833333333334,1
0.6413043478260869,1
0.9293478260869565,1
0.6413043478260869,1
0.6145833333333334,1
0.6413043478260869,1
0.9293478260869565,1
0.6413043478260869,1
0.6113989637305699,1
0.6413043478260869,1
0.9728260869565217,1
0.7747252747252747,1
0.9473684210526315,1
0.7307692307692307,1
0.935064935064935,1
0.7228260869565217,1
0.8944099378881988,1
0.935064935064935,1
0.7228260869565217,1
1.0,1
0.7747252747252747,1
0.9473684210526315,1
0.935064935064935,1
0.7228260869565217,1
0.7307692307692307,1
0.9560439560439561,1
0.7307692307692307,1
0.9456521739130435,1
0.7307692307692307,1
0.7307692307692307,1
0.9456521739130435,1
0.7747252747252747,1
1.0,1
0.7307692307692307,1
0.7307692307692307,1
0.9456521739130435,1
0.9453551912568307,1
0.9326145552560647,1
0.7880794701986755,1
0.7777777777777778,1
0.8020833333333334,1
0.863905325443787,1
0.6514285714285715,1
0.9745222929936306,1
0.78125,1
0.8402366863905325,1
0.6285714285714286,1
0.9683544303797469,1
0.7772020725388601,1
0.8352941176470589,1
0.6413043478260869,1
0.7604166666666666,1
0.59375,1
0.78125,1
0.9791666666666666,1
0.7395833333333334,1
0.5729166666666666,1
0.78125,1
0.9740932642487047,1
0.7395833333333334,1
0.6145833333333334,1
0.6514285714285715,1
0.8402366863905325,1
0.7395833333333334,1
0.9763313609467456,1
0.6285714285714286,1
0.8402366863905325,1
0.7357512953367875,1
0.9705882352941176,1
0.6413043478260869,1
0.6285714285714286,1
0.5729166666666666,1
0.6285714285714286,1
0.9771428571428571,1
0.6285714285714286,1
0.5699481865284974,1
0.6285714285714286,1
0.9293478260869565,1
0.7747252747252747,1
0.935064935064935,1
0.7228260869565217,1
0.8944099378881988,1
0.935064935064935,1
0.7228260869565217,1
0.9473684210526315,1
0.7307692307692307,1
1.0,1
0.935064935064935,1
0.7228260869565217,1
0.9326145552560647,1
0.7307692307692307,1
0.9456521739130435,1
0.7307692307692307,1
0.7307692307692307,1
0.9456521739130435,1
0.7307692307692307,1
0.9560439560439561,1
0.7747252747252747,1
0.7307692307692307,1
0.9456521739130435,1
0.8758169934640523,1
0.8020833333333334,1
0.863905325443787,1
0.6514285714285715,1
0.9683544303797469,1
0.7772020725388601,1
0.8352941176470589,1
0.6413043478260869,1
0.7604166666666666,1
0.59375,1
0.78125,1
0.9740932642487047,1
0.7395833333333334,1
0.6145833333333334,1
0.6514285714285715,1
0.8402366863905325,1
0.7357512953367875,1
0.9705882352941176,1
0.6413043478260869,1
0.6285714285714286,1
0.5699481865284974,1
0.6285714285714286,1
0.9293478260869565,1
0.7771739130434783,1
0.8944099378881988,1
0.935064935064935,1
0.7228260869565217,1
0.935064935064935,1
0.7307692307692307,1
0.935064935064935,1
1.0,1
0.7771739130434783,1
0.7228260869565217,1
0.7228260869565217,1
0.9456521739130435,1
0.7228260869565217,1
0.9456521739130435,1
0.7228260869565217,1
0.7771739130434783,1
1.0,1
0.8532110091743119,1
0.9117647058823529,1
0.8031088082901554,1
0.8647058823529412,1
0.6684782608695652,1
0.7616580310880829,1
0.6373056994818653,1
0.6684782608695652,1
1.0,1
1.0,1
1.0,1
1.0,1
1.0,1
1.0,1
0.8944099378881988,1
0.7228260869565217,1
0.8944099378881988,1
0.7307692307692307,1
0.8944099378881988,1
0.8944099378881988,1
0.7228260869565217,1
0.8899082568807339,1
0.7771739130434783,1
0.935064935064935,1
0.7307692307692307,1
0.935064935064935,1
0.935064935064935,1
0.7228260869565217,1
0.7228260869565217,1
0.9456521739130435,1
0.7228260869565217,1
0.7228260869565217,1
0.9456521739130435,1
0.7747252747252747,1
0.9473684210526315,1
0.935064935064935,1
0.7228260869565217,1
0.7307692307692307,1
0.7307692307692307,1
0.9456521739130435,1
0.935064935064935,1
0.7228260869565217,1
0.7771739130434783,1
1.0,1
0.0,0
0.029069767441860465,0
0.1717171717171717,0
0.09563758389261745,0
0.0,0
0.017094017094017096,0
0.0,0
0.0,0
0.0,0
0.034482758620689655,0
0.04640371229698376,0
0.10326086956521739,0
0.06944444444444445,0
0.017361111111111112,0
0.15384615384615385,0
0.10461538461538461,0
0.0,0
0.10526315789473684,0
0.10817941952506596,0
0.014354066985645933,0
0.0,0
0.0,0
0.030864197530864196,0
0.0,0
0.0219435736677116,0
0.06369426751592357,0
0.0,0
0.0,0
0.21428571428571427,0
0.2702702702702703,0
0.0,0
0.07647058823529412,0
0.6451612903225806,0
0.10810810810810811,0
0.6,0
0.09248554913294797,0
0.0,0
0.010869565217391304,0
0.018315018315018316,0
0.030864197530864196,0
0.007707129094412331,0
0.11949685534591195,0
0.11666666666666667,0
0.009077155824508321,0
0.026595744680851064,0
0.0,0
0.0,0
0.007352941176470588,0
0.0,0
0.0,0
0.05755395683453238,0
0.055944055944055944,0
0.5409836065573771,0
0.02586206896551724,0
0.009077155824508321,0
0.0,0
0.014084507042253521,0
0.0,0
0.06060606060606061,0
0.11290322580645161,0
0.02650602409638554,0
0.03937007874015748,0
0.0,0
0.05263157894736842,0
0.03731343283582089,0
0.0,0
0.9117647058823529,0
0.0220125786163522,0
0.023060796645702306,0
0.2742857142857143,0
0.13008130081300814,0
0.2742857142857143,0
0.0,0
0.0,0
0.17410714285714285,0
0.11864406779661017,0
0.0,0
0.04819277108433735,0
0.009389671361502348,0
0.03286384976525822,0
0.0,0
0.0,0
0.13178294573643412,0
0.2,0
0.1595744680851064,0
0.07909604519774012,0
0.0395778364116095,0
0.2420091324200913,0
0.37142857142857144,0
0.215,0
0.0,0
0.10326086956521739,0
0.2881944444444444,0
0.023622047244094488,0
0.023547880690737835,0
0.1951219512195122,0
0.06140350877192982,0
0.13513513513513514,0
0.0,0
0.03855421686746988,0
0.0,0
0.03868194842406877,0
0.01107011070110701,0
0.6944444444444444,0
0.0,0
0.37305699481865284,0
0.05128205128205128,0
0.0,0
0.056179775280898875,0
0.008620689655172414,0
0.047619047619047616,0
0.0,0
0.25,0
0.8686868686868687,0
0.0711743772241993,0
0.009389671361502348,0
0.02830188679245283,0
0.07317073170731707,0
0.15841584158415842,0
0.07582938388625593,0
0.04784688995215311,0
0.0,0
0.004411764705882353,0
0.11643835616438356,0
0.3815028901734104,0
0.03260869565217391,0
0.37142857142857144,0
0.19337016574585636,0
0.04819277108433735,0
0.05755395683453238,0
0.007125890736342043,0
0.12138728323699421,0
0.6358381502890174,0
0.0,0
0.1366120218579235,0
0.029891304347826088,0
0.0,0
0.0,0
0.5932203389830508,0
0.37089201877934275,0
0.03731343283582089,0
0.0,0
0.0,0
0.06220095693779904,0
0.0,0
0.47540983606557374,0
0.11965811965811966,0
0.0,0
0.21875,0
0.0410958904109589,0
0.35714285714285715,0
0.13114754098360656,0
0.03529411764705882,0
0.14864864864864866,0
0.0763888888888889,0
0.023706896551724137,0
0.0,0
0.86,0
0.14056224899598393,0
0.0,0
0.05338078291814947,0
0.037122969837587005,0
0.011049723756906077,0
0.0,0
0.0,0
0.037037037037037035,0
0.0,0
0.047619047619047616,0
0.03286384976525822,0
0.0,0
0.0,0
0.19662921348314608,0
0.04938271604938271,0
0.08045977011494253,0
0.0,0
0.0,0
0.014084507042253521,0
0.0,0
0.8811881188118812,0
0.30303030303030304,0
0.05154639175257732,0
0.0,0
0.0,0
0.18596491228070175,0
0.023622047244094488,0
0.11387900355871886,0
0.06172839506172839,0
0.6097560975609756,0
0.11627906976744186,0
0.0,0
0.017985611510791366,0
0.14056224899598393,0
0.0,0
0.01984126984126984,0
0.0,0
0.15789473684210525,0
0.033783783783783786,0
0.0,0
0.055762081784386616,0
0.0,0
0.014492753623188406,0
0.0,0
0.0,0
0.06465517241379311,0
0.032915360501567396,0
0.0058823529411764705,0
0.006944444444444444,0
0.33163265306122447,0
0.0344418052256532,0
0.0,0
0.0,0
0.0395778364116095,0
0.17410714285714285,0
0.030837004405286344,0
0.055408970976253295,0
0.0,0
0.0,0
0.6031746031746031,0
0.025830258302583026,0
0.0,0
0.0,0
0.031578947368421054,0
0.25870646766169153,0
0.04032258064516129,0
0.25510204081632654,0
0.38596491228070173,0
0.36312849162011174,0
0.05434782608695652,0
0.0,0
0.0,0
0.0,0
0.0,0
0.018779342723004695,0
0.03225806451612903,0
0.0,0
0.0,0
0.1717171717171717,0
0.0,0
0.06550218340611354,0
0.027624309392265192,0
0.03474903474903475,0
0.8865979381443299,0
0.0,0
0.0,0
0.0951276102088167,0
0.20175438596491227,0
0.0,0
0.0,0
0.04046242774566474,0
0.052083333333333336,0
0.1878453038674033,0
0.025522041763341066,0
0.03571428571428571,0
0.024390243902439025,0
0.0,0
0.04059040590405904,0
0.0,0
0.03816793893129771,0
0.3735632183908046,0
0.08355795148247978,0
0.05612244897959184,0
0.08771929824561403,0
0.03488372093023256,0
0.16296296296296298,0
0.0,0
0.04954954954954955,0
0.03571428571428571,0
0.07582938388625593,0
0.0,0
0.0,0
0.03508771929824561,0
0.06285714285714286,0
0.0,0
0.0,0
0.03070175438596491,0
0.0,0
0.0,0
0.0,0
0.045871559633027525,0
0.0,0
0.11904761904761904,0
0.8640776699029126,0
0.07894736842105263,0
0.0,0
0.16447368421052633,0
0.2544642857142857,0
0.0,0
0.4700854700854701,0
0.11842105263157894,0
0.0,0
0.046153846153846156,0
0.0,0
0.03225806451612903,0
0.0,0
0.0,0
0.3333333333333333,0
0.0,0
0.0,0
0.039603960396039604,0
0.056179775280898875,0
0.08585858585858586,0
0.18823529411764706,0
0.0,0
0.13736263736263737,0
0.37790697674418605,0
0.0,0
0.028169014084507043,0
0.03825136612021858,0
0.03260869565217391,0
0.0,0
0.08670520231213873,0
0.0,0
0.12903225806451613,0
0.037096774193548385,0
0.0,0
0.0,0
0.0,0
0.6544502617801047,0
0.08904109589041095,0
0.023474178403755867,0
0.0,0
0.033783783783783786,0
0.017045454545454544,0
0.0,0
0.06976744186046512,0
0.0390625,0
0.0050335570469798654,0
0.0410958904109589,0
0.0,0
0.0,0
0.0,0
0.0,0
0.0,0
0.0,0
0.013937282229965157,0
0.02531645569620253,0
0.015086206896551725,0
0.33,0
0.07547169811320754,0
0.16129032258064516,0
0.028523489932885907,0
0.018779342723004695,0
0.046153846153846156,0
0.02650602409638554,0
0.4176470588235294,0
0.9029126213592233,0
0.0,0
0.0,0
0.0,0
0.075,0
0.25663716814159293,0
0.0,0
0.036231884057971016,0
0.0,0
0.11920529801324503,0
0.8349514563106796,0
0.6451612903225806,0
0.21965317919075145,0
0.05687203791469194,0
0.4712041884816754,0
0.0,0
0.22164948453608246,0
0.15625,0
0.0,0
0.09523809523809523,0
0.0,0
0.02843601895734597,0
0.049107142857142856,0
0.078125,0
0.030456852791878174,0
0.0,0
0.0,0
0.0,0
0.0,0
0.09859154929577464,0
0.21875,0
0.3402061855670103,0
0.0,0
0.0,0
0.0,0
0.0,0
0.010810810810810811,0
0.007407407407407408,0
0.08633093525179857,0
0.0,0
0.0,0
0.03816793893129771,0
0.13013698630136986,0
0.20388349514563106,0
0.03125,0
0.033707865168539325,0
0.0,0
0.0,0
0.20238095238095238,0
0.15606936416184972,0
0.0,0
0.1595744680851064,0
0.0,0
0.7833333333333333,0
0.018957345971563982,0
0.3645833333333333,0
0.1124031007751938,0
0.23387096774193547,0
0.0,0
0.0,0
0.04784688995215311,0
0.06563706563706563,0
0.0,0
0.020905923344947737,0
0.0,0
0.033542976939203356,0
0.11355311355311355,0
0.044444444444444446,0
0.0,0
0.0,0
0.0,0
0.11666666666666667,0
0.0,0
0.3333333333333333,0
0.02717391304347826,0
0.0,0
0.26865671641791045,0
0.0,0
0.004640371229698376,0
0.0,0
0.037037037037037035,0
0.0,0
0.0255863539445629,0
0.16442048517520216,0
0.014204545454545454,0
0.05860805860805861,0
0.0410958904109589,0
0.1124031007751938,0
0.0,0
0.0,0
0.014084507042253521,0
0.045871559633027525,0
0.15283842794759825,0
0.12234042553191489,0
0.2982456140350877,0
0.02707275803722504,0
0.0,0
0.6329113924050633,0
0.04504504504504504,0
0.0,0
0.25892857142857145,0
0.0,0
0.0,0
0.0,0
0.0,0
0.0,0
0.0,0
0.05405405405405406,0
0.0,0
0.0,0
0.0,0
0.0,0
0.05785123966942149,0
0.21604938271604937,0
0.007326007326007326,0
0.04081632653061224,0
0.0,0
0.054945054945054944,0
0.034482758620689655,0
0.055,0
0.12152777777777778,0
0.3298429319371728,0
0.007707129094412331,0
0.047058823529411764,0
0.31981981981981983,0
0.0,0
0.07142857142857142,0
0.03571428571428571,0
0.6097560975609756,0
0.04807692307692308,0
0.09090909090909091,0
0.13095238095238096,0
0.14960629921259844,0
0.030864197530864196,0
0.42735042735042733,0
0.055248618784530384,0
0.0,0
0.04054054054054054,0
0.03303964757709251,0
0.0,0
0.31746031746031744,0
0.0,0
0.02181208053691275,0
0.10891089108910891,0
0.0,0
0.05263157894736842,0
0.16149068322981366,0
0.11396011396011396,0
0.0,0
0.09202453987730061,0
0.07142857142857142,0
0.007707129094412331,0
0.07236842105263158,0
0.37790697674418605,0
0.10294117647058823,0
0.03787878787878788,0
0.0847457627118644,0
0.2543859649122807,0
0.0,0
0.0,0
0.0,0
0.01984126984126984,0
0.049107142857142856,0
0.11702127659574468,0
0.875,0
0.018154311649016642,0
0.0,0
0.14473684210526316,0
0.05739514348785872,0
0.07692307692307693,0
0.08494208494208494,0
0.0,0
0.08064516129032258,0
0.0,0
0.8252427184466019,0
0.0,0
0.1878453038674033,0
0.028901734104046242,0
0.1411042944785276,0
0.0,0
0.16842105263157894,0
0.0,0
0.0,0
0.028764805414551606,0
0.0,0
0.0,0
0.19662921348314608,0
0.05904059040590406,0
0.046948356807511735,0
0.0,0
0.29880478087649404,0
0.0,0
0.0,0
0.08536585365853659,0
0.1111111111111111,0
0.1452991452991453,0
0.015098722415795587,0
0.01764705882352941,0
0.0,0
0.38596491228070173,0
0.037037037037037035,0
0.13565891472868216,0
0.07042253521126761,0
0.036231884057971016,0
0.0,0
0.0,0
0.0,0
0.21428571428571427,0
0.0,0
0.04408352668213457,0
0.0,0
0.0,0
0.8064516129032258,0
0.014705882352941176,0
0.018808777429467086,0
0.03581661891117478,0
0.09876543209876543,0
0.032148900169204735,0
0.05154639175257732,0
0.03624733475479744,0
0.03464203233256351,0
0.8607594936708861,0
0.0,0
0.15178571428571427,0
0.027624309392265192,0
0.0,0
0.033542976939203356,0
0.0,0
0.09302325581395349,0
0.0,0
0.04954954954954955,0
0.031746031746031744,0
0.0,0
0.20610687022900764,0
0.0763888888888889,0
0.01652892561983471,0
0.47540983606557374,0
0.055408970976253295,0
0.006607929515418502,0
0.05263157894736842,0
0.015418502202643172,0
0.16304347826086957,0
0.38011695906432746,0
0.0,0
0.021834061135371178,0
0.38372093023255816,0
0.02643171806167401,0
0.0,0
0.09722222222222222,0
0.0,0
0.08771929824561403,0
0.08395061728395062,0
0.0,0
0.030864197530864196,0
0.0,0
0.0,0
0.263681592039801,0
0.0,0
0.06474820143884892,0
0.2222222222222222,0
0.03571428571428571,0
0.0,0
0.06572769953051644,0
0.15300546448087432,0
0.03731343283582089,0
0.19658119658119658,0
0.0,0
0.017361111111111112,0
0.014588859416445624,0
0.03133903133903134,0
0.0935672514619883,0
0.37305699481865284,0
0.17941176470588235,0
0.0,0
0.4435483870967742,0
0.06285714285714286,0
0.07291666666666667,0
0.055248618784530384,0
0.023706896551724137,0
0.046511627906976744,0
0.2774566473988439,0
0.0,0
0.11904761904761904,0
0.0,0
0.28402366863905326,0
0.0,0
0.027906976744186046,0
0.0,0
0.007125890736342043,0
0.046153846153846156,0
0.0,0
0.004297994269340974,0
0.09523809523809523,0
0.0,0
0.20982142857142858,0
0.8235294117647058,0
0.028469750889679714,0
0.10738255033557047,0
0.0,0
0.0,0
0.07352941176470588,0
0.03225806451612903,0
0.07192575406032482,0
0.05116279069767442,0
0.043478260869565216,0
0.07352941176470588,0
0.0,0
0.0,0
0.0,0
0.0,0
0.023166023166023165,0
0.34317343173431736,0
0.030864197530864196,0
0.03225806451612903,0
0.1872146118721461,0
0.0,0
0.057692307692307696,0
0.0,0
0.0,0
0.02830188679245283,0
0.08333333333333333,0
0.008389261744966443,0
0.03691275167785235,0
0.0,0
0.01107011070110701,0
0.0,0
0.18181818181818182,0
0.017361111111111112,0
0.04504504504504504,0
0.021538461538461538,0
0.06666666666666667,0
0.1878453038674033,0
0.004405286343612335,0
0.0,0
0.0,0
0.0,0
0.0738255033557047,0
0.06329113924050633,0
0.0,0
0.0,0
0.6504065040650406,0
0.0,0
0.3696682464454976,0
0.022222222222222223,0
0.0636604774535809,0
0.0,0
0.0,0
0.0,0
0.0,0
0.04981549815498155,0
0.07894736842105263,0
0.0069605568445475635,0
0.23387096774193547,0
0.8252427184466019,0
0.056074766355140186,0
0.0684931506849315,0
0.017543859649122806,0
0.11510791366906475,0
0.2708333333333333,0
0.006968641114982578,0
0.10040160642570281,0
0.052083333333333336,0
0.3537117903930131,0
0.8607594936708861,0
0.049107142857142856,0
0.0,0
0.6048387096774194,0
0.009389671361502348,0
0.03464203233256351,0
0.17982456140350878,0
0.040229885057471264,0
0.0,0
0.1419753086419753,0
0.0,0
0.03571428571428571,0
0.0738255033557047,0
0.16,0
0.05172413793103448,0
0.19021739130434784,0
0.028764805414551606,0
0.007936507936507936,0
0.06017191977077364,0
0.03571428571428571,0
0.03571428571428571,0
0.02821316614420063,0
0.25142857142857145,0
0.0,0
0.5853658536585366,0
0.5454545454545454,0
0.02197802197802198,0
0.0,0
0.0,0
0.0,0
0.0,0
0.0,0
0.020833333333333332,0
0.08,0
0.13089005235602094,0
0.05649717514124294,0
0.10294117647058823,0
0.033783783783783786,0
0.014388489208633094,0
0.03260869565217391,0
0.06550218340611354,0
0.0,0
0.0,0
0.0,0
0.0,0
0.6069364161849711,0
0.2037037037037037,0
0.0,0
0.15584415584415584,0
0.1510791366906475,0
0.0,0
0.02586206896551724,0
0.42735042735042733,0
0.05263157894736842,0
0.0,0
0.6785714285714286,0
0.007352941176470588,0
0.03508771929824561,0
0.03879310344827586,0
0.024305555555555556,0
0.015503875968992248,0
0.10738255033557047,0
0.14912280701754385,0
0.0,0
0.5138888888888888,0
0.8921568627450981,0
0.0,0
0.04597701149425287,0
0.0,0
0.0,0
0.0,0
0.5014836795252225,0
0.0,0
0.04945054945054945,0
0.2193877551020408,0
0.0,0
0.06382978723404255,0
0.11320754716981132,0
0.6504065040650406,0
0.0,0
0.1510791366906475,0
0.09248554913294797,0
0.15283842794759825,0
0.38372093023255816,0
0.1797752808988764,0
0.1411042944785276,0
0.03333333333333333,0
0.037122969837587005,0
0.05542725173210162,0
0.0,0
0.21604938271604937,0
0.0851063829787234,0
0.0,0
0.20982142857142858,0
0.6504065040650406,0
0.38011695906432746,0
0.0,0
0.06688963210702341,0
0.86,0
0.029411764705882353,0
0.4915254237288136,0
0.11666666666666667,0
0.21978021978021978,0
0.0,0
0.013937282229965157,0
0.0,0
0.005681818181818182,0
0.033112582781456956,0
0.0,0
0.08494208494208494,0
0.11006289308176101,0
0.30327868852459017,0
0.046052631578947366,0
0.25663716814159293,0
0.21782178217821782,0
0.0,0
0.0,0
0.26262626262626265,0
0.0,0
0.0992063492063492,0
0.11560693641618497,0
0.0,0
0.0,0
0.09195402298850575,0
0.0395778364116095,0
0.0,0
0.08974358974358974,0
0.0,0
0.0,0
0.4166666666666667,0
0.01079136690647482,0
0.0,0
0.215,0
0.0,0
0.10227272727272728,0
0.40625,0
0.06697459584295612,0
0.02197802197802198,0
0.15,0
0.0,0
0.025477707006369428,0
0.009501187648456057,0
0.13812154696132597,0
0.0,0
0.03474903474903475,0
0.007352941176470588,0
0.30327868852459017,0
0.0,0
0.0,0
0.1452991452991453,0
0.8958333333333334,0
0.0,0
0.034482758620689655,0
0.26732673267326734,0
0.0,0
0.43231441048034935,0
0.0,0
0.33121019108280253,0
0.0,0
0.04610951008645533,0
0.08424908424908426,0
0.030864197530864196,0
0.03950617283950617,0
0.20833333333333334,0
0.014705882352941176,0
0.0,0
0.09523809523809523,0
0.0,0
0.0390625,0
0.0,0
0.0,0
0.1875,0
0.056451612903225805,0
0.0,0
0.0,0
0.00980392156862745,0
0.11864406779661017,0
0.048723897911832945,0
0.011560693641618497,0
0.0,0
0.056179775280898875,0
0.1813953488372093,0
0.031578947368421054,0
0.0,0
0.0,0
0.043209876543209874,0
0.0,0
0.05568445475638051,0
0.0,0
0.0,0
0.0,0
0.23931623931623933,0
0.0,0
0.04530201342281879,0
0.033482142857142856,0
0.21363636363636362,0
0.21875,0
0.20945945945945946,0
0.0,0
0.03690036900369004,0
0.018115942028985508,0
0.05555555555555555,0
0.06060606060606061,0
0.04504504504504504,0
0.03355704697986577,0
0.36312849162011174,0
0.017094017094017096,0
0.014705882352941176,0
0.025157232704402517,0
0.08333333333333333,0
0.1111111111111111,0
0.09248554913294797,0
0.0,0
0.04610951008645533,0
0.0,0
0.0,0
0.0738255033557047,0
0.009389671361502348,0
0.15584415584415584,0
0.029850746268656716,0
0.0,0
0.10416666666666667,0
0.0,0
0.049723756906077346,0
0.0,0
0.040983606557377046,0
0.0,0
0.11851851851851852,0
0.06451612903225806,0
0.04739336492890995,0
0.292817679558011,0
0.0,0
0.0,0
0.0,0
0.03827751196172249,0
0.0,0
0.023706896551724137,0
0.6693227091633466,0
0.013422818791946308,0
0.013157894736842105,0
0.05555555555555555,0
0.05357142857142857,0
0.06382978723404255,0
0.07971014492753623,0
0.15789473684210525,0
0.0,0
0.0,0
0.0,0
0.4261744966442953,0
0.024390243902439025,0
0.11764705882352941,0
0.0,0
0.023706896551724137,0
0.04415011037527594,0
0.21717171717171718,0
0.0,0
0.022222222222222223,0
0.41040462427745666,0
0.3127962085308057,0
0.0,0
0.049586776859504134,0
0.025193798449612403,0
0.05405405405405406,0
0.05263157894736842,0
0.07446808510638298,0
0.031578947368421054,0
0.09060402684563758,0
0.02586206896551724,0
0.0,0
0.0,0
0.0,0
0.10377358490566038,0
0.02358490566037736,0
0.0,0
0.0,0
0.11688311688311688,0
0.14285714285714285,0
0.06015037593984962,0
0.0,0
0.017543859649122806,0
0.0,0
0.05612244897959184,0
0.023706896551724137,0
0.0,0
0.02617801047120419,0
0.5952380952380952,0
0.0,0
0.09060402684563758,0
0.0390625,0
0.056451612903225805,0
0.2868217054263566,0
0.0,0
0.043227665706051875,0
0.25892857142857145,0
0.08108108108108109,0
0.05649717514124294,0
0.018867924528301886,0
0.0,0
0.0951276102088167,0
0.0,0
0.15178571428571427,0
0.0,0
0.06369426751592357,0
0.007407407407407408,0
0.07874015748031496,0
0.031746031746031744,0
0.04415011037527594,0
0.0,0
0.0,0
0.0,0
0.6693227091633466,0
0.0763888888888889,0
0.11904761904761904,0
0.042735042735042736,0
0.06172839506172839,0
0.0,0
0.04814814814814815,0
0.03816793893129771,0
0.07630522088353414,0
0.12863070539419086,0
0.018691588785046728,0
0.18181818181818182,0
0.0,0
0.0,0
0.0,0
0.007125890736342043,0
0.07971014492753623,0
0.0,0
0.0,0
0.06015037593984962,0
0.0,0
0.03286384976525822,0
0.0,0
0.043227665706051875,0
0.0,0
0.0,0
0.051587301587301584,0
0.06273062730627306,0
0.0,0
0.078125,0
0.0,0
0.8431372549019608,0
0.046875,0
0.08530805687203792,0
0.11413043478260869,0
0.0,0
0.0,0
0.0,0
0.049107142857142856,0
0.03474903474903475,0
0.05847953216374269,0
0.6140350877192983,0
0.0,0
0.0,0
0.037037037037037035,0
0.37735849056603776,0
0.0,0
0.19337016574585636,0
0.0,0
0.0,0
0.0,0
0.028169014084507043,0
0.0,0
0.1984732824427481,0
0.078125,0
0.02967359050445104,0
0.0641025641025641,0
0.3537117903930131,0
0.07476635514018691,0
0.2694300518134715,0
0.041474654377880185,0
0.0,0
0.0,0
0.14925373134328357,0
0.08771929824561403,0
0.012345679012345678,0
0.023706896551724137,0
0.4497991967871486,0
0.672566371681416,0
0.18587360594795538,0
0.0625,0
0.2,0
0.07142857142857142,0
0.19337016574585636,0
0.234375,0
0.03286384976525822,0
0.0,0
0.11510791366906475,0
0.0,0
0.009077155824508321,0
0.04415011037527594,0
0.0962962962962963,0
0.0,0
0.0,0
0.02304147465437788,0
0.38372093023255816,0
0.06688963210702341,0
0.048672566371681415,0
0.0,0
0.1568627450980392,0
0.03216374269005848,0
0.0,0
0.13008130081300814,0
0.33121019108280253,0
0.11666666666666667,0
0.0,0
0.0,0
0.23741007194244604,0
0.03816793893129771,0
0.03571428571428571,0
0.18777292576419213,0
0.32786885245901637,0
0.0,0
0.05847953216374269,0
0.0,0
0.044444444444444446,0
0.125,0
0.0,0
0.03504043126684636,0
0.04807692307692308,0
0.0395778364116095,0
0.0,0
0.25,0
0.052083333333333336,0
0.20398009950248755,0
0.0,0
0.33512544802867383,0
0.18596491228070175,0
0.018115942028985508,0
0.034722222222222224,0
0.018957345971563982,0
0.009389671361502348,0
0.0,0
0.03816793893129771,0
0.3151515151515151,0
0.2879581151832461,0
0.0,0
0.02702702702702703,0
0.011560693641618497,0
0.0,0
0.0,0
0.0,0
0.11842105263157894,0
0.08585858585858586,0
0.011869436201780416,0
0.0738255033557047,0
0.031578947368421054,0
0.0,0
0.0,0
0.08771929824561403,0
0.13043478260869565,0
0.04672897196261682,0
0.0,0
0.11666666666666667,0
0.03821656050955414,0
0.05319148936170213,0
0.03875968992248062,0
0.03571428571428571,0
0.0,0
0.03875968992248062,0
0.0,0
0.007707129094412331,0
0.0,0
0.051643192488262914,0
0.0,0
0.0,0
0.40625,0
0.2193877551020408,0
0.0,0
0.0,0
0.0,0
0.03314917127071823,0
0.0,0
0.0,0
0.2193877551020408,0
0.05847953216374269,0
0.0,0
0.02197802197802198,0
0.020512820512820513,0
0.08928571428571429,0
0.0,0
0.07547169811320754,0
0.0,0
0.06285714285714286,0
0.056179775280898875,0
0.0,0
0.024390243902439025,0
0.0,0
0.21717171717171718,0
0.06115107913669065,0
0.1388888888888889,0
0.4046242774566474,0
0.007836990595611285,0
0.013157894736842105,0
0.057777777777777775,0
0.07352941176470588,0
0.0,0
0.05339805825242718,0
0.024390243902439025,0
0.09923664122137404,0
0.12811387900355872,0
0.04700854700854701,0
0.039647577092511016,0
0.0,0
0.029891304347826088,0
0.2403846153846154,0
0.0390625,0
0.08943089430894309,0
0.38596491228070173,0
0.10738255033557047,0
0.10810810810810811,0
0.23756906077348067,0
0.043668122270742356,0
0.0,0
0.1717171717171717,0
0.20994475138121546,0
0.015384615384615385,0
0.10906040268456375,0
0.0,0
0.011363636363636364,0
0.08536585365853659,0
0.14388489208633093,0
0.04608294930875576,0
0.9494949494949495,0
0.0,0
0.03937007874015748,0
0.024390243902439025,0
0.0,0
0.05612244897959184,0
0.0,0
0.3645833333333333,0
0.08585858585858586,0
0.014588859416445624,0
0.109375,0
0.04032258064516129,0
0.25510204081632654,0
0.0,0
0.883495145631068,0
0.0,0
0.0,0
0.5409836065573771,0
0.0,0
0.06870229007633588,0
0.5078125,0
0.05755395683453238,0
0.0,0
0.026595744680851064,0
0.021238938053097345,0
0.0,0
0.0,0
0.06474820143884892,0
0.5545851528384279,0
0.11382113821138211,0
0.11602209944751381,0
0.0962962962962963,0
0.0,0
0.029411764705882353,0
0.17410714285714285,0
0.1543026706231454,0
0.2543859649122807,0
0.235,0
0.40625,0
0.20994475138121546,0
0.0,0
0.009077155824508321,0
0.6507936507936508,0
0.0,0
0.24074074074074073,0
0.03571428571428571,0
0.03816793893129771,0
0.0,0
0.0,0
0.6827309236947792,0
0.12121212121212122,0
0.0438871473354232,0
0.0,0
0.6507936507936508,0
0.0,0
0.08974358974358974,0
0.1878453038674033,0
0.9019607843137255,0
0.0,0
0.3790322580645161,0
0.052083333333333336,0
0.0,0
0.0,0
0.3081395348837209,0
0.672566371681416,0
0.014705882352941176,0
0.0,0
0.024390243902439025,0
0.0,0
0.0,0
0.9661016949152542,0
0.4069767441860465,0
0.0,0
0.0,0
0.0,0
0.0,0
0.025193798449612403,0
0.0,0
0.024390243902439025,0
0.0,0
0.4166666666666667,0
0.516320474777448,0
0.4700854700854701,0
0.0,0
0.18596491228070175,0
0.0,0
0.0,0
0.028901734104046242,0
