0.898564312296697,1
0.864706003982127,1
0.8164764600318072,1
0.8164764600318072,1
0.8647057598906525,1
0.8647055124323995,1
0.8337366974258733,1
0.7861804729451666,1
0.8573268814910324,1
0.864706003982127,1
0.8164764600318072,1
0.8164764600318072,1
0.8647057598906525,1
0.8647055124323995,1
0.8337366974258733,1
0.7861804729451666,1
0.8573268814910324,1
0.7846416666164437,1
0.7846416666164437,1
0.8947340545720428,1
0.8947625537724732,1
0.8476751887602527,1
0.7855323061592285,1
0.8793202661995905,1
0.8493373756531613,1
0.7847574500488278,1
0.7848765284188973,1
0.7692331866751506,1
0.7843547283517973,1
0.7845290538396565,1
0.7847574500488278,1
0.7848765284188973,1
0.7692331866751506,1
0.7843547283517973,1
0.7845290538396565,1
0.9107012035583336,1
0.8477146914967394,1
0.7856545846611954,1
0.8793515650726544,1
0.8477547467189698,1
0.7857047307047188,1
0.8793833047748344,1
0.7700727861932762,1
0.8476362271573039,1
0.785413307848315,1
0.8718744323162961,1
0.8424664970313825,1
0.8427098119411364,1
0.7065973500183866,1
0.6314819546168225,1
0.7458386006729066,1
0.7704781326857112,1
0.7780703902394254,1
0.785962527794147,1
0.7631694978185971,1
0.785962527794147,1
0.7478538417155339,1
0.7214220091578267,1
0.7454399974431772,1
0.6823919523115197,1
0.696884280365083,1
0.7120283761652574,1
0.668508630674893,1
0.7120283761652574,1
0.6742846282283054,1
0.7104240434932138,1
0.577973784866278,1
0.5902080574070967,1
0.6029827315539183,1
0.5662452169518137,1
0.6029827315539183,1
0.5700398930983877,1
0.6841312741312493,1
0.6986038267288014,1
0.7137219396927879,1
0.6701545968344793,1
0.7137219396927879,1
0.675462745143016,1
0.8726021133915641,1
0.872666313595494,1
0.854480349980932,1
0.872666313595494,1
0.8457850212087271,1
0.891514175434249,1
0.8545498206062431,1
0.891514175434249,1
0.854756493146523,1
0.8546205100144543,1
0.911221111221091,1
0.8641874862736307,1
0.8546205100144543,1
0.8372381607224325,1
0.867684804223666,1
0.7583884582880054,1
0.9493087557603687,1
0.9809523809523809,1
0.7078121571209128,1
0.7078185941043085,1
0.8000497815920293,1
0.8329203078127039,1
0.6821188519726898,1
0.3502388673519744,1
0.8744595152548947,1
0.8208315476134166,1
0.7518985840932573,1
0.6896216353458643,1
0.8021564457450218,1
0.6776354584292185,1
0.8333333333333335,1
0.9240506329113923,1
0.759493670886076,1
0.759493670886076,1
0.9240506329113923,1
0.8354430379746836,1
0.3183531746031746,1
0.5947452211727087,1
0.6000055137635282,1
0.9426857405640656,1
0.5,1
0.5051546391752577,1
0.44680851063829785,1
0.4329896907216495,1
0.5268817204301075,1
0.4948453608247423,1
0.9493990710291085,1
0.9996895124195154,1
0.9493087557603687,1
0.6253869969040248,1
0.7068431273218507,1
0.7068431273218507,1
0.6386488970588236,1
0.7525300442757747,1
0.7525300442757747,1
0.7070711382807964,1
0.6703977509371096,1
0.6541283805799935,1
0.6239008516236239,1
0.6279711375212225,1
0.6279711375212225,1
0.6969400943821575,1
0.6070526315789474,1
0.6070526315789474,1
0.6282894736842105,1
0.7139507183801087,1
0.7052631578947368,1
0.6889598255995016,1
0.8148914960509164,1
0.6433970756494817,1
0.6567889762948103,1
0.6567889762948103,1
0.8160840910650216,1
0.6748621553884712,1
0.6580992672055601,1
0.628599246508034,1
0.6406351001939237,1
0.6554144987859868,1
0.6554144987859868,1
0.8151009316770186,1
0.6723916532905296,1
0.6561218637992832,1
0.6258741258741258,1
0.639473111729899,1
0.639473111729899,1
0.6436699426734256,1
0.8559326625386996,1
0.855267539169539,1
0.8357967080347396,1
0.7530221452315182,1
0.6570319378852156,1
0.6550167858706758,1
0.6548146185164662,1
0.6248551448551448,1
0.6570319378852156,1
0.6550167858706758,1
0.6548146185164662,1
0.6248551448551448,1
0.6753133837804784,1
0.6583648863035431,1
0.6288695687121474,1
0.8761381664343061,1
0.8359781933100472,1
0.8354625926949939,1
0.8536585365853658,1
1.0,1
0.6511324041811846,1
1.0,1
0.882758620689655,1
0.7595628415300546,1
0.6666666666666666,1
0,1
0.6,1
0.8786301829780049,1
0.9833783378337833,1
0.892,1
0.7530188679245283,1
1.0,1
0.8378378378378377,1
0.8611111111111112,1
0.6323529411764706,1
0.9054054054054054,1
1.0,1
1.0,1
1.0,1
1.0,1
1.0,1
1.0,1
1.0,1
1.0,1
1.0,1
1.0,1
1.0,1
0.920163447507733,1
1.0,1
1.0,1
0.9085678324193114,1
1.0,1
0.8240740740740741,1
0.9241573033707865,1
0.7663551401869159,1
0.7592592592592593,1
0.9351851851851852,1
0.822429906542056,1
1.0,1
1.0,1
0.5774647887323944,1
0.539640768588137,1
0.586014586014586,1
0.45368620037807184,1
0.5455619047619048,1
0.5783751132588343,1
0.49996340213731516,1
0.5123822392225377,1
0.7706422018348624,1
0.6511324041811846,1
0.864406779661017,1
0.9016393442622951,1
0.8225806451612904,1
0.7833333333333333,1
0.7704918032786885,1
0.6935483870967742,1
0.8999999999999999,1
0.9193548387096774,1
0.8688524590163934,1
0.7903225806451613,1
1.0,1
1.0,1
1.0,1
1.0,1
1.0,1
1.0,1
1.0,1
1.0,1
1.0,1
1.0,1
1.0,1
0.8364081632653061,1
0.81875,1
0.6678700361010831,1
0.7736079880493749,1
0.9999999999999942,1
0.6863078950036214,1
1.0000000000000273,1
0.6844787865196057,1
0.8636363636363636,1
0.6557377049180327,1
0.6666666666666666,1
0.9043383214361967,1
1.0,1
1.0,1
0.943895959360247,1
0.9345847529350492,1
0.9352858595149344,1
0.9379683857741907,1
0.9340388007054674,1
1.0,1
1.0,1
0.7861188517535143,1
0.586890487609897,1
0.5714285714285537,1
0.8666264029394379,1
0.6888180315148476,1
0.8093053000523273,1
0.7382639667988157,1
0.8223984270200143,1
0.6747833998796651,1
0.652554423696249,1
0.8052783880302308,1
0.6870182968762534,1
0.623050825336095,1
0.6980743249022401,1
0.7909140600400097,1
0.6594776137343596,1
0.6145871904729044,1
0.6873010153748557,1
0.8648195444110567,1
0.7236067553779052,1
0.7384222891965052,1
0.7520633799709292,1
1.0000000000000433,1
1.0000000000000433,1
0.7520633799709292,1
0.7238845144356955,1
0.6214743589743251,1
0.6124918011281647,1
0.6493728264346477,1
0.6618439113824415,1
0.8440753045404226,1
0.7520633799709292,1
0.7520633799709292,1
1.0000000000000155,1
0.7261904761904763,1
1.0,1
0.7738095238095238,1
0.9411764705882353,1
0.7261904761904763,1
0.5406559391300673,1
0.5410420952792142,1
0.5406559391300673,1
0.5410298719109233,1
0.540644102408902,1
0.5406678753194776,1
0.5406559391300673,1
0.5413221215349591,1
0.5413366733830876,1
0.48088359575091416,1
0.48001583639028805,1
0.7176470588235295,1
0.9531424497019024,1
0.9531463806787047,1
0.7392899904214886,1
0.9398302881758192,1
0.7304916857156086,1
0.9259348448736184,1
0.9398225957048919,1
0.9398302881758192,1
0.9120100613018541,1
0.9255457438164315,1
0.8376922337542019,1
0.6943671771644165,1
0.7870689655172596,1
0.9421489671489646,1
0.7386431956684602,1
0.7393083713587415,1
0.7392899904214886,1
0.7309563690298693,1
0.7314056475545041,1
0.6547644615496316,1
0.8736313227178301,1
0.7304916857156086,1
0.9259348448736184,1
0.9398225957048919,1
0.9398302881758192,1
0.9120100613018541,1
0.9255457438164315,1
0.8376922337542019,1
0.6943671771644165,1
0.7894351935193699,1
0.7305077805078222,1
0.7304916857156086,1
0.7228656994273451,1
0.7233140888313305,1
0.6472941472137967,1
0.8637948346852281,1
0.7261904761904762,1
0.9242424242424241,1
0.7764705882352941,1
1.0,1
0.9259257460837875,1
0.9259348448736184,1
0.9120227038184322,1
0.9255568638615029,1
0.825572399940601,1
0.6942837429838803,1
0.9222222222222223,1
0.912087912087912,1
0.9222222222222223,1
0.9222222222222223,1
0.9222222222222223,1
0.9222222222222223,1
1.0,1
0.9222222222222223,1
0.912087912087912,1
0.9222222222222223,1
0.9222222222222223,1
0.9222222222222223,1
0.9222222222222223,1
0.9531424497019024,1
1.0,1
0.9398225957048919,1
0.9119972767345276,1
0.9255344981211331,1
0.85017787293836,1
0.6944606698508006,1
0.9120100613018541,1
0.9255457438164315,1
0.8356497500960133,1
0.6974098461926713,1
0.9161676646706587,1
1.0,1
0.9161676646706587,1
0.9292929292929293,1
1.0,1
0.9292929292929293,1
0.93201918316738,1
0.9161676646706587,1
1.0,1
0.9292929292929293,1
1.0,1
0.9134324273472081,1
0.8102167181722635,1
0.6903801427258411,1
0.912087912087912,1
0.9431818181818182,1
0.9431818181818182,1
0.9325842696629213,1
0.9431818181818182,1
0.9222222222222223,1
1.0,1
0.912087912087912,1
0.9431818181818182,1
0.9431818181818182,1
0.9325842696629213,1
0.9431818181818182,1
0.912087912087912,1
0.912087912087912,1
0.912087912087912,1
0.912087912087912,1
0.912087912087912,1
0.912087912087912,1
1.0,1
0.912087912087912,1
0.912087912087912,1
0.912087912087912,1
0.912087912087912,1
0.9431818181818182,1
0.9325842696629213,1
0.9431818181818182,1
0.9222222222222223,1
0.9431818181818182,1
0.912087912087912,1
1.0,1
0.9431818181818182,1
0.9325842696629213,1
0.9431818181818182,1
0.8219296370559334,1
0.6904063573053012,1
1.0000000000000433,1
0.7520633799709292,1
0.9325842696629213,1
0.9431818181818182,1
0.9222222222222223,1
0.9431818181818182,1
0.912087912087912,1
0.9431818181818182,1
1.0,1
0.9325842696629213,1
0.9431818181818182,1
0.9325842696629213,1
0.9222222222222223,1
0.9325842696629213,1
0.912087912087912,1
0.9325842696629213,1
0.9325842696629213,1
1.0,1
0.9325842696629213,1
0.9222222222222223,1
0.9431818181818182,1
0.912087912087912,1
0.9431818181818182,1
0.9431818181818182,1
0.9325842696629213,1
1.0,1
1.0,1
0.42391304347826086,1
0.5818939845145863,1
0.6235075467447623,1
1.0,1
0.42391304347826086,1
0.7590361445783133,1
0.46987951807228917,1
0.42391304347826086,1
1.0,1
0.8137254901960784,1
1.0,1
0.8137254901960784,1
0.832739472821894,1
0.7482378058729879,1
0.8642063092906809,1
0.7465313441152089,1
0.8112348960594296,1
0.7062870280309453,1
0.9128084502043282,1
0.8137254901960784,1
1.0,1
0.6118175078312215,1
0.7244591301194295,1
0.766400400326488,1
0.5694444444444444,1
0.7616769103814035,1
0.7543604651162716,1
0.8455284552845529,1
0.7888888888888889,1
0.6050156739811913,1
0.6936856247201002,1
0.5818939845145863,1
0.7590361445783133,1
0.6235075467447623,1
0.46987951807228917,1
0.7822400713967269,1
0.8403686260829356,1
0.625,1
0.7803604942133775,1
0.8280136538601701,1
0.8758632449484127,1
1.0,1
0.8130934532733632,1
0.8494640605022987,1
1.0000000000000007,1
0.8367245657568237,1
0.8811881188118812,1
1.0000000000000027,1
1.0,1
0.7738095238095238,1
0.9411764705882353,1
0.7261904761904762,1
0.7176470588235295,1
0.9242424242424241,1
0.7764705882352941,1
0.9222222222222223,1
0.912087912087912,1
0.9222222222222223,1
0.9222222222222223,1
0.9222222222222223,1
0.9222222222222223,1
0.9161676646706587,1
0.9292929292929293,1
0.912087912087912,1
0.9431818181818182,1
0.9431818181818182,1
0.9325842696629213,1
0.9431818181818182,1
0.912087912087912,1
0.912087912087912,1
0.912087912087912,1
0.912087912087912,1
0.9431818181818182,1
0.9325842696629213,1
0.9431818181818182,1
0.9325842696629213,1
0.9431818181818182,1
0.9325842696629213,1
0.42391304347826086,1
0.8137254901960784,1
0.8455284552845529,1
0.5985844287158746,1
0.9906343124733912,1
0.9033821628608357,1
0.9536264991433466,1
0.9427030670711156,1
0.9536298421807746,1
0.9536264991433466,1
0.9427030670711156,1
0.9320291777188329,1
0.9033821628608357,1
0.9034626929674099,1
0.9033008658008658,1
0.9033821628608357,1
0.9034626929674099,1
0.9035424669227485,1
0.9427030670711156,1
0.9536298421807746,1
0.9536264991433466,1
0.9427030670711156,1
0.9320291777188329,1
0.9427071573718673,1
0.9427030670711156,1
0.9426990161001789,1
0.932024418412803,1
0.9536298421807746,1
0.9427071573718673,1
0.9320339830084957,1
0.9427030670711156,1
0.9320291777188329,1
0.932024418412803,1
0.999999999999995,1
0.9927500000000761,1
0.7649812734082397,1
0.628808864265928,1
0.6952908587257618,1
1.000000000000002,1
0.860803720145548,1
0.7219674111540428,1
0.72218344269162,1
0.8593059878325583,1
0.7204429609507289,1
0.7223991387764847,1
0.8174357162360065,1
0.8175702514487706,1
1.0000000000000913,1
0.6563235910527494,1
0.6598858068746306,1
0.6563235910527494,1
0.6580937044704126,1
0.6580937044704126,1
0.6503484292901789,1
0.8951692891204788,1
0.877364046304905,1
0.8942623112212655,1
0.8942623112212655,1
0.8337358085558274,1
0.8794272345365812,1
0.8960899057850893,1
0.8960899057850893,1
0.836361934901954,1
0.878387998982848,1
0.878387998982848,1
0.8337358085558274,1
0.8951692891204744,1
0.8350393567783613,1
0.8350393567783613,1
0.6181989852292782,1
0.9522518646012285,1
0.33627470334052145,1
0.33800559963696897,1
0.3345746241888178,1
0.33627470334052145,1
0.33627470334052145,1
0.3329045464339064,1
0.3345746241888178,1
0.3308800043493414,1
0.8398577367312782,1
0.8182076491439494,1
0.8393380477116757,1
0.8393380477116757,1
0.7983444187391004,1
0.8182076491439494,1
0.7796283578735018,1
0.8187799043061673,1
0.8398577367312782,1
0.8398577367312782,1
0.7989631630827088,1
0.8187799043061673,1
0.7802881841935022,1
0.8182076491439494,1
0.8182076491439494,1
0.79773776711882,1
0.8176466884915097,1
0.7789813023855017,1
0.9043824701195219,1
0.8393380477116757,1
0.7983444187391004,1
0.8182076491439494,1
0.7796283578735018,1
0.7983444187391004,1
0.8182076491439494,1
0.7796283578735018,1
0.79773776711882,1
0.7783466505170796,1
0.7789813023855017,1
0.6885251309116397,1
0.5591526977644222,1
0.7255924170616114,1
0.7766740676917638,1
0.698380434069897,1
0.6472857841037637,1
1.0,1
0.9401882364211132,1
0.9198520345252774,1
0.9178001876172608,1
0.9608869977906882,1
0.9515855725006052,1
0.9608890349615874,1
0.9608869977906882,1
0.9515855725006052,1
0.9424637911825562,1
0.9178604796013703,1
0.9179202853598015,1
0.9178001876172608,1
0.9178604796013703,1
0.9179202853598015,1
0.9179796107506951,1
0.9515830922532947,1
0.9608869977906882,1
0.9608849773866275,1
0.9515830922532947,1
0.9424608678422826,1
0.9515855725006052,1
0.9515830922532947,1
0.9515806322529011,1
0.9424579682690031,1
0.9608869977906882,1
0.9515855725006052,1
0.9424637911825562,1
0.9515830922532947,1
0.9424608678422826,1
0.9424579682690031,1
0.6813868106231837,1
0.9050768236288598,1
0.8860600800424322,1
0.8954661182922052,1
0.9148989898989899,1
0.9050768236288598,1
0.8954661182922052,1
0.9371816638370118,1
0.9470886803294387,1
0.9572161172161173,1
0.9572109306622582,1
0.9470886803294387,1
0.9371742498943513,1
0.9371891431007531,1
0.9371816638370118,1
0.9371742498943513,1
0.9470950365525201,1
0.9470886803294387,1
0.9470823798627003,1
0.9572161172161173,1
0.9470950365525201,1
0.9470886803294387,1
0.804972804972805,1
0.8051703475432289,1
0.8050719965613583,1
0.804872761954307,1
0.804972804972805,1
0.8050719965613583,1
0.9351351351351351,1
0.9453454674869084,1
0.9557907845579078,1
0.9557851239669422,1
0.9453454674869084,1
0.9351270553064275,1
0.9351432880844646,1
0.9351351351351351,1
0.9351270553064275,1
0.9453524004085802,1
0.9453454674869084,1
0.9453385970239904,1
0.9557907845579078,1
0.9453524004085802,1
0.9453454674869084,1
0.8580353295993106,1
0.8623499142367067,1
0.8581689536878216,1
0.8579004329004329,1
0.8580353295993106,1
0.8581689536878216,1
0.9303307529908516,1
0.9415395572437534,1
0.9526756461594466,1
0.9526684375754648,1
0.9415395572437534,1
0.9303221288515408,1
0.9303394625176804,1
0.9303307529908516,1
0.9303221288515408,1
0.9415483717046403,1
0.9415395572437534,1
0.9415308291991495,1
0.9526756461594466,1
0.9415483717046403,1
0.9415395572437534,1
0.8533715925394548,1
0.853651605569764,1
0.8535122786978869,1
0.8532295271049597,1
0.8533715925394548,1
0.8535122786978869,1
0.9281705948372615,1
0.9394035532994924,1
0.9509250243427457,1
0.9509170756910359,1
0.9394035532994924,1
0.9281593150939884,1
0.9281819890956946,1
0.9281705948372615,1
0.9281593150939884,1
0.9394132653061225,1
0.9394035532994924,1
0.9393939393939394,1
0.9509250243427457,1
0.9394132653061225,1
0.9394035532994924,1
0.9659276413196158,1
0.9659307194518463,1
0.9659245797364835,1
0.9593918146196966,1
0.9659276413196158,1
0.9659276413196158,1
0.9529486036838978,1
0.9725537680908724,1
0.9659276413196158,1
0.959395443266411,1
0.9725512746789342,1
0.9725512746789342,1
0.9529527852249031,1
0.9659307194518463,1
0.9593990914745631,1
0.9725537680908724,1
0.9725537680908724,1
0.9529569892473119,1
0.9593918146196966,1
0.9659276413196158,1
0.9659276413196158,1
0.9529486036838978,1
0.959395443266411,1
0.959395443266411,1
0.9529444444444444,1
0.9725512746789342,1
0.9529527852249031,1
0.9529527852249031,1
0.8439716312056834,1
0.8439716312056834,1
0.8269927536231979,1
0.8353941622615587,1
0.8527308038463458,1
0.8439716312056834,1
0.8353941622615587,1
0.8521013927118944,1
0.7646679561573273,1
0.7721960579103532,1
0.7798769965930806,1
0.7646679561573273,1
0.7572881355932297,1
0.7721960579103532,1
0.7721960579103532,1
0.9589269195189737,1
0.9396551724138027,1
0.949191159717485,1
0.9589333828858223,1
0.9589269195189737,1
0.949191159717485,1
0.8258974045552794,1
0.8731193794485027,1
0.8817018332756925,1
0.8904584338670856,1
0.8731193794485027,1
0.8647058823529504,1
0.8817018332756925,1
0.9211345555171315,1
0.9396551724138027,1
0.949191159717485,1
0.9589333828858223,1
0.9589269195189737,1
0.949191159717485,1
0.8258974045552794,1
0.8731193794485027,1
0.8817018332756925,1
0.8904584338670856,1
0.8731193794485027,1
0.8647058823529504,1
0.9211345555171315,1
0.8817018332756925,1
0.9396459227467906,1
0.9396645021645118,1
0.9396551724138027,1
0.9396459227467906,1
0.8261062840978065,1
0.8730822873082381,1
0.881666952495293,1
0.8904258558441086,1
0.8730822873082381,1
0.9226666666666758,1
0.881666952495293,1
0.881666952495293,1
0.9491990846682018,1
0.949191159717485,1
0.949183303085309,1
0.8260022723583924,1
0.873100755453706,1
0.8816843192973485,1
0.890442075834362,1
0.9219081572022843,1
0.8646861924686285,1
0.8816843192973485,1
0.8816843192973485,1
0.9589333828858223,1
0.9491990846682018,1
0.8257916700761077,1
0.8731381612737639,1
0.8817194963091713,1
0.9203454048814967,1
0.8731381612737639,1
0.8647257383966338,1
0.8817194963091713,1
0.8817194963091713,1
0.949191159717485,1
0.8258974045552794,1
0.8731193794485027,1
0.9211345555171315,1
0.8904584338670856,1
0.8731193794485027,1
0.8647058823529504,1
0.8817018332756925,1
0.8817018332756925,1
0.8260022723583924,1
0.9219081572022843,1
0.8816843192973485,1
0.890442075834362,1
0.873100755453706,1
0.8646861924686285,1
0.8816843192973485,1
0.8816843192973485,1
0.9020198019802069,1
0.9019046482961639,1
0.9017885659533785,1
0.9020198019802069,1
0.9021340381050146,1
0.9019046482961639,1
0.9019046482961639,1
0.9511576672070591,1
0.9511645379414067,1
0.9511508527902062,1
0.9419591836734784,1
0.9511576672070591,1
0.9511576672070591,1
0.9605385722753924,1
0.9511576672070591,1
0.9419672131147631,1
0.9605329735199956,1
0.9605329735199956,1
0.9511645379414067,1
0.9419753086419843,1
0.9605385722753924,1
0.9605385722753924,1
0.9419591836734784,1
0.9511576672070591,1
0.9511576672070591,1
0.9419672131147631,1
0.9419672131147631,1
0.9605329735199956,1
0.9132962275819364,1
0.9130814315999446,1
0.9131892697466413,1
0.9132962275819364,1
0.9134023158413348,1
0.9131892697466413,1
0.8900796812748951,1
0.9169472502805781,1
0.9502658206139599,1
0.9502604389035949,1
0.9502551020408164,1
0.9409028039733435,1
0.9502604389035949,1
0.9003252032520326,1
0.950051449151089,1
0.9598068641524208,1
0.9502658206139599,1
0.9409154304551796,1
0.9598068641524208,1
0.9000819672131147,1
0.9596365542547616,1
0.9502604389035949,1
0.940909090909091,1
0.9598024776921078,1
0.9002040816326531,1
0.9596328678933403,1
0.9409028039733435,1
0.9502604389035949,1
0.9003252032520326,1
0.950051449151089,1
0.940909090909091,1
0.9004453441295548,1
0.9406618486116395,1
0.9002040816326531,1
0.9596328678933403,1
0.9038934426229509,1
1.0,1
1.0000000000000786,1
1.0,1
0.7378735299788836,1
1.0,1
0.6981132075471698,1
0.867653149682144,1
0.9313402385436206,1
0.8735955056179795,1
0.9313402385436206,1
0.8735955056179795,1
0.9313358302122269,1
0.867653149682144,1
0.9999999999999923,1
0.9313358302122269,1
0.867653149682144,1
0.9313402385436206,1
0.8735955056179795,1
0.9313402385436206,1
0.9313358302122269,1
0.867653149682144,1
0.9064731129250002,1
0.9064750625795795,1
0.9064750625795795,1
0.9064731129250002,1
0.8536676276614357,1
0.6172995780590717,1
0.7719689051706239,1
0.7672354241503179,1
0.8971049877920971,1
0.8945548967174004,1
0.9999999999999809,1
0.8971049877920971,1
0.9395134260509871,1
0.9920318725097403,1
0.8981490230778769,1
0.8870813395920193,1
0.8321939962922753,1
0.8788829215894634,1
0.7861586701236826,1
0.8870932516803024,1
0.8402800000002167,1
0.8788610871438636,1
0.7923007509791301,1
0.8870932516803024,1
0.8402800000002167,1
0.8788610871438636,1
0.7923007509791301,1
0.8870813395920193,1
0.8321939962922753,1
0.8788829215894634,1
0.7861586701236826,1
0.9345899974614118,1
0.8709047966473784,1
0.8321939962922753,1
0.8944402132521392,1
0.8271354694525872,1
0.7619458938161752,1
0.8321960396041771,1
0.8944531518789395,1
0.8271174943582621,1
0.7598555781939377,1
0.8321960396041771,1
0.8944531518789395,1
0.8271174943582621,1
0.7598555781939377,1
0.8321939962922753,1
0.8944402132521392,1
0.8271354694525872,1
0.7619458938161752,1
0.8976288678144428,1
0.8788829215894634,1
0.8271354694525871,1
0.8817195458392492,1
0.7856228512852662,1
0.8788610871438636,1
0.8352042160739118,1
0.8817094608980486,1
0.7917878227030295,1
0.8788610871438636,1
0.8352042160739118,1
0.8817094608980486,1
0.7917878227030295,1
0.8788829215894634,1
0.8271354694525871,1
0.8817195458392492,1
0.7856228512852662,1
0.7861586701236826,1
0.7619458938161752,1
0.7856228512852662,1
0.8904707044107902,1
0.7861186713645708,1
0.7694141572402519,1
0.7855811690340043,1
0.8886823285319215,1
0.7861186713645708,1
0.7694141572402519,1
0.7855811690340043,1
0.8886823285319215,1
0.7861586701236826,1
0.7619458938161752,1
0.7856228512852662,1
0.8904707044107902,1
0.8676457768306877,1
0.9321903294162962,1
0.8676457768306877,1
0.9321903294162962,1
0.867653149682144,1
0.9321839080459756,1
0.867653149682144,1
0.9356554613754595,1
0.9999999999999988,1
0.8676457768306877,1
0.9321903294162962,1
0.8676457768306877,1
0.867653149682144,1
0.9321839080459756,1
0.9064750625795795,1
0.9064750625795795,1
0.9064731129250002,1
0.6175890534635294,1
0.7715482855266966,1
0.7668029379157427,1
0.8945548967174004,1
0.8971049877920971,1
0.99999999999998,1
0.9380675318530027,1
0.9918367346936524,1
0.8956547134389677,1
0.8870932516803024,1
0.8402800000002167,1
0.8788610871438636,1
0.7923007509791301,1
0.8870932516803024,1
0.8402800000002167,1
0.8788610871438636,1
0.7923007509791301,1
0.8870813395920193,1
0.8321939962922753,1
0.8788829215894634,1
0.7861586701236826,1
0.9330448792912088,1
0.8678553036547968,1
0.8321960396041771,1
0.8944531518789395,1
0.8271174943582621,1
0.7598555781939377,1
0.8321960396041771,1
0.8944531518789395,1
0.8271174943582621,1
0.7598555781939377,1
0.8321939962922753,1
0.8944402132521392,1
0.8271354694525872,1
0.7619458938161752,1
0.6617101119122956,1
0.8951521468744696,1
0.8788610871438636,1
0.8352042160739118,1
0.8870232259895858,1
0.7917878227030295,1
0.8788610871438636,1
0.8352042160739118,1
0.8870232259895858,1
0.7917878227030295,1
0.8788829215894634,1
0.8271354694525871,1
0.8870118844586432,1
0.7856228512852662,1
0.7861186713645708,1
0.7694141572402519,1
0.7855811690340043,1
0.8886823285319215,1
0.7861186713645708,1
0.7694141572402519,1
0.7855811690340043,1
0.8886823285319215,1
0.7861586701236826,1
0.7619458938161752,1
0.7856228512852662,1
0.8904707044107902,1
0.9347739125281518,1
0.944302176696535,1
0.8796200268657914,1
0.9313402385436206,1
0.8676457768306877,1
0.9313402385436206,1
0.9313402385436206,1
0.8676457768306877,1
0.9999999999999921,1
0.9347739125281518,1
0.944302176696535,1
0.9313402385436206,1
0.8676457768306877,1
0.8796200268657914,1
0.9449988214033145,1
0.8735955056179795,1
0.9321903294162962,1
0.8735955056179795,1
0.8735955056179795,1
0.9321903294162962,1
0.9347739125281518,1
0.9999999999999987,1
0.8796200268657914,1
0.8735955056179795,1
0.9321903294162962,1
0.918075621661175,1
0.9064750625795795,1
0.7237566881730033,1
0.7133997705764267,1
0.9374698795182899,1
0.9917695473248759,1
0.8927993794991324,1
0.896276595622774,1
0.8402811244982096,1
0.8880133088168644,1
0.7922520968212655,1
0.8870932516803024,1
0.8321960396041771,1
0.8788610871438636,1
0.7861186713645708,1
0.9324074074075386,1
0.8645367589812074,1
0.8402811244982096,1
0.9031007751938436,1
0.8351851851853164,1
0.7673145367589852,1
0.8402800000002167,1
0.8944531518789395,1
0.8352042160739119,1
0.7694141572402519,1
0.892316002185143,1
0.8880133088168644,1
0.8351851851853163,1
0.8962117279825424,1
0.7917376768142604,1
0.8788610871438636,1
0.827117494358262,1
0.8870232259895858,1
0.7855811690340043,1
0.7922520968212655,1
0.7673145367589851,1
0.7917376768142604,1
0.8994216746291104,1
0.7923007509791301,1
0.7598555781939376,1
0.7917878227030295,1
0.8886823285319213,1
0.9347739125281518,1
0.9313402385436206,1
0.8676457768306877,1
0.9313402385436206,1
0.9313402385436206,1
0.8676457768306877,1
0.944302176696535,1
0.8796200268657914,1
0.9999999999999921,1
0.9313402385436206,1
0.8676457768306877,1
0.9064750625795795,1
0.8735955056179795,1
0.9321903294162962,1
0.8735955056179795,1
0.8735955056179795,1
0.9321903294162962,1
0.8796200268657914,1
0.9449988214033145,1
0.9347739125281518,1
0.8735955056179795,1
0.9321903294162962,1
0.8602478094194962,1
0.9374698795182899,1
0.9917695473248759,1
0.8927993794991324,1
0.8870932516803024,1
0.8321960396041771,1
0.8788610871438636,1
0.7861186713645708,1
0.9324074074075386,1
0.8645367589812074,1
0.8402800000002167,1
0.8944531518789395,1
0.8352042160739119,1
0.7694141572402519,1
0.892316002185143,1
0.8788610871438636,1
0.827117494358262,1
0.8870232259895858,1
0.7855811690340043,1
0.7923007509791301,1
0.7598555781939376,1
0.7917878227030295,1
0.8886823285319213,1
0.9356554613754595,1
0.9313358302122269,1
0.9313358302122269,1
0.867653149682144,1
0.9313402385436206,1
0.8735955056179795,1
0.9313402385436206,1
0.9999999999999922,1
0.9356554613754595,1
0.867653149682144,1
0.867653149682144,1
0.9321839080459756,1
0.8676457768306877,1
0.9321903294162962,1
0.8676457768306877,1
0.9356554613754595,1
0.9999999999999988,1
0.8945548967174004,1
0.8945548967174004,1
0.9380675318530027,1
0.9918367346936524,1
0.8956547134389677,1
0.9330448792912088,1
0.8678553036547968,1
0.8951521468744696,1
1.0,1
1.0,1
1.0,1
1.0,1
1.0,1
1.0,1
0.9313358302122269,1
0.867653149682144,1
0.9313402385436206,1
0.8735955056179795,1
0.9313402385436206,1
0.9313358302122269,1
0.867653149682144,1
0.8971049877920971,1
0.9356554613754595,1
0.9313402385436206,1
0.8735955056179795,1
0.9313402385436206,1
0.9313358302122269,1
0.867653149682144,1
0.8676457768306877,1
0.9321903294162962,1
0.8676457768306877,1
0.867653149682144,1
0.9321839080459756,1
0.9347739125281518,1
0.944302176696535,1
0.9313402385436206,1
0.8676457768306877,1
0.8796200268657914,1
0.8735955056179795,1
0.9321903294162962,1
0.9313402385436206,1
0.8676457768306877,1
0.9356554613754595,1
1.0,1
0,0
0.03330485432719692,0
0.19461515949663447,0
0.126065737243982,0
0.02158273381294964,0
0.058823529411764705,0
0.0,0
0.008,0
0.027472527472527472,0
0.0011768327792821864,0
0.06818181818181818,0
0.06254693894852041,0
0,0
0.07952838528375647,0
0.4,0
0.1450936561292814,0
0.014234875444839855,0
0.17647058823529413,0
0.147563789158409,0
0.0,0
0.02142857142857143,0
0.0,0
0.03445887445883459,0
0.0,0
0.01817068637523862,0
0.0,0
0.0,0
0,0
0.1644101160083534,0
0.4676593284340374,0
0.022222222222222223,0
0.07479224376731301,0
0.46210169970439924,0
0.14096109839816934,0
0.42491272420849885,0
0.001525796607746168,0
0.017094017094017096,0
0,0
0.016241204385488837,0
0.0020347259902284594,0
0.0,0
0.06666666666666667,0
0.0945945945945946,0
0.018912529550827423,0
0.027067391596084494,0
0.044444444444444446,0
0.01694915254237288,0
0.013140604467805518,0
0.010752688172043012,0
0,0
0.02965112844145102,0
0.053317168529679625,0
0.6342454255497734,0
0.036101083032490974,0
0.008274231678486997,0
0,0
0.010525154457193292,0
0,0
0,0
0.12222222222222222,0
0.024870397699322665,0
0.027124773960216998,0
0.034482758620689655,0
0.039603960396039604,0
0,0
0,0
0.8604651162790697,0
0.07913669064748201,0
0.0010064412233834596,0
0.04542883313613608,0
0.2804878048780488,0
0.04542883313613595,0
0,0
0,0
0.19290441176470585,0
0.013513513513513514,0
0.027027027027027032,0
0.01520407623208349,0
0.05909090909090909,0
0.02760274935690356,0
0,0
0.02158273381294964,0
0.11953666109386195,0
0.07733360950013783,0
0.4188034188034188,0
0.026173312650178093,0
0.0914826498422713,0
0.5672226250845753,0
0.6041334852625582,0
0.22682232551435882,0
0.0,0
0.06262957715737856,0
0.3986218168006365,0
0.0,0
0.06606827038745504,0
0.4659090909090909,0
0.06756756756756757,0
0.10194902548725637,0
0.0,0
0.009210694476372095,0
0,0
0.07346938775510205,0
0.016713091922005572,0
0.9437491113128487,0
0.037037037037037035,0
0.08324805339304404,0
0,0
0.050505050505050504,0
0.014230626622172785,0
0.002001621564762009,0
0.03333333333333333,0
0.03389830508474576,0
0.2634730538922156,0
0.8123115036622145,0
0.023076536761738653,0
0.013636363636363636,0
0,0
0.06963788300835655,0
0.04631556289014249,0
0.02183478621833901,0
0.027335611300941746,0
0.018433179723502304,0
0.003942181340341655,0
0.09722222222222222,0
0.6204307497716163,0
0.09547738693467338,0
0.6041520165121881,0
0.7159090909090909,0
0.009292112610888442,0
0.011181152274968305,0
0.005055611729019211,0
0.01812441410980378,0
0.6758034379655544,0
0,0
0.016866209560232874,0
0.00709212482971347,0
0.01904761904761905,0
0.03389830508474576,0
0.524390243902439,0
0.42051949306827713,0
0.09375,0
0.07777777777777778,0
0.027777777777777773,0
0.04011339963575504,0
0.0,0
0.39325842696629215,0
0,0
0.017964071856287425,0
0.17073170731707318,0
0.0018390804192324902,0
0.2653061224489796,0
0.031694828469018534,0
0.0871559633027523,0
0.24184617462353974,0
0.0018315018314991537,0
0.0039280617749867,0
0.015151515151515152,0
0.8034499129609115,0
0.715909090909091,0
0.06666666666666667,0
0.022527289019220822,0
0.07687771178229916,0
0,0
0,0
0.01875,0
0.022954444743385316,0
0.028469750889679714,0
0.0,0
0.03204129204124294,0
0.0,0
0.04395604395604396,0
0.7241379310344828,0
0.016643895914832965,0
0.06622710622708397,0
0.022284122562674095,0
0.06666666666666667,0
0.031818181818181815,0
0.05,0
0.8273258904837851,0
0.06953551912570105,0
0.038751916951749274,0
0.013927576601671309,0
0.01904761904761905,0
0.28647165235624794,0
0.0,0
0.1005198742616611,0
0.08453353886563984,0
0.4308049561557937,0
0.03322339036623041,0
0.01111111111111111,0
0.027506963788300837,0
0.715909090909091,0
0.04597701149425287,0
0.0,0
0.031818181818181815,0
0.22448979591836735,0
0.0,0
0.10810810810810813,0
0.10599961663791452,0
0,0
0.04424778761061947,0
0.03571428571428571,0
0,0
0.02527075812274368,0
0.018237509436713154,0
0.013140604467805518,0
0,0
0.2514659782408235,0
0.02527805864509606,0
0.0,0
0.031746031746031744,0
0.07570977917981073,0
0.1934734513274336,0
0.03743608167392166,0
0.11987381703470032,0
0.08333333333333333,0
0.028037383177570093,0
0.6153846153846154,0
0,0
0.02702702702702703,0
0.025974025974025976,0
0.05531914893617021,0
0.6473503450311007,0
0.04790419161676647,0
0.26174342668460315,0
0.6334104765964848,0
0.5868440740177834,0
0.1306532663316583,0
0.0,0
0.02,0
0.0,0
0,0
0.02727272727272727,0
0,0
0,0
0.05555555555555556,0
0.1948001925854598,0
0.06818181818181818,0
0.0008025682112992535,0
0.1260891433304911,0
0.0794392523364486,0
0.86989827184704,0
0.0,0
0,0
0.12591384752620133,0
0.5,0
0,0
0,0
0.11458333333333333,0
0.03976756511204714,0
0.18563058896083875,0
0.01117951371960519,0
0.018195244782334995,0
0.0,0
0.0,0
0.055710306406685235,0
0.0,0
0.1348314606741573,0
0.4504405071203859,0
0.013038287148987143,0
0.0,0
0.14457831325301204,0
0.048715360655199366,0
0.27102803738317754,0
0,0
0.036653061224489795,0
0.006349864335242689,0
0.04348025711661807,0
0.0,0
0.01904761904761905,0
0.010380622837370242,0
0.02363675213674889,0
0.025974025974025976,0
0,0
0.02422145328719723,0
0.07042253521126761,0
0,0
0.02247191011235955,0
0.0,0
0.0,0
0.29292929292929293,0
0.8170807133285228,0
0.05805099086225699,0
0.0,0
0.14857286695095878,0
0.17409240924092173,0
0.015544041450777204,0
0.51875,0
0.14285714285714285,0
0.011111111111111112,0
0.08540925266903916,0
0.09195402298850575,0
0,0
0.024390243902439025,0
0.05084745762711865,0
0.26407402155416654,0
0.0,0
0,0
0.05154639175257731,0
0.0546875,0
0.08055861469041423,0
0.07029525386297646,0
0.10294117647058824,0
0.14772454016430323,0
0.6061931266012814,0
0.033707865168539325,0
0.04478769935917336,0
0.023246818543685422,0
0,0
0.07865168539325842,0
0.07554543729280931,0
0.0353356890459364,0
0.03108018187867074,0
0.014713844939235752,0
0.0,0
0.028037383177570093,0
0,0
0.5809829377467142,0
0.017579570688378978,0
0.022333339793607847,0
0,0
0.0,0
0.04693140794223827,0
0.018050541516245487,0
0.16161616161616163,0
0.03825136612021858,0
0.031476997578692496,0
0.0012162162162023013,0
0.02097902097902098,0
0.022284122562674095,0
0.045454545454545456,0
0.06185567010309278,0
0.009523809523809525,0
0,0
0.06354515050167224,0
0,0
0.01384083044982699,0
0.2611209500989662,0
0.1111111111111111,0
0.07142857142857142,0
0.041354580255036445,0
0.027472527472527472,0
0.05319148936170213,0
0.007201158959453706,0
0.38473252714285583,0
0.8513486312399356,0
0,0
0,0
0.005988023952095809,0
0.18840579710144928,0
0.18539054966248572,0
0.038461538461538464,0
0.14285714285714285,0
0.01639344262295082,0
0.041379310344827586,0
0.778169014084507,0
0.46210169970439924,0
0.4407658257338077,0
0.021712823725238216,0
0.7921381056177256,0
0.02702702702702703,0
0.22318501170960187,0
0.14785093669716826,0
0.015151515151515152,0
0.3559322033898305,0
0.02185792349726776,0
0.05635538752362712,0
0.0,0
0.12857142857142856,0
0.023163631618836156,0
0.0,0
0.08163265306122448,0
0,0
0.0,0
0.1590909090909091,0
0.20588235294117646,0
0.2700597058395198,0
0.09090909090909091,0
0.01680672268907563,0
0.0221606648199446,0
0,0
0,0
0.03180212014134275,0
0.24050632911392408,0
0.04905660377358491,0
0.02531645569620253,0
0.03980153873052356,0
0.06666666666666667,0
0.19631297495074587,0
0.0349135820365921,0
0,0
0.031141868512110725,0
0.0,0
0.384507506050134,0
0.5180722891566265,0
0,0
0.4188034188034188,0
0.09090909090909091,0
0.7045454545454546,0
0.04895104895104895,0
0.45959105698560965,0
0.10232558139534884,0
0.2155688622754491,0
0,0
0,0
0.039993348436533925,0
0.020597890430843358,0
0,0
0.05016722408026756,0
0,0
0.0015386937941016107,0
0,0
0.03210209365946761,0
0.029556650246305414,0
0.01276595744680851,0
0.07865168539325842,0
0.14772727272727273,0
0.0,0
0.2640489149643009,0
0.03463203463190165,0
0.033783783783783786,0
0.38404320800580316,0
0.06666666666666667,0
0,0
0.033783783783783786,0
0.01719298245614035,0
0.01639344262295082,0
0.05502846299810247,0
0.06766285275905518,0
0.036036036036036036,0
0.007766572831775764,0
0.0018461538054603073,0
0.10232558139534884,0
0.0,0
0.05084745762711865,0
0.016483516483516484,0
0.08791208791208792,0
0.45,0
0,0
0.39631701139721404,0
0.007252469743439026,0
0.06944444444444445,0
0.5609756097560976,0
0.00023909145247963954,0
0.019498607242339833,0
0.18735398820780721,0
0,0
0.0,0
0.06666666666666667,0
0.058823529411764705,0
0,0
0.0,0
0.056790890213832504,0
0.022900763358778626,0
0.0425531914893617,0
0.0,0
0.046875,0
0.08181178321533557,0
0.4302439024390244,0
0,0
0.040085572350196295,0
0.0,0
0.02556052916880059,0
0.04309165526675787,0
0.036054124836316016,0
0.45323741007194246,0
0.07795069350790543,0
0.009448818897637795,0
0.07339449541284404,0
0.74050931488348,0
0.03278688524590164,0
0.0017647058823491255,0
0.008601152576029008,0
0.4324923188441611,0
0.041379310344827586,0
0.08875739644970414,0
0.24183050847457627,0
0.06666666666666667,0
0.0011497189575788837,0
0.46875,0
0.03421550012977576,0
0.017964071856287425,0
0.0,0
0.014058956910665985,0
0.034482758620689655,0
0.3085461019773877,0
0.05882352941176471,0
0.022222222222222223,0
0.0024916943521531227,0
0.03296703296703297,0
0.0,0
0.14598963593235084,0
0.029687958076807346,0
0.0,0
0.19327731092436976,0
0.0,0
0.0,0
0.08070014431971174,0
0.6058449695667656,0
0.2889908256880734,0
0.029585798816568042,0
0.07538417757535117,0
0.18380893632998752,0
0.0,0
0.07142857142857142,0
0,0
0.06747619047609298,0
0.0,0
0.0030303030302986,0
0.8639426523297491,0
0.018912529550827423,0
0.088,0
0.2840909090909091,0
0.0416578962138449,0
0.12455516014234876,0
0.02092868039663819,0
0.025974025974025976,0
0.020191531094957884,0
0,0
0.8088938924852238,0
0.011494252873563218,0
0.21429402863461763,0
0.029585798816568042,0
0.3697478991596639,0
0.03409090909090909,0
0.2577534867135956,0
0.009852216748768473,0
0.033426183844011144,0
0.02427547583999494,0
0.0,0
0.04878048780487805,0
0.6999999999999998,0
0.04171081536050452,0
0.07218844984802432,0
0.015151515151515154,0
0.648716910513444,0
0.0,0
0.04807692307692308,0
0,0
0.05109395109394889,0
0.1586099402880225,0
0.011235955056179775,0
0.00554016620498615,0
0,0
0.6379828674115919,0
0.05653710247349823,0
0.12400252903397557,0
0.017320866506190465,0
0.015543533393945654,0
0,0
0.0125,0
0.0,0
0.2056950168602473,0
0.01639344262295082,0
0.05694348642101858,0
0.03409090909090909,0
0.02727272727272727,0
0.7888888888888888,0
0.00554016620498615,0
0.03622047244094488,0
0.010343477902600992,0
0.183206106870229,0
0.020300796596821668,0
0.0,0
0.03394673676991338,0
0.017263157894736845,0
0.7804878048780488,0
0.04054054054054054,0
0.1647857093401648,0
0.044972049494378497,0
0.08571428571428572,0
0.0,0
0.046875,0
0.0014852169107316422,0
0.03409090909090909,0
0.0,0
0.10588235294117647,0
0.05714285714285715,0
0.44444444444444436,0
0.0019999999999970757,0
0.041237113402061855,0
0.39325842696629215,0
0.12933753943217666,0
0.022629310344827586,0
0.017783468487693837,0
0.09722222222222222,0
0.17950112080888986,0
0.6119617473221093,0
0.0,0
0.05073260073257829,0
0.6268215777064363,0
0.036986540697427184,0
0.013333333333333334,0
0.11235955056179775,0
0.01098901098901099,0
0.10541310541310542,0
0.029368939625988275,0
0.011904761904761904,0
0.007536550653383361,0
0.01694915254237288,0
0.045454545454545456,0
0.3833277037152614,0
0.0,0
0.16455696202531644,0
0.1774193548387097,0
0.029795502914777457,0
0,0
0.07272727272727272,0
0.06595892722459487,0
0,0
0.5057471264367817,0
0.037383177570093455,0
0.0272005222500272,0
0.019078332271920434,0
0.027753904586928304,0
0.0010497021775095817,0
0.08423394787069956,0
0.2649269799661467,0
0.09411764705882351,0
0.4970059880239521,0
0.022983003246695312,0
0.2446043165467626,0
0.13793103448275862,0
0.02810512532706865,0
0.03406612428596157,0
0.803921568627451,0
0.03333333333333333,0
0.10625,0
0,0
0.046737712587998324,0
0.0,0
0.0,0
0.04060913705583756,0
0.005055611729019211,0
0.09964412811387902,0
0.0,0
0.006122448979591837,0
0.0,0
0.033707865168539325,0
0.1922273457747447,0
0.7403846153846154,0
0.018691588785046728,0
0.050735304705349454,0
0,0
0.023148148148148147,0
0.12,0
0.10280373831775699,0
0.05927925461802383,0
0.0,0
0.023169550260567683,0
0.09418282548476455,0
0.02185792349726776,0
0,0
0.03614457831325301,0
0.0392156862745098,0
0.04028083516776112,0
0.5025079611777177,0
0.14634146341463414,0
0.027632166166617532,0
0.42586454742859664,0
0.05172413793103448,0
0.041379310344827586,0
0.07920792079207921,0
0.0,0
0,0
0.08695652173913042,0
0.007797598458249188,0
0.0847457627118644,0
0.0,0
0.005571030640668524,0
0.04494382022471911,0
0.20873269435569752,0
0.08633093525179857,0
0.09411764705882353,0
0.04635491063586277,0
0.07103825136612021,0
0.21536699124457903,0
0.032407407407407406,0
0.03896103896103896,0
0.041379310344827586,0
0.06818181818181818,0
0.0017942583732025133,0
0.0975609756097561,0
0,0
0.0,0
0.47939600894683637,0
0.053191489361702135,0
0.3143272864700904,0
0.01195219123505976,0
0.04884370517627519,0
0.0,0
0.0,0
0.0,0
0.014705882352941175,0
0.041453841027731406,0
0.05841094519704434,0
0.02072538860103627,0
0.2155688622754491,0
0.8088938924852238,0
0,0
0.038162942902276474,0
0.027355738646061226,0
0.05070600587080737,0
0.049742286751356446,0
0.0046816479400749065,0
0.2727272727272727,0
0.0,0
0.20806297518455644,0
0.7804878048780488,0
0.0,0
0.0,0
0.42789995332619496,0
0.031818181818181815,0
0.017032203149382894,0
0.17127993991153645,0
0.058823529411764705,0
0.02439024390243903,0
0.5365853658536586,0
0.05660377358490566,0
0.010584048486083169,0
0.0008975765439322188,0
0.17799647284892092,0
0.04901960784313725,0
0.715909090909091,0
0.003519296691999274,0
0,0
0.1598173515981735,0
0.014836291367404183,0
0.03550295857988166,0
0.023315471106098554,0
0.04414009735716217,0
0.03296703296703297,0
0.6870444381173995,0
0.6406757651437497,0
0.011581990621584458,0
0.043478260869565216,0
0.011976047904191617,0
0,0
0.022222222222222223,0
0.0,0
0.021739130434782608,0
0.06305807468597116,0
0.32575757575757575,0
0.07680044361264214,0
0.12745098039215685,0
0.04283887468030691,0
0.019498607242339833,0
0.09547738693467338,0
0.022154504577713795,0
0.016483516483516484,0
0.03409090909090909,0
0.12359550561797752,0
0,0
0.7533275852882658,0
0.281643257512142,0
0.010380622837370242,0
0.20192307692307693,0
0.4578313253012048,0
0,0
0.05054151624548736,0
0.46875,0
0.012807827617070546,0
0.125,0
0.628767754824263,0
0.011826544021024968,0
0.060240963855421686,0
0.013384910352683712,0
0.06806533698900616,0
0.06493506493506493,0
0.05040551624915859,0
0.16161797349716364,0
0.028846153846153848,0
0.3747276688452991,0
0.8823587127158555,0
0.01092896174863388,0
0.0786516853926202,0
0.013793103448275862,0
0,0
0.049019607843137254,0
0.49280880111933323,0
0.01639344262295082,0
0.03445829532786055,0
0.22062643239113827,0
0.0,0
0,0
0.39568345323741,0
0.4793284449252715,0
0.0,0
0.4578313253012048,0
0.001041868579169958,0
0.45,0
0.6251173084195839,0
0.22727272727272727,0
0.3697478991596639,0
0,0
0.07687542239243073,0
0.03750175438596491,0
0.01904761904761905,0
0.6923076923076923,0
0,0
0.03125,0
0.1900277507988697,0
0.47939600894683637,0
0.6244585537918784,0
0.010830324909747292,0
0.05596554269112245,0
0.8034767860928556,0
0.0779816513761468,0
0.45121951219512196,0
0.17567567567567569,0
0.41836734693877553,0
0.01680672268907563,0
0.03678929765886288,0
0.00851063829787234,0
0,0
0,0
0.009523809523809525,0
0.06370118717431358,0
0.45323741007194246,0
0.28919342056940617,0
0.1518987341772152,0
0.18539054966248572,0
0.4285113736640847,0
0.06504065040650407,0
0,0
0.41573033707865176,0
0,0
0.2711864406779661,0
0.20408163265306126,0
0.0,0
0.0,0
0.017938311688299815,0
0.07886435331230283,0
0.050632911392405056,0
0.09345794392523364,0
0,0
0.0,0
0.5402526012694109,0
0.005571030640668524,0
0,0
0.2267959770114943,0
0.013888888888888888,0
0.14285714285714285,0
0.5996281881237511,0
0.044700212068633116,0
0.011481426591228085,0
0.4000000000000001,0
0.0,0
0.04225352112676056,0
0.004044489383215369,0
0.29292929292929293,0
0.022988505747126436,0
0.06741573033707865,0
0.006570302233902759,0
0.2891972687829211,0
0.028268551236749116,0
0,0
0.1307471264367816,0
0.8802843247287692,0
0.039603960396039604,0
0.02069411623551328,0
0.391289025209429,0
0.02877697841726619,0
0.45796633110065504,0
0.034482758620689655,0
0.04913195218540999,0
0.06666666666666667,0
0.009512451951476342,0
0.22448979591836735,0
0.037081309290533944,0
0.0006600542273089662,0
0.26262626262626265,0
0.014855365145169042,0
0.02158273381294964,0
0.0,0
0,0
0.04225352112676056,0
0,0
0.0,0
0.3551798962614869,0
0.0718562874251497,0
0.023952095808383235,0
0.0,0
0.03146853146853147,0
0.14942528735632185,0
0.07712349825136064,0
0.047244094488188976,0
0.09090909090909091,0
0.0546875,0
0.20492665717645606,0
0.0553191489361702,0
0,0
0,0
0.15853658536585366,0
0,0
0.11672060006359777,0
0,0
0.033707865168539325,0
0.0,0
0.3854321354321354,0
0,0
0.01719037302699849,0
0.007150541834710907,0
0.5961996336996337,0
0.27054839965138355,0
0.13218889626391755,0
0,0
0.027855153203342618,0
0.005927813901361298,0
0.0,0
0,0
0.034482758620689655,0
0.07142857142857142,0
0.5851851162559779,0
0.039724646557419016,0
0.08333333332449397,0
0.08196721311475409,0
0.13636363636363635,0
0.018412697294167203,0
0.01810141478036965,0
0.0,0
0.009608002580305185,0
0.018050541516245487,0
0.015306122448979593,0
0.001864898466635683,0
0.031818181818181815,0
0.2222222222222222,0
0.03225806451612903,0
0.03333333333333333,0
0.035836074573409225,0
0.0,0
0.17241379310344832,0
0.019230769230769232,0
0.04580690627202255,0
0,0
0.21348314606741575,0
0.047619047619047616,0
0.0003824823100968496,0
0.6547644615496316,0
0.0,0
0,0
0.03409090909090909,0
0.03298306066168614,0
0.07865168539325842,0
0.006385788750902333,0
0.586334486962795,0
0.017857142857142856,0
0.01730103806228374,0
0.05403636704269284,0
0.08092700421467544,0
0.20512820512820512,0
0.12389380530973451,0
0.19607843137254902,0
0.024096385542168676,0
0.057692307692307696,0
0.01020408163265306,0
0.19967714087311597,0
0.0,0
0,0
0.01092896174863388,0
0.0011140819960658089,0
0.041837466693976554,0
0.2292877906976744,0
0,0
0.01195219123505976,0
0.6715037593984877,0
0.20773503728044912,0
0,0
0.08247422680412371,0
0.03317535545023697,0
0.03508771929824561,0
0.0,0
0.09333333333333334,0
0.08,0
0.05512863277355223,0
0.03610108303249097,0
0,0
0.04,0
0.03361344537815126,0
0.28776978417266186,0
0.023345492443868805,0
0.01639344262295082,0
0,0
0.1212121212121212,0
0.08326013513453473,0
0.052899823722592484,0
0.045454545454545456,0
0.05,0
0.01282051282051282,0
0.0,0
0.02356752738868207,0
0,0
0.02331759149931806,0
0.42205710955710957,0
0,0
0.05512431918850459,0
0.04225352112676056,0
0.07784431137724551,0
0.7073170731707317,0
0.0,0
0.0179188711389778,0
0.18727764141316408,0
0.03987765466371945,0
0.07679516250941992,0
0,0
0,0
0.12420580825703852,0
0.02702702702702703,0
0.16475247524752476,0
0.03361344537815126,0
0.011445014933380373,0
0.04240282685512368,0
0.0,0
0.013038852890906014,0
0.04183795820484651,0
0.0,0
0.0,0
0,0
0.610235029575002,0
0.0019999999999970757,0
0.3983739837398374,0
0.1,0
0.0362303060068727,0
0.015625,0
0.05976095617529881,0
0.013793103448275862,0
0,0
0.04181360201511335,0
0.030303030303030307,0
0.21186508894791917,0
0.032520325203252036,0
0,0
0.0,0
0.005055611729019211,0
0.12389380530973451,0
0.01775147928994083,0
0.0,0
0.05303392753777274,0
0.04878048780487805,0
0.01848435655253837,0
0.078125,0
0.01788786367663209,0
0.03333333333333333,0
0.010830324909747292,0
0.03452073159053912,0
0.030679117147707297,0
0.0,0
0.0,0
0.0379746835443038,0
0.7864992150706436,0
0.03278688524590164,0
0,0
0.3863636363636363,0
0.01775147928994083,0
0.023952095808383235,0
0.057692307692307696,0
0.0,0
0.10112359550561797,0
0.043015753310043175,0
0.768337020364145,0
0.0,0
0,0
0.104,0
0.6999644590071754,0
0,0
0.40575828590559093,0
0.03571428571428571,0
0.0,0
0,0
0.02537771242374078,0
0.05263157894736842,0
0.3137254901960784,0
0.13636363636363635,0
0.03662240481255961,0
0.039603960396039604,0
0.22094694998974307,0
0.0,0
0.04935122506653519,0
0.01275525858206099,0
0.05172413793103449,0
0,0
0,0
0.10541310541310542,0
0.05343511450381679,0
0.02281187509575681,0
0.5080373448239072,0
0.6227337941828617,0
0.3538272832916473,0
0.14754098360655737,0
0.18496095463718523,0
0.0008845208851113866,0
0.6923076923076923,0
0.16803081367356765,0
0.018032378580323784,0
0.015384615384615384,0
0.05070600587080737,0
0.0,0
0.01182033096926714,0
0.041879555827981495,0
0.022222222222222223,0
0.013513513513513514,0
0.01875,0
0.02180094786729858,0
0.6268254753657928,0
0.0559350010967472,0
0.0,0
0.021739130434782608,0
0.04526136846578432,0
0.06552706552706553,0
0.0898876404494382,0
0.031040241894625932,0
0.48768354807802433,0
0.0945945945945946,0
0,0
0.0101010101010101,0
0.3593604263824118,0
0.0975609756097561,0
0.008567917657801878,0
0.35120118190795624,0
0.3124746313083129,0
0.06153846153846154,0
0.043015753310043175,0
0.02702702702702703,0
0.03275178155255239,0
0.14285714285714285,0
0.0,0
0.035707245295026974,0
0.04827586206896552,0
0.08201892744479496,0
0.0,0
0.2559010421079386,0
0.0,0
0.42675456097899905,0
0.030612244897959183,0
0.43668495276777103,0
0.43,0
0.01487026971592657,0
0.024848183254267825,0
0.03496503496503497,0
0.02727272727272727,0
0.027027027027027025,0
0.08080808080808081,0
0.48263649776754264,0
0.38193663974910413,0
0.0,0
0.0,0
0,0
0.01680672268907563,0
0,0
0.061855670103092786,0
0.16326530612244897,0
0.09543288507803342,0
0,0
0.0008910008915957191,0
0.0425531914893617,0
0.030612244897959183,0
0,0
0.14457831325301204,0
0.26548672566371684,0
0.09195402298850575,0
0.015228426395939087,0
0.14772727272727273,0
0.0,0
0.00044563279919609163,0
0.03789695448771571,0
0.0,0
0.03125,0
0.053571428570408,0
0.01020408163265306,0
0.03779527559055118,0
0.0,0
0.03826985443218797,0
0.029556650246305417,0
0.03333333333333333,0
0.599509812843134,0
0.22062643239113827,0
0.01680672268907563,0
0.015151515151515152,0
0,0
0,0
0.01639344262295082,0
0.03125,0
0.22068435217224144,0
0.04310689310714201,0
0.04905660377358491,0
0.0,0
0.010752688172043012,0
0.05232369379188794,0
0.03409090909090909,0
0.06153846153846154,0
0.01092896174863388,0
0.023623300636720187,0
0.046875,0
0.031818181818181815,0
0.0,0
0.0,0
0.2292358803986711,0
0.029894100722842862,0
0.7078651685393258,0
0.46372606499926067,0
0.02058783945941299,0
0.01730103806228374,0
0.06033455130633245,0
0.14705882352941177,0
0,0
0.0,0
0.0,0
0.09722222222222222,0
0.07170065882241082,0
0.0,0
0.05621167599103975,0
0.0,0
0.007051386518219731,0
0.2206896551724138,0
0.04225352112676056,0
0.0012938470393916558,0
0.36486486486486486,0
0.04975920192638207,0
0.08163265306122448,0
0.3772455089820359,0
0.02155673273607856,0
0.034482758620689655,0
0.19427943892577246,0
0.4176774899799715,0
0.0,0
0.1499248600161149,0
0.016713091922005572,0
0,0
0,0
0.09036018719705832,0
0.0,0
0.9006774475524476,0
0.0898876404494382,0
0.011250697830369054,0
0.0,0
0.03361344537815126,0
0.0,0
0.027777777777777776,0
0.4568061218572356,0
0.08251297589055488,0
0.014301637222326797,0
0.06639408099688472,0
0.09580838323353294,0
0.26171642591707545,0
0.0425531914893617,0
0.8730434782608696,0
0,0
0.037383177570093455,0
0.6343102729657352,0
0.0,0
0.16279069767441862,0
0.44288722243993817,0
0.025840053763440857,0
0.04424778761061947,0
0.1282051282051282,0
0.020260492040520984,0
0.01020408163265306,0
0.09090909090909091,0
0.17346938775510204,0
0.7287766830870301,0
0.07339449541284404,0
0.3908045977011494,0
0.10943396226415096,0
0.0,0
0.026708066000796848,0
0.19343565088757395,0
0.1744818766818279,0
0.18366135500210834,0
0.06731245576786948,0
0.6008643856745006,0
0.3964467209808206,0
0.030612244897959183,0
0.034278959810874705,0
0.606741573033708,0
0,0
0.5775887596711404,0
0.14606741573033707,0
0.09523809523809525,0
0.0182648401826484,0
0.0,0
0.7327795816661983,0
0,0
0.01502071834834277,0
0.02142857142857143,0
0.6136363636363636,0
0,0
0.09345794392523364,0
0.21465854719443236,0
0.9242424242424241,0
0.015151515151515152,0
0.3712574850299401,0
0.0,0
0,0
0.02654867256637168,0
0.27594291313126784,0
0.6227337941828617,0
0.029342640895918808,0
0,0
0.0,0
0.07142857142857142,0
0.009523809523809525,0
0.9397590361445783,0
0.6681197675038575,0
0.0,0
0.0,0
0.0,0
0.0,0
0.03317535545023697,0
0.04285714285714286,0
0.0,0
0.023668639053254437,0
0.5397555231565776,0
0.36200718819993094,0
0.51875,0
0.020202020202020204,0
0.27212532798270006,0
0,0
0.015151515151515152,0
0.028037383177570093,0
