0.8955711249594621,1
0.8613361567160622,1
0.8117844453218804,1
0.8117844453218804,1
0.8613367557036803,1
0.8613373634038458,1
0.8293977464433726,1
0.7808564952355672,1
0.8536869050393778,1
0.8613361567160622,1
0.8117844453218804,1
0.8117844453218804,1
0.8613367557036803,1
0.8613373634038458,1
0.8293977464433726,1
0.7808564952355672,1
0.8536869050393778,1
0.7796571415825876,1
0.7796571415825876,1
0.8918692760831812,1
0.8918986217675335,1
0.843675376823178,1
0.780433566120499,1
0.8760936863048464,1
0.8461819452385447,1
0.7797800869107938,1
0.7799066315243036,1
0.7638910639557731,1
0.7793535956720384,1
0.7795376574841614,1
0.7797800869107938,1
0.7799066315243036,1
0.7638910639557731,1
0.7793535956720384,1
0.7795376574841614,1
0.9082267235252175,1
0.8437160086711252,1
0.7805601167670009,1
0.8761258609418474,1
0.8437572336846509,1
0.7806115887712985,1
0.876158508735189,1
0.7646058122075383,1
0.8436353254303696,1
0.7803104876748148,1
0.8687200989087781,1
0.8386357698975835,1
0.8389164558194305,1
0.8560506873655488,1
0.6235971693978054,1
0.7395726474099639,1
0.7658853822366412,1
0.7735513291059334,1
0.781525962342612,1
0.7585110700366162,1
0.781525962342612,1
0.7430202854077776,1
0.7158941061804481,1
0.7398830867213029,1
0.6759285729402092,1
0.6905702527915236,1
0.7058838022109957,1
0.6619138052150524,1
0.7058838022109957,1
0.6676264903328125,1
0.7032488827371219,1
0.5696242730333312,1
0.5819228997606355,1
0.594774860253046,1
0.5578428428428088,1
0.594774860253046,1
0.5615219175922971,1
0.6772803030302778,1
0.6919098391320357,1
0.7072065618700052,1
0.6631605674500075,1
0.7072065618700052,1
0.6685744704469286,1
0.8697734222963348,1
0.8698442760942526,1
0.8513184731268826,1
0.8698442760942526,1
0.8425885473552587,1
0.8890514747902433,1
0.8513949555607142,1
0.8890514747902433,1
0.8517512157245739,1
0.8514728413419554,1
0.9091553920360269,1
0.861395349617536,1
0.8514728413419554,1
0.8338698473734101,1
0.865124622721997,1
0.7537275620579605,1
0.9478672985781991,1
0.9803921568627451,1
0.705403774412991,1
0.7054091697996181,1
0.7979622339953237,1
0.8402554049787418,1
0.6933943138326074,1
0.35209619629092137,1
0.893641762155428,1
0.8156403920982931,1
0.7861211775650054,1
0.7070481049969534,1
0.785633773863063,1
0.6719719128175257,1
0.8289473684210527,1
0.9220779220779222,1
0.7532467532467533,1
0.7532467532467533,1
0.9220779220779222,1
0.8311688311688312,1
0.5102832616518355,1
0.595623512538387,1
0.6010577399313835,1
0.9408628102706877,1
0.7,1
0.6989247311827957,1
0.6444444444444445,1
0.6236559139784946,1
0.7303370786516853,1
0.6881720430107527,1
0.9496213759128019,1
0.9996678599107035,1
0.9478672985781991,1
0.7822146501413137,1
0.699304819135148,1
0.699304819135148,1
0.6300490883590463,1
0.7469163489571654,1
0.7469163489571654,1
0.6995835072861375,1
0.66213282247765,1
0.6456828885400314,1
0.6151697238034999,1
0.6187170003659366,1
0.6187170003659366,1
0.6899476006618864,1
0.5980575568204435,1
0.5980575568204435,1
0.6190636711546469,1
0.7071573526651651,1
0.6983640488795128,1
0.6818850936497995,1
0.8087583148558759,1
0.6345636565881282,1
0.6487449243263197,1
0.6487449243263197,1
0.8100799393161395,1
0.6663551847071115,1
0.6493580719635115,1
0.6196245543672014,1
0.6315828957239309,1
0.6472268907563026,1
0.6472268907563026,1
0.8090022172949002,1
0.6636819239189927,1
0.6472268907563026,1
0.6166892044173992,1
0.6309009109916367,1
0.6309009109916367,1
0.6348717861283503,1
0.8522438647939495,1
0.8515207535994168,1
0.831685799319728,1
0.7474161594462345,1
0.6490382819794585,1
0.6466227625802095,1
0.6463826232247285,1
0.6161646789299913,1
0.6490382819794585,1
0.6466227625802095,1
0.6463826232247285,1
0.6161646789299913,1
0.6668600430274281,1
0.6496586431182643,1
0.6199290060851927,1
0.872835051799299,1
0.8318876378676471,1
0.8313270026689691,1
0.85,1
1.0,1
0.6245668745668745,1
1.0,1
0.8913043478260869,1
0.7542857142857143,1
0.6685714285714286,1
0,1
0.7213114754098361,1
0.892068553592412,1
0.9831558874940409,1
0.8935346496322105,1
0.7465201465201465,1
1.0,1
0.8309859154929579,1
0.855072463768116,1
0.6363636363636364,1
0.9014084507042254,1
1.0,1
1.0,1
1.0,1
1.0,1
1.0,1
1.0,1
1.0,1
1.0,1
1.0,1
1.0,1
1.0,1
0.9189272482087893,1
1.0,1
1.0,1
0.9083904109589042,1
1.0,1
0.8118811881188119,1
0.9297415362213324,1
0.7600000000000001,1
0.7524752475247525,1
0.9405940594059405,1
0.81,1
1.0,1
1.0,1
0.6764705882352942,1
0.6692313640581503,1
0.7031973874079137,1
0.5682404608006673,1
0.660374234144726,1
0.8056818181818183,1
0.6117304372842347,1
0.7981616661674051,1
0.7663551401869159,1
0.6245668745668745,1
0.8771929824561403,1
0.8983050847457628,1
0.8833333333333333,1
0.7796610169491526,1
0.7796610169491526,1
0.7666666666666667,1
0.8983050847457628,1
0.9833333333333333,1
0.8813559322033898,1
0.8666666666666667,1
1.0,1
1.0,1
1.0,1
1.0,1
1.0,1
1.0,1
1.0,1
1.0,1
1.0,1
1.0,1
1.0,1
0.8438787656807984,1
0.8235294117647058,1
0.6551724137931034,1
0.7682119205298014,1
0.9999999999999938,1
0.6921841076857105,1
1.0000000000000306,1
0.6903014416775917,1
0.8615384615384616,1
0.65,1
0.6615384615384615,1
0.9100002488261655,1
1.0,1
1.0,1
0.9422870211549457,1
0.9328251864125932,1
0.9336446486405062,1
0.9364107393692477,1
0.9331708757938267,1
1.0,1
1.0,1
0.7805319999699074,1
0.5938656126482049,1
0.5807866153949749,1
0.8744281014861968,1
0.7628290474743399,1
0.8421538257495134,1
0.7307126891625754,1
0.8885442136821622,1
0.7153979396993034,1
0.6456460355926305,1
0.8790977443608986,1
0.7431139948028956,1
0.6363729061050664,1
0.7735761691620725,1
0.8287513616488312,1
0.6524530989147502,1
0.627142299255035,1
0.7393398534547239,1
0.8726476896650435,1
0.7187390428179727,1
0.7698637223630835,1
0.7428943937419173,1
1.0000000000000469,1
1.0000000000000469,1
0.7428943937419173,1
0.7142701525054466,1
0.7013463639924861,1
0.707379378002013,1
0.7337939054526446,1
0.74197939817764,1
0.8375970472190394,1
0.7428943937419173,1
0.7428943937419173,1
1.0000000000000202,1
0.7317073170731707,1
1.0,1
0.7804878048780488,1
0.9397590361445783,1
0.7317073170731707,1
0.55345671730048,1
0.5538440641587011,1
0.55345671730048,1
0.5538298995203649,1
0.5534428376629608,1
0.5534707266542377,1
0.55345671730048,1
0.5541546465967364,1
0.55417167853675,1
0.499379955855913,1
0.4987206751505216,1
0.7228915662650603,1
0.9502058252110986,1
0.9502107460217002,1
0.7356190791849166,1
0.9359344452589781,1
0.7263006429490824,1
0.9212202439503535,1
0.9359245990027463,1
0.9359344452589781,1
0.9064616365234892,1
0.9207704003970454,1
0.8460772199093356,1
0.6949865707528405,1
0.7864854058376847,1
0.9385746310048338,1
0.7348768353113246,1
0.7356405723833315,1
0.7356190791849166,1
0.7265610669376267,1
0.7270731188797854,1
0.6615562667003214,1
0.8804671893222059,1
0.7263006429490824,1
0.9212202439503535,1
0.9359245990027463,1
0.9359344452589781,1
0.9064616365234892,1
0.9207704003970454,1
0.8460772199093356,1
0.6949865707528405,1
0.7889938130902175,1
0.7263192717834195,1
0.7263006429490824,1
0.7180556944984158,1
0.7185666621740516,1
0.6534603538991495,1
0.8699014900084528,1
0.7317073170731707,1
0.9230769230769231,1
0.7831325301204818,1
1.0,1
0.921208639705814,1
0.9212202439503535,1
0.9064776686732867,1
0.9207845508429303,1
0.8330124579412299,1
0.6947514314022553,1
0.9294117647058824,1
0.9080459770114943,1
0.9294117647058824,1
0.9294117647058824,1
0.9294117647058824,1
0.9294117647058824,1
1.0,1
0.9294117647058824,1
0.9080459770114943,1
0.9294117647058824,1
0.9294117647058824,1
0.9294117647058824,1
0.9294117647058824,1
0.9502058252110986,1
1.0,1
0.9359245990027465,1
0.9064454064459125,1
0.9207560741692228,1
0.8595663265301765,1
0.6952434629833796,1
0.9064616365234892,1
0.9207704003970454,1
0.8444627400434923,1
0.6985012390043531,1
0.9166666666666665,1
1.0,1
0.9166666666666665,1
0.9340659340659342,1
1.0,1
0.9340659340659342,1
0.9279313103957518,1
0.9166666666666665,1
1.0,1
0.9340659340659342,1
1.0,1
0.9081149153876378,1
0.8172091621412754,1
0.6896807120242758,1
0.9080459770114941,1
0.9404761904761905,1
0.9404761904761905,1
0.9404761904761905,1
0.9404761904761905,1
0.9294117647058824,1
1.0,1
0.9080459770114941,1
0.9404761904761905,1
0.9404761904761905,1
0.9404761904761905,1
0.9404761904761905,1
0.9080459770114943,1
0.9080459770114943,1
0.9080459770114941,1
0.9080459770114943,1
0.9080459770114943,1
0.9080459770114941,1
1.0,1
0.9080459770114943,1
0.9080459770114943,1
0.9080459770114941,1
0.9080459770114943,1
0.9518072289156626,1
0.9404761904761905,1
0.9518072289156626,1
0.9294117647058824,1
0.9404761904761905,1
0.9080459770114943,1
1.0,1
0.9518072289156626,1
0.9404761904761905,1
0.9518072289156626,1
0.8298317397710526,1
0.6898133411086509,1
1.0000000000000469,1
0.7428943937419173,1
0.9404761904761905,1
0.9518072289156626,1
0.9294117647058824,1
0.9404761904761905,1
0.9080459770114943,1
0.9518072289156626,1
1.0,1
0.9404761904761905,1
0.9518072289156626,1
0.9404761904761905,1
0.9294117647058824,1
0.9404761904761905,1
0.9080459770114941,1
0.9404761904761905,1
0.9404761904761905,1
1.0,1
0.9404761904761905,1
0.9294117647058824,1
0.9404761904761905,1
0.9080459770114943,1
0.9518072289156626,1
0.9518072289156626,1
0.9404761904761905,1
1.0,1
1.0,1
0.5340909090909091,1
0.6977160770264157,1
0.6404040404040404,1
1.0,1
0.5340909090909091,1
0.7530864197530864,1
0.49382716049382713,1
0.5340909090909091,1
1.0,1
0.8163265306122448,1
1.0,1
0.8163265306122448,1
0.8842315368929424,1
0.7410424614850197,1
0.8695652173914816,1
0.797132660595798,1
0.8399288735673155,1
0.7646766169156012,1
0.9117674783976664,1
0.8163265306122448,1
1.0,1
0.6123468289451762,1
0.7538062327535876,1
0.7676427618624825,1
0.8142857142857143,1
0.8162740350367567,1
0.7611793611793535,1
0.85,1
0.7906976744186045,1
0.5876010781671159,1
0.7250909090909015,1
0.6977160770264157,1
0.7530864197530864,1
0.6404040404040404,1
0.49382716049382713,1
0.7757300569800877,1
0.8449147780483485,1
0.7058823529411765,1
0.7749372289432215,1
0.8642421223066963,1
0.8615366474397353,1
1.0,1
0.7994301994301994,1
0.9218106995576343,1
0.9999999999999996,1
0.9114966186415758,1
0.875,1
0.9999999999999982,1
1.0,1
0.7804878048780488,1
0.9397590361445783,1
0.7317073170731707,1
0.7228915662650603,1
0.9230769230769231,1
0.7831325301204818,1
0.9294117647058824,1
0.9080459770114943,1
0.9294117647058824,1
0.9294117647058824,1
0.9294117647058824,1
0.9294117647058824,1
0.9166666666666665,1
0.9340659340659342,1
0.9080459770114941,1
0.9404761904761905,1
0.9404761904761905,1
0.9404761904761905,1
0.9404761904761905,1
0.9080459770114943,1
0.9080459770114943,1
0.9080459770114941,1
0.9080459770114943,1
0.9518072289156626,1
0.9404761904761905,1
0.9518072289156626,1
0.9404761904761905,1
0.9518072289156626,1
0.9404761904761905,1
0.5340909090909091,1
0.8163265306122448,1
0.85,1
0.5987460815047022,1
0.9909266696210128,1
0.9042270174401419,1
0.9517224038219764,1
0.9403768921841211,1
0.951725009478074,1
0.9517224038219764,1
0.9403768921841211,1
0.9293002915451894,1
0.9042270174401419,1
0.9042941176470588,1
0.904159239453357,1
0.9042270174401419,1
0.9042941176470588,1
0.9043605501902253,1
0.9403768921841211,1
0.951725009478074,1
0.9517224038219764,1
0.9403768921841211,1
0.9293002915451894,1
0.9403800770090672,1
0.9403768921841211,1
0.9403737398573887,1
0.92929659173314,1
0.951725009478074,1
0.9403800770090672,1
0.9293040293040293,1
0.9403768921841211,1
0.9293002915451894,1
0.92929659173314,1
0.9999999999999947,1
0.9927884615385261,1
0.7597276264591439,1
0.6610169491525424,1
0.6892655367231638,1
1.0000000000000022,1
0.8712229922543844,1
0.7479840008244321,1
0.7481952464230837,1
0.8697208744633673,1
0.7464519856142385,1
0.7484061381765014,1
0.8583728246707109,1
0.8584853164699855,1
1.0000000000000966,1
0.6634779854290878,1
0.6673536461807198,1
0.6654021691121164,1
0.6673536461807198,1
0.6673536461807198,1
0.6569622047402347,1
0.8877419537543217,1
0.8853330806005291,1
0.8877419537543167,1
0.8877419537543167,1
0.8225769894061163,1
0.8874429663902003,1
0.906331921758296,1
0.906331921758296,1
0.8255947908839034,1
0.8874429663902003,1
0.8874429663902003,1
0.8240735221061665,1
0.906331921758291,1
0.8255947908839034,1
0.8255947908839034,1
0.6520179235968635,1
0.9531356031355653,1
0.40100768796415365,1
0.40267637767632103,1
0.39937215102772466,1
0.40100768796415365,1
0.40100768796415365,1
0.397768788588403,1
0.39937215102772466,1
0.39576938213296203,1
0.885998521207178,1
0.8617259440736084,1
0.8856104908735924,1
0.8856104908735924,1
0.8393395365808538,1
0.8617259440736084,1
0.8183039183038547,1
0.8621838687627565,1
0.885998521207178,1
0.885998521207178,1
0.8398590431910222,1
0.8621838687627565,1
0.8188776655442679,1
0.8617259440736084,1
0.8617259440736084,1
0.8388314476983814,1
0.8612781954886607,1
0.8177426438295374,1
0.9590163934426229,1
0.8856104908735924,1
0.8393395365808538,1
0.8617259440736084,1
0.8183039183038547,1
0.8393395365808538,1
0.8617259440736084,1
0.8183039183038547,1
0.8388314476983815,1
0.8171934397740227,1
0.8177426438295374,1
0.7657295850066934,1
0.725319694315147,1
0.8112442396313365,1
0.8864878215285737,1
0.835843520782396,1
0.7417345391813477,1
1.0,1
0.952123884288633,1
0.9201520912547528,1
0.9190572903444191,1
0.959540147936904,1
0.9499341238471674,1
0.9595417114214106,1
0.959540147936904,1
0.9499341238471674,1
0.9405194805194805,1
0.9190572903444191,1
0.9191068042974511,1
0.9190073513789148,1
0.9190572903444191,1
0.9191068042974511,1
0.9191558986407116,1
0.9499341238471674,1
0.9595417114214106,1
0.959540147936904,1
0.9499341238471674,1
0.9405194805194805,1
0.9499360416390985,1
0.9499341238471674,1
0.9499322226594954,1
0.9405172413793103,1
0.9595417114214106,1
0.9499360416390985,1
0.9405217391304348,1
0.9499341238471674,1
0.9405194805194805,1
0.9405172413793103,1
0.7971749537848972,1
0.9089991589571068,1
0.8889974488411225,1
0.8988857016769638,1
0.9193456452348381,1
0.9089991589571068,1
0.8988857016769638,1
0.9338562645749418,1
0.9442589401120207,1
0.9549029313094648,1
0.9548987411056375,1
0.9442589401120207,1
0.9338502927678429,1
0.933862292986847,1
0.9338562645749418,1
0.9338502927678429,1
0.9442640692640694,1
0.9442589401120207,1
0.9442538593481989,1
0.9549029313094648,1
0.9442640692640694,1
0.9442589401120207,1
0.8159879336349924,1
0.8161434977578476,1
0.8160660660660661,1
0.8159090909090909,1
0.8159879336349924,1
0.8160660660660661,1
0.933116883116883,1
0.9436286641368311,1
0.9543871475115157,1
0.9543828264758497,1
0.9436286641368311,1
0.9331107281344247,1
0.933123096998695,1
0.933116883116883,1
0.9331107281344247,1
0.943633952254642,1
0.9436286641368311,1
0.9436234263820471,1
0.9543871475115157,1
0.943633952254642,1
0.9436286641368311,1
0.8595848595848596,1
0.8598017887357989,1
0.8596938775510204,1
0.8594747177221405,1
0.8595848595848596,1
0.8596938775510204,1
0.9265957446808512,1
0.9380626819197184,1
0.9498267498267497,1
0.9498207885304659,1
0.9380626819197184,1
0.9265873015873016,1
0.9266042780748663,1
0.9265957446808512,1
0.9265873015873016,1
0.9380699605281068,1
0.9380626819197184,1
0.9380554807433342,1
0.9498267498267497,1
0.9380699605281068,1
0.9380626819197184,1
0.8579811473874773,1
0.8582020389249304,1
0.8580921624642901,1
0.8578689759036143,1
0.8579811473874773,1
0.8580921624642901,1
0.9256839526337282,1
0.9372834372834373,1
0.9491874245972607,1
0.9491812535290797,1
0.9372834372834373,1
0.9256752183036622,1
0.9256927813889839,1
0.9256839526337282,1
0.9256752183036622,1
0.9372909698996655,1
0.9372834372834373,1
0.9372759856630825,1
0.9491874245972607,1
0.9372909698996655,1
0.9372834372834373,1
0.9657750424113308,1
0.9657778129450864,1
0.9657722873554174,1
0.9592107057288116,1
0.9657750424113308,1
0.9657750424113308,1
0.9527391975308641,1
0.9724303266406952,1
0.9657750424113308,1
0.9592139703871547,1
0.9724280819188779,1
0.9724280819188779,1
0.9527429588362736,1
0.9657778129450864,1
0.9592172533349003,1
0.9724303266406952,1
0.9724303266406952,1
0.9527467411545624,1
0.9592107057288116,1
0.9657750424113308,1
0.9657750424113308,1
0.9527391975308641,1
0.9592139703871547,1
0.9592139703871547,1
0.9527354570637119,1
0.9724280819188779,1
0.9527429588362736,1
0.9527429588362736,1
0.8430176565008131,1
0.8430176565008131,1
0.8251088534107507,1
0.8339652448657293,1
0.8522727272727378,1
0.8430176565008131,1
0.8339652448657293,1
0.843796711509726,1
0.7592411020688404,1
0.7671246515332639,1
0.775176946410526,1
0.7592411020688404,1
0.7515210043457368,1
0.7671246515332639,1
0.7671246515332639,1
0.9563281746873117,1
0.935914552736993,1
0.9460093896713719,1
0.9563342030992171,1
0.9563281746873117,1
0.9460093896713719,1
0.8240277777777877,1
0.8654911104634319,1
0.8745190884877285,1
0.8837407333199861,1
0.8654911104634319,1
0.8566507177033593,1
0.8745190884877285,1
0.9163460589918223,1
0.935914552736993,1
0.9460093896713719,1
0.9563342030992171,1
0.9563281746873117,1
0.9460093896713719,1
0.8240277777777877,1
0.8654911104634319,1
0.8745190884877285,1
0.8837407333199861,1
0.8654911104634319,1
0.8566507177033593,1
0.9163460589918223,1
0.8745190884877285,1
0.9359059545106161,1
0.9359232316978899,1
0.935914552736993,1
0.9359059545106161,1
0.82420154185023,1
0.8654568210262928,1
0.8744868035190716,1
0.8837105419892896,1
0.8654568210262928,1
0.9180654338549176,1
0.8744868035190716,1
0.8744868035190716,1
0.94601677148848,1
0.9460093896713719,1
0.9460020768432086,1
0.8241150442477975,1
0.8654738878143233,1
0.874502872293426,1
0.8837255684084665,1
0.9172147001934337,1
0.8566325315551423,1
0.874502872293426,1
0.874502872293426,1
0.9563342030992171,1
0.94601677148848,1
0.8239397321428671,1
0.8655084911184954,1
0.874535454140043,1
0.9154589371980778,1
0.8655084911184954,1
0.8566690699351218,1
0.874535454140043,1
0.874535454140043,1
0.9460093896713719,1
0.8240277777777877,1
0.8654911104634319,1
0.9163460589918223,1
0.8837407333199861,1
0.8654911104634319,1
0.8566507177033593,1
0.8745190884877285,1
0.8745190884877285,1
0.8241150442477975,1
0.9172147001934337,1
0.874502872293426,1
0.8837255684084665,1
0.8654738878143233,1
0.8566325315551423,1
0.874502872293426,1
0.874502872293426,1
0.9043642241379406,1
0.9042658730158827,1
0.9041666666666763,1
0.9043642241379406,1
0.9044617310443587,1
0.9042658730158827,1
0.9042658730158827,1
0.9482269503546197,1
0.948233282674782,1
0.9482206740726892,1
0.9385114769302209,1
0.9482269503546197,1
0.9482269503546197,1
0.9581464872944794,1
0.9482269503546197,1
0.9385188635305175,1
0.9581413210445567,1
0.9581413210445567,1
0.948233282674782,1
0.9385263157894835,1
0.9581464872944794,1
0.9581464872944794,1
0.9385114769302209,1
0.9482269503546197,1
0.9482269503546197,1
0.9385188635305175,1
0.9385188635305175,1
0.9581413210445567,1
0.9172144334635658,1
0.9170415024344944,1
0.917128347183743,1
0.9172144334635658,1
0.9172997711670422,1
0.917128347183743,1
0.8925088652482213,1
0.917128347183743,1
0.9477669158520222,1
0.9477626180707948,1
0.9477583586626139,1
0.9379649122807018,1
0.9477626180707948,1
0.9035326086956522,1
0.9477626180707948,1
0.9577677224736049,1
0.9477669158520222,1
0.9379749822987963,1
0.9577677224736049,1
0.9033260233918129,1
0.9577677224736049,1
0.9477626180707948,1
0.9379699248120301,1
0.957764215828732,1
0.903429767103348,1
0.957764215828732,1
0.9379649122807018,1
0.9477626180707948,1
0.9035326086956522,1
0.9477626180707948,1
0.9379699248120301,1
0.9036345598845599,1
0.9379699248120301,1
0.903429767103348,1
0.957764215828732,1
0.903429767103348,1
1.0,1
1.000000000000155,1
1.0,1
0.7766818771317728,1
1.0,1
0.7159533073929961,1
0.9247385336093277,1
0.9278867293993408,1
0.9247249073891429,1
0.9278867293993408,1
0.9247249073891429,1
0.9278814633506627,1
0.9247385336093277,1
0.9999999999999918,1
0.9278814633506627,1
0.9247385336093277,1
0.9278867293993408,1
0.9247249073891429,1
0.9278867293993408,1
0.9278814633506627,1
0.9247385336093277,1
0.9338028991965543,1
0.933804513897652,1
0.933804513897652,1
0.9338028991965543,1
0.8518969131351972,1
0.6834215167548501,1
0.7696608946608946,1
0.7649274836289944,1
0.897223223945159,1
0.8957166326080439,1
0.9999999999999746,1
0.897223223945159,1
0.9388934426231729,1
0.9943333333319718,1
0.896806849959642,1
0.948196114581396,1
0.8888235294119924,1
0.9419045887045369,1
0.8439304987661777,1
0.948202173987261,1
0.8975429399482319,1
0.9418835418292847,1
0.8506469038764902,1
0.948202173987261,1
0.8975429399482319,1
0.9418835418292847,1
0.8506469038764902,1
0.948196114581396,1
0.8888235294119924,1
0.9419045887045369,1
0.8439304987661777,1
0.9367473118278612,1
0.8693055665811166,1
0.8888235294119924,1
0.9516260162602098,1
0.8861111111113034,1
0.817504045417161,1
0.8888185654010726,1
0.951632653061272,1
0.8860949746428856,1
0.8152914851125693,1
0.8888185654010726,1
0.951632653061272,1
0.8860949746428856,1
0.8152914851125693,1
0.8888235294119924,1
0.9516260162602098,1
0.8861111111113034,1
0.817504045417161,1
0.8962519857163055,1
0.9423604291675435,1
0.886625344352519,1
0.9425472316570062,1
0.8433840338996493,1
0.9423413386891282,1
0.8953401232238422,1
0.9425292515769164,1
0.8501353577940208,1
0.9423413386891282,1
0.8953401232238422,1
0.9425292515769164,1
0.8501353577940208,1
0.9423604291675435,1
0.886625344352519,1
0.9425472316570062,1
0.8433840338996493,1
0.8439304987661777,1
0.817504045417161,1
0.8433840338996493,1
0.9497641097326524,1
0.8438798970233905,1
0.8255912887040423,1
0.8433319742844242,1
0.9478784333796051,1
0.8438798970233905,1
0.8255912887040423,1
0.8433319742844242,1
0.9478784333796051,1
0.8439304987661777,1
0.817504045417161,1
0.8433840338996493,1
0.9497641097326524,1
0.9247249073891429,1
0.9283185453909685,1
0.9247249073891429,1
0.9283185453909685,1
0.9247385336093277,1
0.9283107403545346,1
0.9247385336093277,1
0.9966417910447781,1
0.9999999999999987,1
0.9247249073891429,1
0.9283185453909685,1
0.9247249073891429,1
0.9247385336093277,1
0.9283107403545346,1
0.933804513897652,1
0.933804513897652,1
0.9338028991965543,1
0.6834215167548501,1
0.7696608946608946,1
0.7649274836289944,1
0.8957166326080439,1
0.897223223945159,1
0.9999999999999732,1
0.9373529411766982,1
0.9937321937236313,1
0.8941495156238388,1
0.948202173987261,1
0.8975429399482319,1
0.9418835418292847,1
0.8506469038764902,1
0.948202173987261,1
0.8975429399482319,1
0.9418835418292847,1
0.8506469038764902,1
0.948196114581396,1
0.8888235294119924,1
0.9419045887045369,1
0.8439304987661777,1
0.9346648301195678,1
0.8660517632594846,1
0.8888185654010726,1
0.951632653061272,1
0.8860949746428856,1
0.8152914851125693,1
0.8888185654010726,1
0.951632653061272,1
0.8860949746428856,1
0.8152914851125693,1
0.8888235294119924,1
0.9516260162602098,1
0.8861111111113034,1
0.817504045417161,1
0.6591881433758248,1
0.8936254537091234,1
0.9418835418292847,1
0.8948237562347379,1
0.9481551305264526,1
0.8501353577940208,1
0.9418835418292847,1
0.8948237562347379,1
0.9481551305264526,1
0.8501353577940208,1
0.9419045887045369,1
0.8861111111113035,1
0.9481494724596957,1
0.8433840338996493,1
0.8438798970233905,1
0.8255912887040423,1
0.8433319742844242,1
0.9478784333796051,1
0.8438798970233905,1
0.8255912887040423,1
0.8433319742844242,1
0.9478784333796051,1
0.8439304987661777,1
0.817504045417161,1
0.8433840338996493,1
0.9497641097326524,1
0.9966012084592165,1
0.9414590347923598,1
0.9382371041736622,1
0.9278867293993408,1
0.9247249073891429,1
0.9278867293993408,1
0.9278867293993408,1
0.9247249073891429,1
0.9999999999999916,1
0.9966012084592165,1
0.9414590347923598,1
0.9278867293993408,1
0.9247249073891429,1
0.9382371041736622,1
0.9418116912092803,1
0.9247249073891429,1
0.9283185453909685,1
0.9247249073891429,1
0.9247249073891429,1
0.9283185453909685,1
0.9966012084592165,1
0.9999999999999987,1
0.9382371041736622,1
0.9247249073891429,1
0.9283185453909685,1
0.9463312368650435,1
0.933804513897652,1
0.7755054662107973,1
0.778318487263635,1
0.9367424242426539,1
0.993678160910904,1
0.8911709885974562,1
0.9581211090963516,1
0.897536808765852,1
0.9517797552750122,1
0.8505865730130406,1
0.948202173987261,1
0.8888185654010726,1
0.9418835418292847,1
0.8438798970233905,1
0.9340319865321806,1
0.8625888883088055,1
0.897536808765852,1
0.9609206822322052,1
0.8948063973065913,1
0.8233682298412851,1
0.8975429399482319,1
0.951632653061272,1
0.8948237562347378,1
0.8255912887040423,1
0.8906767139264776,1
0.9517797552750122,1
0.8948063973065914,1
0.9580827409281479,1
0.850073877047045,1
0.9418835418292847,1
0.8860949746428857,1
0.9481551305264526,1
0.8433319742844242,1
0.8505865730130406,1
0.8233682298412851,1
0.850073877047045,1
0.9594017094017031,1
0.8506469038764902,1
0.8152914851125693,1
0.8501353577940208,1
0.9478784333796049,1
0.9966012084592165,1
0.9278867293993408,1
0.9247249073891429,1
0.9278867293993408,1
0.9278867293993408,1
0.9247249073891429,1
0.9414590347923598,1
0.9382371041736622,1
0.9999999999999916,1
0.9278867293993408,1
0.9247249073891429,1
0.933804513897652,1
0.9247249073891429,1
0.9283185453909685,1
0.9247249073891429,1
0.9247249073891429,1
0.9283185453909685,1
0.9382371041736622,1
0.9418116912092803,1
0.9966012084592165,1
0.9247249073891429,1
0.9283185453909685,1
0.8586789038494272,1
0.9367424242426539,1
0.993678160910904,1
0.8911709885974562,1
0.948202173987261,1
0.8888185654010726,1
0.9418835418292847,1
0.8438798970233905,1
0.9340319865321806,1
0.8625888883088055,1
0.8975429399482319,1
0.951632653061272,1
0.8948237562347378,1
0.8255912887040423,1
0.8906767139264776,1
0.9418835418292847,1
0.8860949746428857,1
0.9481551305264526,1
0.8433319742844242,1
0.8506469038764902,1
0.8152914851125693,1
0.8501353577940208,1
0.9478784333796049,1
0.9966417910447781,1
0.9278814633506627,1
0.9278814633506627,1
0.9247385336093277,1
0.9278867293993408,1
0.9247249073891429,1
0.9278867293993408,1
0.9999999999999917,1
0.9966417910447781,1
0.9247385336093277,1
0.9247385336093277,1
0.9283107403545346,1
0.9247249073891429,1
0.9283185453909685,1
0.9247249073891429,1
0.9966417910447781,1
0.9999999999999987,1
0.8957166326080439,1
0.8957166326080439,1
0.9373529411766982,1
0.9937321937236313,1
0.8941495156238388,1
0.9346648301195678,1
0.8660517632594846,1
0.8936254537091234,1
1.0,1
1.0,1
1.0,1
1.0,1
1.0,1
1.0,1
0.9278814633506627,1
0.9247385336093277,1
0.9278867293993408,1
0.9247249073891429,1
0.9278867293993408,1
0.9278814633506627,1
0.9247385336093277,1
0.897223223945159,1
0.9966417910447781,1
0.9278867293993408,1
0.9247249073891429,1
0.9278867293993408,1
0.9278814633506627,1
0.9247385336093277,1
0.9247249073891429,1
0.9283185453909685,1
0.9247249073891429,1
0.9247385336093277,1
0.9283107403545346,1
0.9966012084592165,1
0.9414590347923598,1
0.9278867293993408,1
0.9247249073891429,1
0.9382371041736622,1
0.9247249073891429,1
0.9283185453909685,1
0.9278867293993408,1
0.9247249073891429,1
0.9966417910447781,1
1.0,1
0,0
0.024976124391918104,0
0.14463347380469277,0
0.1413757471413794,0
0.038461538461538464,0
0.03125,0
0.0,0
0.025210084033613446,0
0.03636363636363636,0
0.0015054808621810332,0
0.06818181818181818,0
0.08046775512948244,0
0,0
0.08495931549363991,0
0.39080459770114945,0
0.150042927378935,0
0.01509433962264151,0
0.16666666666666666,0
0.16352062998463732,0
0.0,0
0.022900763358778626,0
0.0,0
0.034926538180669195,0
0.0,0
0.0284124096131383,0
0.0,0
0.0,0
0,0
0.21980676328502416,0
0.4925669062804686,0
0.04651162790697674,0
0.07909604519774012,0
0.45118068896030783,0
0.24434389140271492,0
0.41395201282329563,0
0.0016922471467730226,0
0.017543859649122806,0
0,0
0.017490264783128203,0
0.0022428229665018245,0
0.0032733224222585926,0
0.06766917293233082,0
0.08333333333333333,0
0.011166253101736972,0
0.027822699206006034,0
0.04651162790697675,0
0.018518518518518517,0
0.027137042062415198,0
0.011235955056179775,0
0,0
0.07731592919877439,0
0.07856532443485868,0
0.6364875513811684,0
0.0421455938697318,0
0.011166253101736972,0
0,0
0.010686071663688517,0
0,0
0,0
0.12941176470588237,0
0.02643394925141527,0
0.03584784010315925,0
0.060240963855421686,0
0.041666666666666664,0
0,0
0,0
0.8535632183908045,0
0.08461538461538462,0
0.0013824884788937962,0
0.10756577725786909,0
0.325,0
0.1075657772578691,0
0,0
0,0
0.14501510574018128,0
0.014084507042253523,0
0.054794520547945195,0
0.03167399423249657,0
0.055299539170506916,0
0.037151997562545995,0
0,0
0.023076923076923078,0
0.11711050163673362,0
0.08142361111111085,0
0.41228070175438597,0
0.027812475904075866,0
0.10067114093959731,0
0.5575217414722956,0
0.6727828092867527,0
0.22395586141433316,0
0.0,0
0.06626334982297409,0
0.4055177160456217,0
0.0,0
0.07028658502873457,0
0.5119047619047619,0
0.06474820143884892,0
0.1641025641025641,0
0.0,0
0.00979499241165566,0
0,0
0.08817204301075268,0
0.011461318051575931,0
0.9396510439309111,0
0.039603960396039604,0
0.10241553164312273,0
0,0
0.054945054945054944,0
0.014531338060749827,0
0.03078184121061956,0
0.06976744186046512,0
0.037037037037037035,0
0.26282051282051283,0
0.8063392751741235,0
0.024006330720187506,0
0.03225806451612903,0
0,0
0.10315186246418338,0
0.04852089840252395,0
0.023980578691815073,0
0.0272887323943662,0
0.018957345971563982,0
0.0203527815468114,0
0.14285714285714285,0
0.6285474994017608,0
0.11170212765957446,0
0.6728032879726888,0
0.7108433734939759,0
0.025284560818923482,0
0.05753736728505923,0
0.022988505747126436,0
0.046596034370558065,0
0.7045714582892871,0
0,0
0.04301596859806097,0
0.007546826315455152,0
0.0196078431372549,0
0.037037037037037035,0
0.65,0
0.42812438106553713,0
0.09803921568627451,0
0.08235294117647059,0
0.028985507246376812,0
0.040927276051867446,0
0.0,0
0.4642857142857143,0
0,0
0.03205128205128205,0
0.225,0
0.0009881422924795814,0
0.3,0
0.07491758241757868,0
0.09803921568627451,0
0.3002645502645503,0
0.04614290495314298,0
0.00415686187452826,0
0.015873015873015872,0
0.7972621729336338,0
0.7108433734939759,0
0.06862745098039216,0
0.023938057114176726,0
0.09205646740704951,0
0,0
0,0
0.03355704697986577,0
0.03286686567010847,0
0.030188679245283016,0
0.0,0
0.03248910369282835,0
0.01639344262295082,0
0.048484848484848485,0
0.7108433734939759,0
0.02797286650555356,0
0.027254623044073525,0
0.017191977077363897,0
0.06862745098039216,0
0.023041474654377885,0
0.05084745762711865,0
0.8405485986881337,0
0.07329683698298742,0
0.04417051296482925,0
0.025787965616045846,0
0.0196078431372549,0
0.28295341554949166,0
0.0,0
0.107749361742315,0
0.088704159824805,0
0.41970678962085506,0
0.03563187874888923,0
0.011235955056179773,0
0.036758238496862175,0
0.7023809523809523,0
0.04819277108433735,0
0.0,0
0.04147465437788018,0
0.2333333333333333,0
0.02210552027357108,0
0.1267605633802817,0
0.18546365914786966,0
0,0
0.06306306306306306,0
0.036585365853658534,0
0,0
0.02681992337164751,0
0.019443665802773354,0
0.018995929443690638,0
0,0
0.25004092322802146,0
0.030303030303030304,0
0.0,0
0.11666666666666667,0
0.07718120805369127,0
0.14548289640385928,0
0.0487570432226888,0
0.11409395973154363,0
0.11594202898550723,0
0.049019607843137254,0
0.6206896551724138,0
0,0
0.07042253521126761,0
0.02666666666666667,0
0.05069124423963134,0
0.6384555984355482,0
0.04487179487179487,0
0.26053686633454726,0
0.6428494124922604,0
0.6009523809523722,0
0.15425531914893617,0
0.0,0
0.02072538860103627,0
0.0,0
0,0
0.07373271889400922,0
0,0
0,0
0.07920792079207921,0
0.14470284237726097,0
0.07407407407407407,0
0.0008782201328561504,0
0.1336168613786635,0
0.07729468599033817,0
0.8871101871101871,0
0.0,0
0,0
0.13027071250527772,0
0.4939759036144578,0
0,0
0,0
0.11956521739130434,0
0.07560050568627072,0
0.13288130309406906,0
0.011910833439557005,0
0.02898685371858596,0
0.0,0
0.0,0
0.0830945558739255,0
0.030303030303030307,0
0.15476190476190477,0
0.4391296584970508,0
0.03475754912616206,0
0.0,0
0.13580246913580246,0
0.1049609591868534,0
0.26,0
0,0
0.038022639083415605,0
0.017309516821492194,0
0.04777676591700686,0
0.0,0
0.0196078431372549,0
0.025547445255474456,0
0.02543132050430965,0
0.02666666666666667,0
0,0
0.010948905109489052,0
0.07352941176470588,0
0,0
0.023809523809523808,0
0.0,0
0.0,0
0.3626373626373626,0
0.8202767548264703,0
0.06013036173356815,0
0.0,0
0.15646367521366608,0
0.2149598578169982,0
0.016304347826086956,0
0.5302013422818792,0
0.1888888888888889,0
0.011235955056179775,0
0.08679245283018867,0
0.10975609756097561,0
0,0
0.05,0
0.046296296296296294,0
0.257034653271062,0
0.0,0
0,0
0.053763440860215055,0
0.10569105691056911,0
0.06656129814902075,0
0.07561720517923666,0
0.1111111111111111,0
0.15668566001899298,0
0.6220444463585765,0
0.03571428571428571,0
0.044933359038622195,0
0.03330086258955965,0
0,0
0.08333333333333333,0
0.06807195451425693,0
0.03333333333333333,0
0.043550002946546526,0
0.010293217304363694,0
0.0,0
0.03,0
0,0
0.6025192183929303,0
0.02429318127821335,0
0.036586151368705924,0
0,0
0.022222222222222223,0
0.038314176245210725,0
0.038314176245210725,0
0.1978021978021978,0
0.05142857142857143,0
0.03333333333333333,0
0.001273524833720246,0
0.02142857142857143,0
0.017191977077363897,0
0.047619047619047616,0
0.07446808510638298,0
0.029411764705882353,0
0,0
0.04929577464788732,0
0,0
0.032846715328467155,0
0.25403225806451346,0
0.128,0
0.07142857142857142,0
0.05147211026721375,0
0.05454545454545454,0
0.05555555555555555,0
0.007663747049917662,0
0.3757926961255001,0
0.844075079149706,0
0,0
0,0
0.00641025641025641,0
0.3384615384615385,0
0.2611096386606567,0
0.04285714285714286,0
0.1566265060240964,0
0.01680672268907563,0
0.043478260869565216,0
0.7884307903152125,0
0.45118068896030783,0
0.5058602639962868,0
0.03731125025106239,0
0.7916800998613841,0
0.028169014084507043,0
0.2200346545375785,0
0.18255196815568334,0
0.01652892561983471,0
0.37037037037037035,0
0.022857142857142857,0
0.06511551384708607,0
0.0,0
0.11940298507462685,0
0.024604789028819164,0
0.0,0
0.08333333333333333,0
0,0
0.0,0
0.16049382716049382,0
0.2755102040816326,0
0.2631929314935824,0
0.16049382716049382,0
0.02608695652173913,0
0.022598870056497175,0
0,0
0,0
0.03333333333333333,0
0.2597402597402597,0
0.050583657587548646,0
0.025974025974025976,0
0.040866312741287235,0
0.06766917293233082,0
0.19845708775313403,0
0.03569107143675094,0
0,0
0.040145985401459854,0
0.0,0
0.4467759813374042,0
0.5308641975308642,0
0,0
0.41228070175438597,0
0.16049382716049382,0
0.7619047619047619,0
0.06428571428571428,0
0.4603745825247245,0
0.10293649585541703,0
0.23076923076923078,0
0,0
0,0
0.0419093697873968,0
0.022024499670316257,0
0,0
0.07394366197183098,0
0,0
0.001874405676005809,0
0,0
0.040989046690035176,0
0.030612244897959183,0
0.06912442396313365,0
0.07317073170731707,0
0.1927710843373494,0
0.0,0
0.2570215928649636,0
0.036680789090280344,0
0.07194244604316546,0
0.37688262503798553,0
0.05747126436781609,0
0,0
0.050359712230215826,0
0.020724637681159418,0
0.01680672268907563,0
0.04448742746615087,0
0.07237355517366571,0
0.08018867924528301,0
0.028017749734638518,0
0.000992063492052913,0
0.10292463442069742,0
0.0,0
0.046296296296296294,0
0.06060606060606061,0
0.08045977011494253,0
0.45038167938931295,0
0,0
0.4472920696324952,0
0.007701579338161428,0
0.07352941176470588,0
0.5583333333333333,0
0.0002735978112096098,0
0.02005730659025788,0
0.2637831251903722,0
0,0
0.0,0
0.05747126436781609,0
0.06349206349206349,0
0,0
0.03125,0
0.06014299942222622,0
0.02459016393442623,0
0.043478260869565216,0
0.0,0
0.07936507936507936,0
0.10544979469951474,0
0.5019671686338353,0
0,0
0.054763637518287216,0
0.0,0
0.05322159030869072,0
0.04640839386602098,0
0.03767123287671233,0
0.5,0
0.10011946302942132,0
0.01800327332242226,0
0.07352941176470588,0
0.7346249188278394,0
0.05142857142857143,0
0.0506821589205355,0
0.028591148910284157,0
0.41979213944170135,0
0.043478260869565216,0
0.08484848484848485,0
0.3002415458937198,0
0.06766917293233082,0
0.0012733446519422045,0
0.48322147651006714,0
0.036208456170147424,0
0.03205128205128205,0
0.13095238095238096,0
0.015648489626228206,0
0.03614457831325301,0
0.30321147542866667,0
0.061224489795918366,0
0.022556390977443608,0
0.0027472527472457505,0
0.05747126436781609,0
0.018518518518518517,0
0.15428250546908231,0
0.032008968937556434,0
0.0,0
0.23853211009174313,0
0.02100271002710027,0
0.003273322422258593,0
0.07860668662806788,0
0.6219359165747079,0
0.28921568627450983,0
0.03636363636363636,0
0.06793308040509274,0
0.2586135693215315,0
0.0,0
0.07462686567164178,0
0,0
0.06945396184214354,0
0.0,0
0.04316017316016829,0
0.8787475371425528,0
0.022332506203473945,0
0.1092436974789916,0
0.2716049382716049,0
0.04261900497475723,0
0.1320754716981132,0
0.02325245905730143,0
0.02666666666666667,0
0.0105481136348929,0
0,0
0.8117392647513129,0
0.01204819277108434,0
0.15344056399774875,0
0.03636363636363636,0
0.3761467889908257,0
0.03614457831325301,0
0.25669527878294224,0
0.030612244897959186,0
0.02865329512893983,0
0.033908832042523096,0
0.0,0
0.06666666666666667,0
0.6941176470588234,0
0.04400041618678674,0
0.07760217310779109,0
0.015384615384615384,0
0.6399481575309574,0
0.0,0
0.049019607843137254,0
0,0
0.1018492834026791,0
0.15907748292729035,0
0.0048638132295719845,0
0.01977401129943503,0
0,0
0.6470183275708987,0
0.07407407407407407,0
0.12554189153322126,0
0.01788527204594545,0
0.016503187122841184,0
0,0
0.040268456375838924,0
0.0,0
0.20833333333333334,0
0.01680672268907563,0
0.055267793981429496,0
0.06024096385542168,0
0.027777777777777776,0
0.7882352941176471,0
0.01977401129943503,0
0.049099836333878884,0
0.011762387958681873,0
0.2540983606557377,0
0.036821059444261256,0
0.0,0
0.03467819479962592,0
0.011818274838841706,0
0.775,0
0.041666666666666664,0
0.16549278247884516,0
0.048894557823015265,0
0.13636363636363635,0
0.10145216716550272,0
0.12698412698412698,0
0.035545068467250605,0
0.03614457831325301,0
0.0,0
0.10843373493975905,0
0.05970149253731343,0
0.5882352941176471,0
0.054348422496567385,0
0.0425531914893617,0
0.4642857142857143,0
0.1342281879194631,0
0.023351321997081086,0
0.04065656236952058,0
0.0966183574879227,0
0.19014730459632187,0
0.6285743583733647,0
0.0,0
0.08429020463144668,0
0.6354848076659282,0
0.048123339756172966,0
0.013513513513513516,0
0.1097560975609756,0
0.024242424242424242,0
0.06006006006006006,0
0.050204354952470304,0
0.012195121951219513,0
0.00918393964322808,0
0.05555555555555555,0
0.07228915662650602,0
0.37623344948062387,0
0.0,0
0.2857142857142857,0
0.16666666666666666,0
0.030479778918672762,0
0,0
0.10138248847926268,0
0.08664756823828143,0
0,0
0.4939759036144578,0
0.0392156862745098,0
0.035962935136488856,0
0.02087173592169613,0
0.030100189470901047,0
0.001163419913406453,0
0.08927335640179763,0
0.27076854154769814,0
0.0963855421686747,0
0.5064102564102564,0
0.024714086225461722,0
0.2846153846153846,0
0.1951219512195122,0
0.02817411083508701,0
0.04276244125610781,0
0.7959183673469387,0
0.03488372093023256,0
0.10457516339869281,0
0,0
0.11179843884278987,0
0.0,0
0.002263467632410112,0
0.0425531914893617,0
0.022988505747126436,0
0.10943396226415095,0
0.0,0
0.004301075268817204,0
0.09302325581395349,0
0.03571428571428571,0
0.2742221212809448,0
0.7352941176470589,0
0.01932367149758454,0
0.1012120062919831,0
0,0
0.043478260869565216,0
0.12,0
0.10784313725490197,0
0.05753264347621188,0
0.0,0
0.036638486994248175,0
0.10451977401129943,0
0.022857142857142857,0
0,0
0.037037037037037035,0
0.04081632653061224,0
0.04211171681225015,0
0.5194865997667235,0
0.14102564102564102,0
0.01688732930615577,0
0.4193324358363222,0
0.05263157894736842,0
0.07246376811594203,0
0.08333333333333333,0
0.0,0
0,0
0.022727272727272724,0
0.008359587736156037,0
0.08717948717948718,0
0.0,0
0.017191977077363897,0
0.04878048780487805,0
0.14936045125923572,0
0.1,0
0.08433734939759036,0
0.056648097518276416,0
0.06857142857142857,0
0.1541960175273171,0
0.033816425120772944,0
0.06666666666666667,0
0.043478260869565216,0
0.07228915662650602,0
0.050532073299049456,0
0.09166666666666666,0
0,0
0.0,0
0.4684361907783791,0
0.05434782608695652,0
0.31093692022257463,0
0.03278688524590164,0
0.06721452226174414,0
0.0,0
0.0,0
0.02,0
0.015151515151515152,0
0.04385015091278629,0
0.06053346607761393,0
0.059782608695652176,0
0.24358974358974358,0
0.8117392647513129,0
0,0
0.03926398145464742,0
0.028911827880900045,0
0.10115385817505125,0
0.11020747208592226,0
0.019455252918287938,0
0.2857142857142857,0
0.02657406009361317,0
0.2136953725751344,0
0.775,0
0.0,0
0.0,0
0.4168514547492568,0
0.03225806451612903,0
0.011649078478002377,0
0.20859756097560977,0
0.06349206349206349,0
0.025,0
0.5256410256410257,0
0.16,0
0.021648304675758036,0
0.028657296163857142,0
0.19894464264215656,0
0.07142857142857142,0
0.7023809523809523,0
0.009172116897602653,0
0,0
0.17703349282296652,0
0.021671023623122128,0
0.03636363636363636,0
0.02476605376784673,0
0.10725781963283597,0
0.034482758620689655,0
0.6919204713004281,0
0.6431099030719524,0
0.03216113324108041,0
0.045454545454545456,0
0.038461538461538464,0
0,0
0.022988505747126436,0
0.043478260869565216,0
0.04545454545454546,0
0.06629166606454823,0
0.3305785123966942,0
0.06940696768000838,0
0.16326530612244897,0
0.044717444717444724,0
0.02005730659025788,0
0.11702127659574468,0
0.038586658120904845,0
0.01818181818181818,0
0.037037037037037035,0
0.13095238095238096,0
0,0
0.8943972535935519,0
0.3749003226572805,0
0.021897810218978103,0
0.1568627450980392,0
0.5185185185185185,0
0,0
0.03831417624521072,0
0.48322147651006714,0
0.025504223510937667,0
0.13253012048192772,0
0.6361104441776712,0
0.018995929443690638,0
0.04938271604938271,0
0.049818171106500046,0
0.06442199398203476,0
0.05333333333333334,0
0.10054864891662815,0
0.1621966019417476,0
0.049019607843137254,0
0.39571150097463975,0
0.8985221674876848,0
0.05142857142857143,0
0.08139534883659241,0
0.06521739130434782,0
0,0
0.07142857142857142,0
0.4925837723148949,0
0.01680672268907563,0
0.03757023912131865,0
0.2173949864498645,0
0.1,0
0,0
0.4076923076923077,0
0.46838838145790984,0
0.0,0
0.5185185185185185,0
0.0011538048727997882,0
0.45038167938931295,0
0.6355342069747473,0
0.3493975903614458,0
0.3761467889908257,0
0,0
0.09205545886204716,0
0.03859549451635214,0
0.0196078431372549,0
0.6781609195402298,0
0,0
0.06535947712418301,0
0.17842380195321372,0
0.4684361907783791,0
0.6209879406307884,0
0.057471264367816084,0
0.05744435178888456,0
0.7972831765935214,0
0.08823529411764706,0
0.5125,0
0.16666666666666666,0
0.4262295081967213,0
0.017391304347826087,0
0.03873239436619718,0
0.009216589861751152,0
0,0
0,0
0.029411764705882356,0
0.0605350579517988,0
0.45384615384615384,0
0.3067134979080332,0
0.14473684210526316,0
0.2611096386606567,0
0.4221294925292771,0
0.075,0
0,0
0.4285714285714285,0
0,0
0.3055555555555556,0
0.20652173913043478,0
0.019801980198019802,0
0.0,0
0.046064440480345185,0
0.08053691275167785,0
0.05194805194805195,0
0.09,0
0,0
0.0,0
0.552753998795626,0
0.017191977077363897,0
0,0
0.22394355093030588,0
0.014492753623188408,0
0.17777777777777778,0
0.6086770981507701,0
0.04584768094152642,0
0.03194009084923747,0
0.39080459770114945,0
0.029411764705882353,0
0.04477611940298507,0
0.00522466039707419,0
0.2967032967032967,0
0.048192771084337345,0
0.0755813953488372,0
0.0067842605156037995,0
0.3067204289248314,0
0.02962962962962963,0
0,0
0.16906690669066904,0
0.8983625070581592,0
0.041666666666666664,0
0.03252689560411548,0
0.3838798497966146,0
0.046153846153846156,0
0.45898607741812203,0
0.06024096385542168,0
0.11343034180064929,0
0.06896551724137931,0
0.03479872109867806,0
0.22404371584699456,0
0.038948954271380495,0
0.005970818242441022,0
0.2967032967032967,0
0.015982434640391396,0
0.038461538461538464,0
0.09302325581395349,0
0,0
0.05533596837944664,0
0,0
0.0,0
0.372791117990772,0
0.07692307692307693,0
0.02564102564102564,0
0.0,0
0.035842293906810034,0
0.1927710843373494,0
0.09201185935896014,0
0.060556464811783964,0
0.16049382716049382,0
0.10569105691056911,0
0.149873417721519,0
0.050691244239631346,0
0,0
0,0
0.20512820512820515,0
0,0
0.12088145380434781,0
0,0
0.03614457831325301,0
0.0,0
0.44412400865176643,0
0,0
0.06950697950697951,0
0.007340061472155896,0
0.5872294672586015,0
0.2649785861204883,0
0.08055110991990305,0
0,0
0.03724928366762178,0
0.0063556007509002034,0
0.0,0
0,0
0.028985507246376812,0
0.07142857142857142,0
0.5995975855130692,0
0.041461451929327285,0
0.08823529411007379,0
0.09243697478991597,0
0.13095238095238096,0
0.047359072087319494,0
0.046515273697197115,0
0.0,0
0.03477085362355668,0
0.045977011494252866,0
0.01639344262295082,0
0.05252533507681878,0
0.03225806451612903,0
0.23076923076923078,0
0.04448742746615087,0
0.05747126436781609,0
0.0654286305427994,0
0.0,0
0.23170731707317077,0
0.019607843137254905,0
0.048564217993315596,0
0,0
0.2073170731707317,0
0.0975609756097561,0
0.014519881715322936,0
0.6615562667003214,0
0.0,0
0,0
0.06024096385542168,0
0.03452674642034039,0
0.07317073170731707,0
0.006777087494559333,0
0.5776953970539506,0
0.018433179723502304,0
0.051094890510948905,0
0.056763327325472714,0
0.09615076639090363,0
0.16666666666666666,0
0.17117117117117117,0
0.19387755102040816,0
0.024691358024691357,0
0.0784313725490196,0
0.011111111111111112,0
0.20833650445711885,0
0.0,0
0,0
0.011428571428571429,0
0.001253551729478182,0
0.04278252884116766,0
0.22656187664565544,0
0,0
0.03278688524590164,0
0.683113495789543,0
0.21541864930289892,0
0,0
0.0851063829787234,0
0.0784313725490196,0
0.05357142857142857,0
0.017857142857142856,0
0.12162162162162163,0
0.09844559585492228,0
0.057196514730921244,0
0.0421455938697318,0
0,0
0.04054054054054054,0
0.04347826086956522,0
0.2923076923076923,0
0.02521430648431767,0
0.025210084033613446,0
0,0
0.14285714285714285,0
0.16467195385720326,0
0.0550284334346031,0
0.06611570247933884,0
0.056994818652849735,0
0.013157894736842105,0
0.0,0
0.024201241088845124,0
0,0
0.02540896148080852,0
0.41115420527185237,0
0,0
0.05717419737138687,0
0.04743083003952569,0
0.10256410256410256,0
0.725,0
0.0,0
0.0213019255588006,0
0.26377247327502185,0
0.09517193350643001,0
0.06940696768000838,0
0,0
0,0
0.12838988571577242,0
0.02877697841726619,0
0.16546446164672765,0
0.05504587155963303,0
0.011874999999988551,0
0.044444444444444446,0
0.022556390977443608,0
0.02421256343901921,0
0.04278306793014298,0
0.03361344537815126,0
0.0,0
0,0
0.6017263135906818,0
0.054348422496567385,0
0.39166666666666666,0
0.10067114093959731,0
0.037994505486371705,0
0.016260162601626018,0
0.05737704918032787,0
0.014492753623188406,0
0,0
0.04328722069049154,0
0.06153846153846154,0
0.15168876520979974,0
0.03333333333333333,0
0,0
0.0,0
0.00522466039707419,0
0.17117117117117117,0
0.024242424242424242,0
0.0,0
0.05515456068219888,0
0.05,0
0.027909584432988285,0
0.08196721311475409,0
0.021261824375804275,0
0.034482758620689655,0
0.03065134099616858,0
0.06619015258158989,0
0.033645372127344836,0
0.0,0
0.0,0
0.03896103896103896,0
0.7973258268824771,0
0.022857142857142857,0
0,0
0.4457831325301205,0
0.01818181818181818,0
0.038461538461538464,0
0.0196078431372549,0
0.0,0
0.10465116279069768,0
0.027409752409936677,0
0.9037966538080232,0
0.0,0
0,0
0.10084033613445378,0
0.6867206471770052,0
0,0
0.4777470455116922,0
0.036585365853658534,0
0.0,0
0,0
0.02532019271235733,0
0.18181818181818182,0
0.3137254901960784,0
0.13253012048192772,0
0.034655872884564155,0
0.041666666666666664,0
0.22657223072405602,0
0.0,0
0.10922231614539019,0
0.01445636822990912,0
0.05263157894736841,0
0,0
0,0
0.06006006006006006,0
0.01639344262295082,0
0.023409714855745736,0
0.5578150353234713,0
0.6297801544860369,0
0.34683411545012627,0
0.26666666666666666,0
0.1467013888888889,0
0.02841978148426082,0
0.6781609195402298,0
0.1796440489432703,0
0.027409336806251256,0
0.015625,0
0.10115385817505125,0
0.0,0
0.01488833746898263,0
0.042826196588956644,0
0.022556390977443608,0
0.014150943396226415,0
0.020134228187919462,0
0.022029113853987932,0
0.6355096308186098,0
0.0574152340085515,0
0.0,0
0.022727272727272724,0
0.048310693138274914,0
0.06606606606606606,0
0.10714285714285712,0
0.04359579092517635,0
0.5572995238853763,0
0.08333333333333333,0
0,0
0.01098901098901099,0
0.4189406099518459,0
0.10833333333333334,0
0.028478982199490365,0
0.3918950417590491,0
0.3072506446833684,0
0.09375,0
0.027409752409936677,0
0.06474820143884892,0
0.04165280757965177,0
0.13114754098360656,0
0.0,0
0.0374107584644654,0
0.06521739130434782,0
0.11073825503355705,0
0.0,0
0.2544463818657367,0
0.028028933092224234,0
0.42038246295786813,0
0.05555555555555556,0
0.4361620608234964,0
0.43005181347150256,0
0.01609141055940397,0
0.025731846622272025,0
0.03571428571428571,0
0.03686635944700461,0
0.07042253521126761,0
0.08791208791208792,0
0.5514781265354904,0
0.40101619762413826,0
0.01834862385321101,0
0.0007687872379177706,0
0,0
0.02608695652173913,0
0,0
0.09574468085106383,0
0.2,0
0.08194864048338368,0
0,0
0.028103060616448853,0
0.03686635944700461,0
0.05555555555555555,0
0,0
0.13580246913580246,0
0.26126126126126126,0
0.08433734939759036,0
0.023936170212765957,0
0.19047619047619047,0
0.13095238095238096,0
0.02824408833377939,0
0.04680197060928881,0
0.0,0
0.06535947712418301,0
0.053571428570408,0
0.011111111111111112,0
0.03927986906710311,0
0.008403361344537815,0
0.03843571083009242,0
0.04081632653061224,0
0.058823529411764705,0
0.6085675199248484,0
0.2173949864498645,0
0.02608695652173913,0
0.015384615384615385,0
0,0
0,0
0.01680672268907563,0
0.06535947712418301,0
0.2173949864498645,0
0.02753466510014915,0
0.05058365758754864,0
0.02013317974102578,0
0.011235955056179777,0
0.062037351443123945,0
0.060240963855421686,0
0.06349206349206349,0
0.07428571428571429,0
0.02541778074865952,0
0.04878048780487805,0
0.03225806451612903,0
0.0,0
0.0,0
0.22656187664565544,0
0.04219993705323293,0
0.7023809523809523,0
0.45253689971999145,0
0.03700543321899225,0
0.051094890510948905,0
0.06071960142870798,0
0.14285714285714285,0
0,0
0.0,0
0.0,0
0.14285714285714285,0
0.07814040972589749,0
0.0,0
0.059583826455333284,0
0.0,0
0.007499881620345094,0
0.2028985507246377,0
0.05533596837944664,0
0.0014224751076352708,0
0.3597122302158273,0
0.09924864904877959,0
0.1276595744680851,0
0.3782051282051282,0
0.023003539832947697,0
0.03614457831325301,0
0.14430943375982402,0
0.47823300893099235,0
0.0,0
0.16165922838682592,0
0.017191977077363897,0
0,0
0,0
0.10963837417812312,0
0.0,0
0.8974845752254391,0
0.15853658536585366,0
0.024352606250237264,0
0.0,0
0.043478260869565216,0
0.0,0
0.0297029702970297,0
0.45739440059244735,0
0.07397959183673469,0
0.014725638289422338,0
0.1005711754677819,0
0.09615384615384616,0
0.2605223588006945,0
0.043478260869565216,0
0.8885178802240413,0
0,0
0.0392156862745098,0
0.6363904122077448,0
0.0,0
0.1686746987951807,0
0.4315762235225323,0
0.06543215603323778,0
0.0639269406392694,0
0.12280701754385964,0
0.017087667161961365,0
0.011111111111111112,0
0.12698412698412698,0
0.17777777777777776,0
0.7569774627581382,0
0.07476635514018691,0
0.4457831325301205,0
0.11417322834645668,0
0.0,0
0.02731640356897735,0
0.14545454545454545,0
0.18406173711753707,0
0.25855072463767875,0
0.07099649832314034,0
0.6098170091978026,0
0.5253614310217409,0
0.03333333333333333,0
0.02729528535980149,0
0.6785714285714286,0
0,0
0.5681714870184041,0
0.2619047619047619,0
0.08433734939759036,0
0.019138755980861243,0
0.0,0
0.7288251652652445,0
0,0
0.017234129685040987,0
0.022900763358778626,0
0.6867469879518072,0
0,0
0.09,0
0.1536413555937656,0
0.9230769230769231,0
0.015384615384615385,0
0.41025641025641024,0
0.0,0
0,0
0.04504504504504505,0
0.27017722060823457,0
0.6297801544860369,0
0.03152771900121078,0
0,0
0.0,0
0.07777777777777778,0
0.029411764705882356,0
0.9629629629629629,0
0.6796459571101365,0
0.0,0
0.0,0
0.0,0
0.0,0
0.0784313725490196,0
0.061068702290076333,0
0.0,0
0.048484848484848485,0
0.5521020236073035,0
0.3930626263059685,0
0.5302013422818792,0
0.020833333333333332,0
0.26865575377469253,0
0,0
0.015384615384615384,0
0.029411764705882353,0
