0.8691041034104623,1
0.8245320329359714,1
0.7701034482758818,1
0.7701034482758818,1
0.8245509549759656,1
0.8245702290539128,1
0.8155390969947115,1
0.7313351762936932,1
0.8155390969947115,1
0.8245320329359714,1
0.7701034482758818,1
0.7701034482758818,1
0.8245509549759656,1
0.8245702290539128,1
0.8155390969947115,1
0.7313351762936932,1
0.8155390969947115,1
0.7289785023806296,1
0.7289785023806296,1
0.8618322686391974,1
0.8619083458004635,1
0.8424639468834988,1
0.7296155019835042,1
0.8424639468834988,1
0.8102269619906957,1
0.7292323636094777,1
0.7294959473151427,1
0.7287338537637477,1
0.7282544883610098,1
0.7287338537637477,1
0.7292323636094777,1
0.7294959473151427,1
0.7287338537637477,1
0.7282544883610098,1
0.7287338537637477,1
0.882119790926443,1
0.84254569383285,1
0.7298715538846955,1
0.84254569383285,1
0.842629028101606,1
0.7299905168326017,1
0.842629028101606,1
0.7293686192883156,1
0.8423837423294179,1
0.7293686192883155,1
0.8217367992661594,1
0.7841323191623866,1
0.7844857787663253,1
0.6425356339084604,1
0.5475609682826319,1
0.6893243639165197,1
0.724970777210495,1
0.7333515042021411,1
0.7421290448269275,1
0.7169613024724816,1
0.7421290448269275,1
0.6999466692731028,1
0.6549255632030169,1
0.6858397972450851,1
0.6158843737544089,1
0.6315889566936411,1
0.6481524874088834,1
0.600970665512396,1
0.6481524874088834,1
0.6069850284598435,1
0.6298945307565561,1
0.4901884768447111,1
0.502593228491585,1
0.5156561461793661,1
0.47839159668507697,1
0.5156561461793661,1
0.4814285714285366,1
0.6197482519954797,1
0.6354536146560563,1
0.6520052437038083,1
0.6046423581278381,1
0.6520052437038083,1
0.6099159316834015,1
0.846077227343748,1
0.8461860956358116,1
0.8249539409396786,1
0.8461860956358116,1
0.8152572376912882,1
0.8683198605375417,1
0.825069788610784,1
0.8683198605375417,1
0.8257730252938713,1
0.825188154709522,1
0.8916889602282618,1
0.836955503512857,1
0.825188154709522,1
0.80534631640151,1
0.8421315192743536,1
0.6989266300348912,1
0.9316770186335404,1
0.9740259740259739,1
0.6600147819660015,1
0.660011194110176,1
0.7618036318867344,1
0.8249286094574318,1
0.7054545454068273,1
0.4244167095556809,1
0.8787982398527406,1
0.8009978255164373,1
0.7874759599525347,1
0.7141062027322389,1
0.7699446233248572,1
0.6886138004908375,1
0.764705882352941,1
0.8846153846153846,1
0.6666666666666666,1
0.6538461538461539,1
0.88,1
0.7692307692307693,1
0.5511304969754358,1
0.5839244957684236,1
0.5939192178209476,1
0.9325370959027928,1
0.6931818181818182,1
0.6923076923076923,1
0.6363636363636364,1
0.6153846153846154,1
0.7241379310344828,1
0.6813186813186813,1
0.9411998205101654,1
0.9995497373467896,1
0.9316770186335404,1
0.5386259678914168,1
0.6247131914292774,1
0.6247131914292774,1
0.5499118165784833,1
0.6887998676498392,1
0.6887998676498392,1
0.6251611170784103,1
0.5837782058337919,1
0.5663236788617887,1
0.5344474017190977,1
0.543896131129207,1
0.543896131129207,1
0.6304687944472891,1
0.5179038662104551,1
0.5179038662104551,1
0.5444168734491316,1
0.6494538587178441,1
0.6397128245476004,1
0.6216859092821986,1
0.7526964560862865,1
0.5593611357586514,1
0.5709470039144836,1
0.5709470039144836,1
0.7552044952100221,1
0.5930786445012788,1
0.5747054318369271,1
0.543670656374589,1
0.5548654244306419,1
0.568652493957372,1
0.568652493957372,1
0.7532327586206896,1
0.5889519792342635,1
0.5713922764227642,1
0.5392793253258369,1
0.5511515717398071,1
0.5511515717398071,1
0.5599108830677829,1
0.8211849020544673,1
0.8201446654611211,1
0.7973010596711734,1
0.6895638863796046,1
0.5713976171293245,1
0.567732991586944,1
0.5673742848539597,1
0.5358629212063502,1
0.5713976171293245,1
0.567732991586944,1
0.5673742848539597,1
0.5358629212063502,1
0.5939370178095031,1
0.5752510760401721,1
0.5442050774559434,1
0.8450625593918277,1
0.7976380670920284,1
0.7968291592128802,1
0.0,0
0.020921610169490127,0
0.23517329045267654,0
0.0363503724109758,0
0.0,0
0.204737682699451,0
0.2762000778904258,0
0.0,0
0.05319433233730929,0
0.045454545454545456,0
0.08928571428571429,0
0.44298374602644736,0
0.0,0
0.19326441335756933,0
0.4736853443389711,0
0.025304592314901595,0
0.051612903225806445,0
0.0,0
0.023234414538762363,0
0.043408744679036354,0
0.375802469132506,0
0.0,0
0.0,0
0.026388766228031442,0
0.03179761017744294,0
0.017241379310344827,0
0.00743187448382711,0
0.02597402597402598,0
0.051091047409975485,0
0.02378060108899147,0
0.04588370653538765,0
0.021897559147127522,0
0.041237113402061855,0
0.032126039735595566,0
0.041791044776119404,0
0.0,0
0.0,0
0.4531952046822681,0
0.20636987505071872,0
0.026785714285714284,0
0.0,0
0.4450706436420631,0
0.02574439900938778,0
0.35860008589537457,0
0.0,0
0.40948707673811713,0
0.09822282980161717,0
0.015459006759229692,0
0.5101761252446183,0
0.5343964683343532,0
0.19667040525934715,0
0.021534056655714437,0
0.06874516530454376,0
0.08466666666666667,0
0.3583388704318937,0
0.02910668073189797,0
0.0,0
0.02658067137108864,0
0.051000226039783,0
0.03868819785745023,0
0.0,0
0.0,0
0.05703424323954373,0
0.0,0
0.013467452574242795,0
0.05161290322580646,0
0.0,0
0.0,0
0.0,0
0.05714285714285714,0
0.010309278350515464,0
0.0,0
0.0,0
0.0,0
0.05907626208371119,0
0.028368794326241134,0
0.0,0
0.41492137163613296,0
0.08190207156306449,0
0.03868926046459432,0
0.22392408245347922,0
0.0,0
0.015463917525773195,0
0.7430282292542305,0
0.08090162502184169,0
0.053408955223880596,0
0.0,0
0.0,0
0.5642199904351533,0
0.028693627849060693,0
0.4239121550458889,0
0.04395604395604396,0
0.022920847268673356,0
0.04395604395604396,0
0.0,0
0.142933275378228,0
0.021739130434782608,0
0.045454545454545456,0
0.09615384615384616,0
0.013612170929885111,0
0.0,0
0.4540717263337339,0
0.04088076374072554,0
0.09727884706551625,0
0.0,0
0.4888452427672423,0
0.444475138121547,0
0.08928571428571429,0
0.0,0
0.09740446317402549,0
0.0,0
0.03107467979252673,0
0.03138164560337013,0
0.03610769020251527,0
0.0,0
0.6310584448009469,0
0.04247286455875413,0
0.0,0
0.10588235294117647,0
0.02103047497025716,0
0.0,0
0.0,0
0.04597701149425287,0
0.4233963071523046,0
0.07161803713527615,0
0.037247829134850134,0
0.0,0
0.0,0
0.0,0
0.20134142729412688,0
0.025974025974025976,0
0.025157232704402517,0
0.09927762592737212,0
0.43026891369569675,0
0.10714285714285714,0
0.02237698500755385,0
0.5571698476663163,0
0.020883514789478756,0
0.016959041580769378,0
0.16515151515151513,0
0.02454469464778743,0
0.056818181818181816,0
0.03814521310587805,0
0.4535448232260911,0
0.030280428358846694,0
0.04744813210922476,0
0.2762000778904258,0
0.0,0
0.03936302038018403,0
0.02272793369201687,0
0.0,0
0.04204588114733307,0
0.0,0
0.16112199349940454,0
0.2777611940298508,0
0.47103673469387763,0
0.04041646926707726,0
0.029731581612893614,0
0.36792043520642304,0
0.3664088348384374,0
0.11818181818181818,0
0.0525637034731178,0
0.03136934342112082,0
0.02525104649863364,0
0.0,0
0.22392408245347922,0
0.03936302038018403,0
0.0,0
0.0,0
0.031293003069757595,0
0.021070049641478215,0
0.741398985629745,0
0.0,0
0.17163636363636364,0
0.0,0
0.6887998676498392,0
0.010610079575596816,0
0.06116542972213075,0
0.070551593381816,0
0.03735632183906413,0
0.015915119363395226,0
0.046935524178433094,0
0.7857142857142857,1
1.0,1
0.633578431372549,1
1.0,1
0.8557692307692307,1
0.8125,1
0.6953125,1
0,1
0.653846153846154,1
0.8483925425719251,1
0.9777410468319558,1
0.9132938533796201,1
0.7228962818003913,1
1.0,1
0.7966101694915254,1
0.8245614035087719,1
0.5789473684210527,1
0.8813559322033898,1
1.0,1
1.0,1
1.0,1
1.0,1
1.0,1
1.0,1
1.0,1
1.0,1
1.0,1
1.0,1
1.0,1
0.9181292808219198,1
1.0,1
1.0,1
0.9447368421052631,1
1.0,1
0.810126582278481,1
0.8959930981595092,1
0.7307692307692307,1
0.7215189873417721,1
0.9113924050632911,1
0.8076923076923078,1
1.0,1
1.0,1
0.6521739130434783,1
0.7433098197290338,1
0.7888764880952381,1
0.5973292244478685,1
0.6638863144887241,1
0.7555020979020979,1
0.6404201125750763,1
0.8452473677547543,1
0.7058823529411764,1
0.633578431372549,1
0.8636363636363636,1
0.8666666666666667,1
0.8666666666666668,1
0.7391304347826086,1
0.7555555555555556,1
0.7555555555555555,1
0.8695652173913042,1
1.0,1
0.8695652173913043,1
0.8695652173913043,1
1.0,1
1.0,1
1.0,1
1.0,1
1.0,1
1.0,1
1.0,1
1.0,1
1.0,1
1.0,1
1.0,1
0.775609756097561,1
0.7698412698412699,1
0.603448275862069,1
0.7407096451774113,1
0.9999999999999929,1
0.6823104693141039,1
1.0000000000000033,1
0.6799999999999958,1
0.9166666666666666,1
0.6136363636363636,1
0.6458333333333334,1
0.8497670807453378,1
1.0,1
1.0,1
0.9330308529945553,1
0.9225130890052355,1
0.9235602094240838,1
0.9147343882157464,1
0.9164231443600233,1
1.0,1
1.0,1
0.699896928454464,1
0.5464667622092064,1
0.5510683760683514,1
0.869953014255122,1
0.7286287089014889,1
0.8246192702200104,1
0.6835156566533521,1
0.8588932603049723,1
0.6930227940837779,1
0.6138733951978957,1
0.8479209637401682,1
0.7091182154530331,1
0.5744349389579814,1
0.7411260709915444,1
0.8109520648355448,1
0.5919645642273229,1
0.56445721420864,1
0.7039884829964003,1
0.8677020419903346,1
0.6711459505111611,1
0.7393065160268116,1
0.7203647416414269,1
1.0000000000000477,1
1.0000000000000477,1
0.7203647416414269,1
0.6748576565777645,1
0.5165956494836494,1
0.50938991444091,1
0.5728450682530863,1
0.5673438474561169,1
0.8225806451612961,1
0.7203647416414269,1
0.7203647416414269,1
1.0000000000000142,1
0.7419354838709677,1
1.0,1
0.8064516129032258,1
0.9206349206349206,1
0.7419354838709677,1
0.5097624673547192,1
0.5103434470513248,1
0.5097624673547192,1
0.5103197178273348,1
0.5097400389477045,1
0.5097851580822838,1
0.5097624673547192,1
0.5106493506504782,1
0.5106767471890228,1
0.42772587676713747,1
0.42661781940299687,1
0.7301587301587301,1
0.9313606798651523,1
0.9313661520077837,1
0.7337508927483154,1
0.913318707716346,1
0.721001268846155,1
0.8939838035526613,1
0.9133059035756556,1
0.913318707716346,1
0.8749610080264496,1
0.8935397696183558,1
0.7684173921981042,1
0.6681535186348686,1
0.8039263504450911,1
0.9157127448006064,1
0.732714343906694,1
0.7337866705267654,1
0.7337508927483153,1
0.7208852316282791,1
0.7215742738945605,1
0.612269930191066,1
0.8166268568810796,1
0.721001268846155,1
0.8939838035526613,1
0.9133059035756556,1
0.913318707716346,1
0.8749610080264496,1
0.8935397696183558,1
0.7684173921981042,1
0.6681535186348686,1
0.8070921985815843,1
0.7210324530344947,1
0.7210012688461549,1
0.7093034416555889,1
0.7099916111079062,1
0.602039566964968,1
0.803234731017635,1
0.7419354838709677,1
0.9019607843137255,1
0.8095238095238095,1
1.0,1
0.8939688879899143,1
0.8939838035526613,1
0.8749812424981537,1
0.8935578291751448,1
0.752474579172021,1
0.668001424344736,1
0.8870967741935483,1
0.8730158730158731,1
0.8870967741935483,1
0.8870967741935483,1
0.8870967741935484,1
0.8870967741935484,1
1.0,1
0.8870967741935483,1
0.8730158730158731,1
0.8870967741935483,1
0.8870967741935483,1
0.8870967741935484,1
0.8870967741935484,1
0.9313606798651523,1
1.0,1
0.9133059035756541,1
0.8749404523726566,1
0.8935214211086592,1
0.7850587848225513,1
0.6683275405645991,1
0.8749610080264496,1
0.8935397696183558,1
0.7650880943792946,1
0.6731884274142897,1
0.8870967741935484,1
1.0,1
0.8870967741935484,1
0.9090909090909092,1
1.0,1
0.9090909090909092,1
0.9018528289757857,1
0.8870967741935484,1
1.0,1
0.9090909090909092,1
1.0,1
0.8774095684785318,1
0.732893157154632,1
0.6613578110982852,1
0.8730158730158731,1
0.9166666666666666,1
0.9166666666666666,1
0.9016393442622951,1
0.9166666666666665,1
0.8870967741935483,1
1.0,1
0.8730158730158731,1
0.9166666666666666,1
0.9166666666666666,1
0.9016393442622951,1
0.9166666666666665,1
0.8730158730158731,1
0.8730158730158731,1
0.8730158730158731,1
0.873015873015873,1
0.8730158730158731,1
0.8730158730158731,1
1.0,1
0.8730158730158731,1
0.8730158730158731,1
0.8730158730158731,1
0.873015873015873,1
0.9166666666666666,1
0.9016393442622951,1
0.9166666666666665,1
0.8870967741935483,1
0.9166666666666666,1
0.8730158730158731,1
1.0,1
0.9166666666666666,1
0.9016393442622951,1
0.9166666666666665,1
0.7480761275553256,1
0.6613891146458101,1
1.0000000000000477,1
0.7203647416414269,1
0.9016393442622951,1
0.9166666666666665,1
0.8870967741935483,1
0.9166666666666666,1
0.8730158730158731,1
0.9166666666666666,1
1.0,1
0.9016393442622951,1
0.9166666666666665,1
0.9016393442622951,1
0.8870967741935484,1
0.9016393442622951,1
0.8730158730158731,1
0.9016393442622951,1
0.9016393442622951,1
1.0,1
0.9016393442622951,1
0.8870967741935484,1
0.9166666666666665,1
0.873015873015873,1
0.9166666666666665,1
0.9166666666666665,1
0.9016393442622951,1
1.0,1
1.0,1
0.35714285714285715,1
0.5655515370705172,1
0.5914285714285715,1
1.0,1
0.35714285714285715,1
0.6491228070175439,1
0.43859649122807015,1
0.35714285714285715,1
1.0,1
0.8235294117647058,1
1.0,1
0.8235294117647058,1
0.8556210639198106,1
0.6952973682687337,1
0.8669342560554827,1
0.7859461709213184,1
0.8216090050300556,1
0.7350086556745534,1
0.9293384726984294,1
0.8235294117647058,1
1.0,1
0.5612091049822461,1
0.7510125691301919,1
0.7746031746036132,1
0.8194444444444445,1
0.7755108388019731,1
0.7791985030406892,1
0.8481012658227848,1
0.855072463768116,1
0.527027027027027,1
0.7706376668314288,1
0.5655515370705172,1
0.6491228070175439,1
0.5914285714285715,1
0.43859649122807015,1
0.7880434782608747,1
0.818324420677369,1
0.6333333333333333,1
0.7627643115008496,1
0.8628256923472655,1
0.8854550200582376,1
1.0,1
0.6937728937728938,1
0.9107268877911033,1
1.0000000000000024,1
0.8406504065040651,1
0.9102564102564102,1
1.0000000000000078,1
1.0,1
0.8064516129032258,1
0.9206349206349206,1
0.7419354838709677,1
0.7301587301587301,1
0.9019607843137255,1
0.8095238095238095,1
0.8870967741935483,1
0.8730158730158731,1
0.8870967741935483,1
0.8870967741935483,1
0.8870967741935484,1
0.8870967741935484,1
0.8870967741935484,1
0.9090909090909092,1
0.8730158730158731,1
0.9166666666666666,1
0.9166666666666666,1
0.9016393442622951,1
0.9166666666666665,1
0.8730158730158731,1
0.8730158730158731,1
0.8730158730158731,1
0.873015873015873,1
0.9166666666666666,1
0.9016393442622951,1
0.9166666666666665,1
0.9016393442622951,1
0.9166666666666665,1
0.9016393442622951,1
0.35714285714285715,1
0.8235294117647058,1
0.8481012658227848,1
0.0,0
0,0
0.08860759493670886,0
0.0,0
0.0,0
0.0,0
0.3114754098360656,0
0.0,0
0,0
0.3387096774193548,0
0.043478260869565216,0
0.0,0
0.0,0
0.06896551724137931,0
0.0,0
0,0
0.8095238095238095,0
0,0
0.0,0
0.03333333333333333,0
0.0,0
0.0,0
0.1285193903449364,0
0.0,0
0.12969081896913381,0
0.14516129032258066,0
0,0
0.0958904109589041,0
0.0,0
0,0
0.0,0
0.0,0
0.38333333333333336,0
0.0,0
0,0
0.0,0
0.0,0
0.0,0
0.06818181818181818,0
0.22077922077922074,0
0,0
0.0,0
0.2727272727272727,0
0.0782608695652174,0
0,0
0.09803921568627451,0
0.0,0
0.0,0
0.0,0
0.0,0
0.12698412698412698,0
0.0603448275862069,0
0.3673469387755102,0
0.03828774062807398,0
0.0,0
0.0,0
0.6507936507936508,0
0.0,0
0.20588235294117646,0
0.0,0
0,0
0.0,0
0.0,0
0.0,0
0.0641025641025641,0
0.0,0
0.0,0
0.0,0
0.48441767068273095,0
0.0,0
0.043478260869565216,0
0.0,0
0.06329113924050633,0
0.0,0
0,0
0.0,0
0.015105616505649256,0
0,0
0,0
0,0
0.011127436073403009,0
0.0,0
0.0,0
0.0,0
0.07042253521126761,0
0.4435483870967742,0
0.0,0
0.14,0
0.0,0
0,0
0.0,0
0,0
0,0
0.0,0
0,0
0,0
0.0,0
0.0,0
0.0,0
0.0,0
0.0,0
0.6029411764705882,0
0.043478260869565216,0
0,0
0.1111111111111111,0
0,0
0.0,0
0.0,0
0,0
0.12969081896913381,0
0.6825396825396826,0
0.055555555555555546,0
0,0
0.20588235294117646,0
0.07142857142857142,0
0.07042253521126761,0
0.012578616352201259,0
0.21868492369120532,0
0.0,0
0.18548387096774194,0
0.0,0
0,0
0.0,0
0.0,0
0.3387096774193548,0
0.2236842105263158,0
0,0
0.33064516129032256,0
0.22368421052631582,0
0,0
0.5932203389830508,0
0.0,0
0.0,0
0.0,0
0.20000000000000004,0
0.0,0
0.0,0
0.0,0
0.0,0
0,0
0.2236842105263158,0
0.0,0
0.0,0
0.0,0
0.0,0
0.0,0
0.5737704918032787,0
0.0,0
0.5641064159742986,0
0.0,0
0.0,0
0.0,0
0.0,0
0.05714285714285714,0
0.5189873417721519,0
0.5671641791044776,0
0,0
0.36363743278086225,0
0.0,0
0.4790202224748815,0
0.0,0
0.27380952380952384,0
0.0,0
0.030172413793103446,0
0.0,0
0.0,0
0.07042253521126761,0
0.0,0
0.38333333333333336,0
0.43789503384512535,0
0.0390625,0
0.0,0
0.0,0
0.08333333333333333,0
0.0,0
0,0
0.11666666666666667,0
0.07598784194528875,0
0.0,0
0.3191489361702128,0
0.0,0
0.0,0
0.26865671641791045,0
0.0,0
0.8008474576271091,0
0.0,0
0.4264705882352941,0
0.01314052671859545,0
0.7049180327868853,0
0.0,0
0.0,0
0,0
0.05806451612903226,0
0.0,0
0.05102040816326531,0
0.0,0
0,0
0.0,0
0.0,0
0.0,0
0.014760147601476014,0
0,0
0.6612903225806451,0
0.0,0
0.6075949367088608,0
0.0,0
0.0,0
0.19791666666666666,0
0,0
0.0,0
0.4979886455789635,0
0.35714285714285715,0
0.3571428571428571,0
0.0668693009118541,0
0.4043190822889209,0
0.7320311357394518,0
0.0,0
0.0,0
0.14035087719298245,0
0,0
0.0,0
0,0
0.04032258064516129,0
0.0,0
0.3670886075949367,0
0.03225806451612903,0
0.025862068965517238,0
0.3670886075949367,0
0.22996974732601447,0
0.0,0
0.0,0
0.0,0
0,0
0.0782608695652174,0
0.02531645569620253,0
0.0,0
0.0,0
0.009615384615384616,0
0.0,0
0.0,0
0.16363636363636364,0
0.0,0
0.060240963855421686,0
0.011371108670838383,0
0.0,0
0.07142857142857142,0
0.4662370546375145,0
0.0,0
0.0,0
0.0641025641025641,0
0.0,0
0.0,0
0.06578947368421052,0
0.0,0
0.38767370046320127,0
0.0,0
0.0,0
0,0
0,0
0.2711864406779661,0
0.0,0
0.746031746031746,0
0.0,0
0.0,0
0.01032413671392435,0
0,0
0.04807692307692308,0
0.0,0
0.0,0
0.0,0
0.0,0
0.0,0
0.07142857142857142,0
0.012578616352201259,0
0,0
0.03225806451612903,0
0.12000000000000001,0
0.0,0
0.18,0
0.0,0
0,0
0.0,0
0.0,0
0.5500545444788011,0
0.07258064516129033,0
0.0,0
0.0,0
0.0,0
0.7580645161290323,0
0.26582278481012656,0
0.0,0
0.0,0
0.014760147601476014,0
0.0,0
0.48387096774193544,0
0.0,0
0.10434782608695652,0
0.00948752045826514,0
0.0,0
0.0,0
0.0,0
0.11842105263157894,0
0.11198376778712425,0
0.0,0
0.2857142857142857,0
0,0
0.0,0
0,0
0.0,0
0.0,0
0.0,0
0,0
0,0
0.0,0
0.05714285714285714,0
0.08860759493670886,0
0.0,0
0.0,0
0,0
0.0,0
0.0,0
0.0,0
0.0,0
0.2661279896574014,0
0.0,0
0.11864406779661017,0
0.0,0
0.02586206896551724,0
0.33673469387755095,0
0.0,0
0,0
0.5263157894736842,0
0,0
0.0,0
0.0,0
0.0,0
0.0,0
0.2033898305084746,0
0.0,0
0.27380952380952384,0
0.0,0
0.0,0
0.0,0
0.0009707952346233972,0
0.7218312990509228,0
0.0,0
0,0
0.0,0
0.0,0
0.0,0
0.0,0
0.0,0
0.0,0
0,0
0.0,0
0.0390625,0
0.07142857142857142,0
0.0,0
0.0,0
0.06140350877192982,0
0.0,0
0.07692307692307693,0
0.0,0
0.2711864406779661,0
0.0379746835443038,0
0.0,0
0.0,0
0.0440251572327044,0
0.0,0
0.5624822802279773,0
0.09153863466755116,0
0.0,0
0.5771971496437055,1
0.9889068172650249,1
0.8848814229249011,1
0.9471538577683829,1
0.9348148148148149,1
0.9471606437898572,1
0.9471538577683829,1
0.9348148148148149,1
0.9227973248037219,1
0.8848814229249011,1
0.885012285012285,1
0.88474913065077,1
0.8848814229249011,1
0.885012285012285,1
0.8851417399804496,1
0.9348148148148149,1
0.9471606437898572,1
0.9471538577683829,1
0.9348148148148149,1
0.9227973248037219,1
0.9348230912476723,1
0.9348148148148149,1
0.9348066298342541,1
0.9227877385772123,1
0.9471606437898572,1
0.9348230912476723,1
0.9228070175438596,1
0.9348148148148149,1
0.9227973248037219,1
0.9227877385772123,1
0.9999999999999932,1
0.9909233176837076,1
0.7386759581881533,1
0.6548387096774194,1
0.6870967741935484,1
1.0000000000000042,1
0.8524992304140411,1
0.699151385821707,1
0.6994660810248162,1
0.8503869165823177,1
0.6970253557807857,1
0.6997801185577,1
0.7928326290477169,1
0.7930365339403695,1
1.0000000000001794,1
0.6736796908542505,1
0.6736796908542505,1
0.6687826209618633,1
0.6712134129012005,1
0.6712134129012005,1
0.6606951651427032,1
0.8988304093565437,1
0.8631042934413086,1
0.8810400682010121,1
0.8810400682010121,1
0.8180043947401126,1
0.8631042934413086,1
0.8810400682010137,1
0.8810400682010137,1
0.8180043947401126,1
0.8614253393663116,1
0.8614253393663116,1
0.8139287612969466,1
0.879530087897048,1
0.8159495962125163,1
0.8159495962125163,1
0.6376626237829062,1
0.9417961752601621,1
0.32179441176811147,1
0.32408848479184876,1
0.3195474772311633,1
0.32179441176811147,1
0.32179441176811147,1
0.31734624305767706,1
0.3195474772311633,1
0.31471258117146134,1
0.8719029374200996,1
0.8453867848508372,1
0.8714105339104549,1
0.8714105339104549,1
0.8212322745861497,1
0.8453867848508372,1
0.7987362650919235,1
0.8459648102702193,1
0.8719029374200996,1
0.8719029374200996,1
0.821884795708052,1
0.8459648102702193,1
0.799453587868613,1
0.8453867848508372,1
0.8453867848508372,1
0.8205940945878056,1
0.8448216044407735,1
0.7980345362886403,1
0.9530516431924881,1
0.8714105339104549,1
0.8212322745861497,1
0.8453867848508372,1
0.7987362650919235,1
0.8212322745861497,1
0.8453867848508372,1
0.7987362650919235,1
0.8205940945878056,1
0.7973478984273633,1
0.7980345362886403,1
0.7650747222082135,1
0.7104959289415248,1
0.8269162839985872,1
0.8769825613509036,1
0.8187330259584413,1
0.7188960240093124,1
1.0,1
0.9391564727998992,1
0.9236111111111112,1
0.9018691588785047,1
0.9554112554112555,1
0.9448852441557059,1
0.9554153979991301,1
0.9554112554112555,1
0.9448852441557059,1
0.9345911949685535,1
0.9019677996422183,1
0.9020655270655271,1
0.9018691588785047,1
0.9019677996422183,1
0.9020655270655271,1
0.902162353775257,1
0.944880220479118,1
0.9554112554112555,1
0.9554071520896166,1
0.944880220479118,1
0.934585289514867,1
0.9448852441557059,1
0.944880220479118,1
0.9448752439732024,1
0.9345794392523364,1
0.9554112554112555,1
0.9448852441557059,1
0.9345911949685535,1
0.944880220479118,1
0.934585289514867,1
0.9345794392523364,1
0.8184746576987734,1
0.899925925925926,1
0.8773369487655202,1
0.8884850247164874,1
0.9116714479842972,1
0.899925925925926,1
0.8884850247164874,1
0.9254658385093167,1
0.9370865688812194,1
0.94902394106814,1
0.949010989010989,1
0.9370865688812194,1
0.9254475254475255,1
0.9254843517138598,1
0.9254658385093167,1
0.9254475254475255,1
0.9371023713128976,1
0.9370865688812194,1
0.937070938215103,1
0.94902394106814,1
0.9371023713128976,1
0.9370865688812194,1
0.7647668393782383,1
0.7651282051282052,1
0.7649484536082475,1
0.7645833333333334,1
0.7647668393782383,1
0.7649484536082475,1
0.922563012450653,1
0.9346025849392461,1
0.946984126984127,1
0.9469696969696969,1
0.9346025849392461,1
0.9225426543862297,1
0.9225836005497023,1
0.922563012450653,1
0.9225426543862297,1
0.9346201743462017,1
0.9346025849392461,1
0.9345851931660766,1
0.946984126984127,1
0.9346201743462017,1
0.9346025849392461,1
0.8262275801234931,1
0.8359306086445164,1
0.8264619883040936,1
0.8259905381431106,1
0.8262275801234931,1
0.8264619883040936,1
0.9196078431372547,1
0.9328720863190841,1
0.9455621301775147,1
0.945546218487395,1
0.9328720863190841,1
0.9195906432748538,1
0.9196252465483234,1
0.9196078431372547,1
0.9195906432748538,1
0.9328914664457333,1
0.9328720863190841,1
0.9328529315427447,1
0.9455621301775147,1
0.9328914664457333,1
0.9328720863190841,1
0.8197006888906485,1
0.8201956947162428,1
0.8199496142339789,1
0.8194488690665818,1
0.8197006888906485,1
0.8199496142339789,1
0.9172341540073335,1
0.9300356506238859,1
0.943228642065745,1
0.943210775391336,1
0.9300356506238859,1
0.9172090601405883,1
0.9172595520421606,1
0.9172341540073335,1
0.9172090601405883,1
0.9300573888091822,1
0.9300356506238859,1
0.9300141743444366,1
0.943228642065745,1
0.9300573888091822,1
0.9300356506238859,1
0.9498234128693255,1
0.9498356685694517,1
0.9498112560054907,1
0.9403931515535827,1
0.9498234128693255,1
0.9498234128693255,1
0.9311666666666667,1
0.9594470046082949,1
0.9498234128693255,1
0.9404074702886248,1
0.959437013724976,1
0.959437013724976,1
0.9311830655957163,1
0.9498356685694517,1
0.9404219049648413,1
0.9594470046082949,1
0.9594470046082949,1
0.9311995967741935,1
0.9403931515535827,1
0.9498234128693255,1
0.9498234128693255,1
0.9311666666666667,1
0.9404074702886248,1
0.9404074702886248,1
0.9311503984063745,1
0.959437013724976,1
0.9311830655957163,1
0.9311830655957163,1
0.8109965635738839,1
0.8109965635738839,1
0.792353085812639,1
0.8015634771732341,1
0.8206606217616589,1
0.8109965635738839,1
0.8015634771732341,1
0.9132906894100932,1
0.8015634771732341,1
0.8109965635738839,1
0.8206606217616589,1
0.8015634771732341,1
0.792353085812639,1
0.8109965635738839,1
0.8109965635738839,1
0.9531368102796681,1
0.9313618108798838,1
0.942119598860964,1
0.9531497309275094,1
0.9531368102796681,1
0.942119598860964,1
0.8731527093596066,1
0.942119598860964,1
0.9531368102796681,1
0.9531497309275094,1
0.942119598860964,1
0.9313618108798838,1
0.9531368102796681,1
1.0000000000000007,1
0.9313618108798838,1
0.942119598860964,1
0.9531497309275094,1
0.9531368102796681,1
0.942119598860964,1
0.8731527093596066,1
0.942119598860964,1
0.9531368102796681,1
0.9531497309275094,1
0.942119598860964,1
0.9313618108798838,1
1.0000000000000007,1
0.9531368102796681,1
0.9313434643095001,1
0.9313803437098656,1
0.9313618108798838,1
0.9313434643095001,1
0.8735772357723584,1
0.9313434643095001,1
0.9313618108798838,1
0.9313803437098656,1
0.9313434643095001,1
1.0000000000000007,1
0.9313618108798838,1
0.9313618108798838,1
0.9421353907416632,1
0.942119598860964,1
0.9421039664942111,1
0.8733660130718961,1
0.9421039664942111,1
0.942119598860964,1
0.9421353907416632,1
1.0000000000000007,1
0.9313434643095001,1
0.942119598860964,1
0.942119598860964,1
0.9531497309275094,1
0.9421353907416632,1
0.8729372937293736,1
0.9421353907416632,1
0.9531497309275094,1
1.0000000000000007,1
0.9421353907416632,1
0.9313803437098656,1
0.9531497309275094,1
0.9531497309275094,1
0.942119598860964,1
0.8731527093596066,1
0.942119598860964,1
1.0000000000000007,1
0.9531497309275094,1
0.942119598860964,1
0.9313618108798838,1
0.9531368102796681,1
0.9531368102796681,1
0.8733660130718961,1
1.0000000000000007,1
0.942119598860964,1
0.9421353907416632,1
0.9421039664942111,1
0.9313434643095001,1
0.942119598860964,1
0.942119598860964,1
0.8733660130718961,1
0.8731527093596066,1
0.8729372937293736,1
0.8733660130718961,1
0.8735772357723584,1
0.8731527093596066,1
0.8731527093596066,1
0.942119598860964,1
0.9421353907416632,1
0.9421039664942111,1
0.9313434643095001,1
0.942119598860964,1
0.942119598860964,1
0.9531497309275094,1
0.942119598860964,1
0.9313618108798838,1
0.9531368102796681,1
0.9531368102796681,1
0.9421353907416632,1
0.9313803437098656,1
0.9531497309275094,1
0.9531497309275094,1
0.9313434643095001,1
0.942119598860964,1
0.942119598860964,1
0.9313618108798838,1
0.9313618108798838,1
0.9531368102796681,1
0.8834615384615315,1
0.8830310880828945,1
0.8832474226804053,1
0.8834615384615315,1
0.8836734693877483,1
0.8832474226804053,1
0.8557828143234376,1
0.8924479166666596,1
0.9394021007271748,1
0.9393878507802559,1
0.9393737508327782,1
0.9281413612565446,1
0.9393878507802559,1
0.8678508440413202,1
0.9387395924998307,1
0.9509118332647745,1
0.9394021007271748,1
0.9281746031746032,1
0.9509118332647745,1
0.8673794068983072,1
0.9503811503811503,1
0.9393878507802559,1
0.9281578947368421,1
0.9509001636661212,1
0.8676163342830008,1
0.9503722084367245,1
0.9281413612565446,1
0.9393878507802559,1
0.8678508440413202,1
0.9387395924998307,1
0.9281578947368421,1
0.8680829729899103,1
0.9273936170212765,1
0.8676163342830008,1
0.9503722084367245,1
0.8766071771253117,1
1.0,1
0.01297134238310709,0
0.0129518892196377,0
0.061163101604278076,0
0.06114864864864865,0
0.15253027664464006,0
0.6666666666666666,0
0.22101714260385846,0
0.0,0
0.0,0
0.5379699248120301,0
0.06433344659644354,0
0.0,0
0.023003839674354563,0
0.6059959710866217,0
0.0,0
0.0,0
0.18961309523809522,0
0.0,0
0.0020766994311745444,0
0.0,0
0.0,0
0.0,0
0.006714876033057851,0
0.14582315583781144,0
0.05099562894609034,0
0.17528160445857371,0
0.02615233736515201,0
0.12639077340569876,0
0.5491169172383594,0
0.0,0
0.050489596083231336,0
0.3701440534530908,0
0.013047215570700559,0
0.844946641556811,0
0.0,0
0.032311170082067915,0
0.0,0
0.0,0
0.016968325791855206,0
0.0,0
1.0,0
0.0,0
0.005807200929152149,0
0.2822107380116363,0
0.047058823529411764,0
0.0,0
0.18950501253132832,0
0.03070175438596491,0
0.16887204673403375,0
0.01348747591522158,0
0.5434157561817137,0
0.8825754527162977,0
0.0,0
0.012954645870599388,0
0.11250730566919931,0
0.5449958228905597,0
0.6523509324927765,0
0.002314814814737304,0
0.04264705882352941,0
0.18448423932058908,0
0.006716757741347905,0
0.0,0
0.017223712640092793,0
0.22000773993808048,0
0.032372598162071844,0
0.0,0
0.0,0
0.0,0
0.06439266013734098,0
0.0,0
0.22559499798305768,0
0.02286373877623503,0
0.8807471264367817,0
0.0,0
0.15486993345432545,0
0.0,0
0.0,0
0.7652648562569941,0
0.051470588235294115,0
0.0,0
0.2228855721393035,0
0.7653123551962759,0
0.0,0
0.8388015957013758,0
0.0,0
0.0,0
0.6948160535117056,0
0.1261327675489068,0
0.0,0
0.0,0
0.0017543859649063675,0
0.052211001078537114,0
0.3765253441800982,0
0.03235294117647059,0
0.0,0
0.01816632839710341,0
0.0,0
0.844946641556811,0
0.0,0
0.0,0
0.12296579824669714,0
0.7652178444863204,0
0.023703174319575963,0
0.0,0
0.6865650172612198,0
0.0,0
0.07433870477348739,0
0.003903550109959158,0
0.7407075682937752,0
0.01834000116444452,0
0.09609720176730485,0
0.023812657803731048,0
0.1927023154781162,0
0.0,0
0.14708759783263095,0
0.0,0
0.8209173464676004,0
0.6513967959751092,0
0.0,0
0.5678778968003921,0
0.5955977907732295,0
0.0,0
0.5618428530832623,0
0.0,0
0.11339433028348582,0
0.023474178403755867,0
0.05085748078060319,0
0.0,0
0.0,0
0.0,0
0.0,0
0.007352941176470588,0
0.6309782608695652,0
0.5492589363557105,0
0.0,0
0.02287227639340315,0
0.6304945054945056,0
0.0,0
0.06111111111111111,0
0.0,0
0.02217623804967774,0
0.03203203203203203,0
0.049306062819576335,0
0.0,0
0.5342465753424658,0
0.022980457634269605,0
0.0,0
0.5491169172383594,0
0.0,0
0.6552226935312832,0
0.0013435270784443168,0
0.0,0
0.1851229702373261,0
0.0,0
0.023733871901411168,0
0.048402607116144886,0
0.0,0
0.7540422105088876,0
0.8583056740951477,0
0.0,0
0.0,0
0.0011242451496726608,0
0.0,0
0.05426410449835232,0
0.04415103860062232,0
0.0,0
0.005807200929152149,0
0.005807200929152149,0
0.0,0
0.0,0
0.11329974041838449,0
0.0,0
0.0,0
0.0,0
0.0,0
0.012958454409801305,0
0.031782437745740494,0
0.6513714432196872,0
0.14560388623131976,0
0.6076542832390562,0
0.24380816628203214,0
0.37113402061853273,0
0.21704260651629073,0
0.022866611433305716,0
0.061452513966480445,0
0.0,0
0.0,0
0.6666666666666666,0
0.5977397855694001,0
0.1658232317288455,0
0.0,0
0.023474178403755867,0
0.0,0
0.0,0
0.0,0
0.06117724867724868,0
0.04968165155315455,0
0.044256981382978726,0
0.0,0
0.0,0
0.007352941176470588,0
0.8067253299811439,0
0.011087925302397961,0
0.016754079254079256,0
0.09788842544316996,0
0.8170366871358841,0
0.0,0
0.014422432602190217,0
0.006691689414619351,0
0.12140154927040173,0
0.9130650769995032,0
0.17312006947962652,0
0.5376955903271693,0
0.8582652419861722,0
0,0
0.018911741588838307,0
0.0,0
0.0,0
0.013157894736842105,0
0.11302922508195579,0
0.007352941176470588,0
0.022236579981693858,0
0.0013361753570848404,0
0.00671778986602196,0
0.1943293775190311,0
0.18680961663417803,0
0.0,0
0.22874620934853077,0
0.14865900383141764,0
0.7811287477956036,0
0.06114130434782609,0
0.2140225787283808,0
0.0,0
0.12363159619796787,0
0.0,0
0.18643969660123907,0
0.1875838783205164,0
0.8825754527162977,0
0.0,0
0.651379712397979,0
0.8502958579881656,0
0.8278423772609819,0
0.18993783520234034,0
0.0,0
0.01852023838747653,0
0.0,0
0.0,0
0.0,0
0.0,0
0.12136873027962135,0
0.5513465522343889,0
0.23544980299046014,0
0.0,0
0.0,0
0.022246683274433698,0
0.12136873027962135,0
0.009501187648456057,0
0.1273046362724678,0
0.0,0
0.6314516129032258,0
0.0025318287036189264,0
0.0,0
0.0,0
0.11304075453311524,0
0.6325916230366492,0
0.0,0
0.9148648648648648,0
0.004645760743321719,0
0.01304902962206333,0
0.0741053817976895,0
0.09206349206349207,0
0.22590175727057857,0
0.17220424307802948,0
0.0,0
0.016129032258064516,0
0.022220919324577863,0
0.040919952210274786,0
0.0,0
0.038535645472061654,0
0.0,0
0.05029184907233687,0
0.007352941176470588,0
0.013157894736842105,0
0.11834698855463131,0
0.04049074030881187,0
0.19220744421708896,0
0.03186154598825832,0
0.6666666666666666,0
0.0,0
0.0,0
0.0,0
0.023005546892973083,0
0.0059382422802850355,0
0.0011211480555964276,0
0.02217146428385426,0
0.006693742478941034,0
0.6323684210526316,0
0.0,0
0.0,0
0.0,0
0.814832309872461,0
0.0,0
0.22264705882352942,0
0.5890348372358651,0
0.0,0
0.0,0
0.2231939163498099,0
0.0,0
0.022147462853938885,0
0.7136598964555954,0
0.0,0
0.1501497787671421,0
0.0,0
0.0,0
0.0,0
0.016129032258064516,0
0.18415598697288837,0
0.012102874432677761,0
0.6608658743633277,0
0.1897783251231527,0
0.012966546742344542,0
0.062179487179487174,0
0.35419789003482677,0
0.01833669506076114,0
0.0,0
0.02263016300047476,0
0.0,0
0.0,0
0.18820105820105665,0
0.060137457044673534,0
0.004750593824228029,0
0.0,0
0.27866355564197115,0
0.691457713557161,0
0.8491228070175438,0
0.05464182947145237,0
0.0,0
0.18367740690719658,0
0.0,0
0.0,0
0.1999169632263194,0
0.012102874432677761,0
0.7718810916181218,0
0.27871824893485364,0
0.0,0
0.015848695623965715,0
0.20185532066720185,0
0.16518471013739,0
0.012135482154892553,0
0.6666666666666666,0
0.0,0
0.029995055045155244,0
0.012903225806451613,0
0.02224132373482325,0
0.1459350054855673,0
0.0344418052256532,0
0.016733106944239382,0
0.5993439550140581,0
0.6589278727011869,0
0.003904538341158059,0
0.18742536002809976,0
0.5325,0
0.0,0
0.02366857283541669,0
0.6864336818932306,0
0.6666666666666666,0
0.0,0
0.006717378141083863,0
0.0,0
0.012961706421699115,0
0.018324968524171713,0
0.040919952210274786,0
0.5489736070381231,0
0.6490027636266773,0
0.01622137802829785,0
0.5559926567007606,0
0.0,0
0.0,0
0.01675702998954417,0
0.0,0
0.06044905008635578,0
0.11335925408629347,0
0.8228899290351804,0
0.3768521411460502,0
0.19663980798902794,0
0.0,0
0.2018301413996778,0
0.14399203764024612,0
0.0,0
0.7964750957854406,0
0.691457713557161,0
0.8564340588988476,0
0.12434921906287545,0
0.09364548494983276,0
0.6513593641582035,0
0.2502214452214435,0
0.08064516129032258,0
0.02283251521276482,0
0.013056220338295543,0
0.0,0
0.0,0
0.022728293581278355,0
0.0017730496453840948,0
0.06149193548387097,0
0.023770837094541735,0
0.7894693743858501,0
0.0,0
0.0,0
0.0,0
0.024897054165346853,0
0.04340277777777778,0
0.030828516377649325,0
1.0000000000001827,1
1.0,1
0.7786556050656801,1
1.0,1
0.6994818652849741,1
0.8343919185138696,1
0.9143129164285653,1
0.84151840320249,1
0.9143129164285653,1
0.84151840320249,1
0.914303717601263,1
0.8343919185138696,1
0.9999999998971352,1
0.914303717601263,1
0.8343919185138696,1
0.9143129164285653,1
0.84151840320249,1
0.9143129164285653,1
0.914303717601263,1
0.8343919185138696,1
0.9222551702810123,1
0.9222574969045191,1
0.9222574969045191,1
0.9222551702810123,1
0.8108966742943821,1
0.5666615853658536,1
0.7081944838343732,1
0.7029268292682926,1
0.8597811214137248,1
0.8571971424228354,1
0.9999999996846967,1
0.8597811214137248,1
0.9271897948368504,1
0.9907407407405765,1
0.8764857881136999,1
0.9377645007884197,1
0.8675724919597434,1
0.9282051282049594,1
0.812983637545046,1
0.9377736084220343,1
0.8776951856674269,1
0.9281683229049953,1
0.8208199786324055,1
0.9377736084220343,1
0.8776951856674269,1
0.9281683229049953,1
0.8208199786324055,1
0.9377645007884197,1
0.8675724919597434,1
0.9282051282049594,1
0.812983637545046,1
0.9223556679310473,1
0.8446560846558544,1
0.8675724919597433,1
0.9425832279814556,1
0.8626082251083875,1
0.7827788649704094,1
0.8675656309035206,1
0.9425925925925901,1
0.8625788214830942,1
0.780332265422068,1
0.8675656309035206,1
0.9425925925925901,1
0.8625788214830942,1
0.780332265422068,1
0.8675724919597433,1
0.9425832279814556,1
0.8626082251083875,1
0.7827788649704094,1
0.8767123287671281,1
0.9282051282049594,1
0.8626082251083879,1
0.9320059596369414,1
0.8132498695879027,1
0.9281683229049953,1
0.872714602703213,1
0.9319876897953429,1
0.8211346960166997,1
0.9281683229049953,1
0.872714602703213,1
0.9319876897953429,1
0.8211346960166997,1
0.9282051282049594,1
0.8626082251083879,1
0.9320059596369414,1
0.8132498695879027,1
0.812983637545046,1
0.7827788649704093,1
0.8132498695879027,1
0.9400186349871709,1
0.8129154795821514,1
0.7920120850371597,1
0.8131842534358308,1
0.9379205429757473,1
0.8129154795821514,1
0.7920120850371597,1
0.8131842534358308,1
0.9379205429757473,1
0.812983637545046,1
0.7827788649704093,1
0.8132498695879027,1
0.9400186349871709,1
0.8343787664991026,1
0.9156536839493846,1
0.8343787664991026,1
0.9156536839493846,1
0.8343919185138696,1
0.9156403940886624,1
0.8343919185138696,1
0.9190483313146636,1
0.9999999999999925,1
0.8343787664991026,1
0.9156536839493846,1
0.8343787664991026,1
0.8343919185138696,1
0.9156403940886624,1
0.9222574969045191,1
0.9222574969045191,1
0.9222551702810123,1
0.5666615853658536,1
0.7081944838343732,1
0.7029268292682926,1
0.8571971424228354,1
0.8597811214137248,1
0.9999999996626987,1
0.9251672891378739,1
0.9904761904760215,1
0.8729399255715095,1
0.9377736084220343,1
0.8776951856674269,1
0.9281683229049953,1
0.8208199786324055,1
0.9377736084220343,1
0.8776951856674269,1
0.9281683229049953,1
0.8208199786324055,1
0.9377645007884197,1
0.8675724919597434,1
0.9282051282049594,1
0.812983637545046,1
0.9202380952382577,1
0.840400086975193,1
0.8675656309035206,1
0.9425925925925901,1
0.8625788214830942,1
0.780332265422068,1
0.8675656309035206,1
0.9425925925925901,1
0.8625788214830942,1
0.780332265422068,1
0.8675724919597433,1
0.9425832279814556,1
0.8626082251083875,1
0.7827788649704094,1
0.6436187029719596,1
0.8732394366197233,1
0.9281683229049953,1
0.872714602703213,1
0.9377031418483404,1
0.8211346960166997,1
0.9281683229049953,1
0.872714602703213,1
0.9377031418483404,1
0.8211346960166997,1
0.9282051282049594,1
0.8626082251083879,1
0.9376947039700652,1
0.8132498695879027,1
0.8129154795821514,1
0.7920120850371597,1
0.8131842534358308,1
0.9379205429757473,1
0.8129154795821514,1
0.7920120850371597,1
0.8131842534358308,1
0.9379205429757473,1
0.812983637545046,1
0.7827788649704093,1
0.8132498695879027,1
0.9400186349871709,1
0.91766287767508,1
0.9302446641307297,1
0.848768012775605,1
0.9143129164285653,1
0.8343787664991026,1
0.9143129164285653,1
0.9143129164285653,1
0.8343787664991026,1
0.9999999998933534,1
0.91766287767508,1
0.9302446641307297,1
0.9143129164285653,1
0.8343787664991026,1
0.848768012775605,1
0.9313501144164682,1
0.84151840320249,1
0.9156536839493846,1
0.84151840320249,1
0.84151840320249,1
0.9156536839493846,1
0.91766287767508,1
0.9999999999999923,1
0.848768012775605,1
0.84151840320249,1
0.9156536839493846,1
0.9368207052578876,1
0.9222574969045191,1
0.7000000000000001,1
0.6873329033771107,1
0.9243030395358197,1
0.9903846153844449,1
0.8692901234567165,1
0.9495798318490833,1
0.8776866675056431,1
0.9399350649348944,1
0.8207393988190355,1
0.9377736084220343,1
0.8675656309035207,1
0.9281683229049953,1
0.8129154795821514,1
0.9193286909105945,1
0.8361906406970472,1
0.877686667505643,1
0.9535283993115292,1
0.8726833941271304,1
0.7895524751315594,1
0.8776951856674267,1
0.9425925925925901,1
0.8727146027032127,1
0.7920120850371598,1
0.8696353343864471,1
0.9399350649348944,1
0.8726833941271307,1
0.9495221758567386,1
0.8210571353343143,1
0.9281683229049953,1
0.8625788214830946,1
0.9377031418483404,1
0.8131842534358308,1
0.8207393988190355,1
0.7895524751315594,1
0.8210571353343143,1
0.9514285714285566,1
0.8208199786324055,1
0.780332265422068,1
0.8211346960166997,1
0.9379205429757469,1
0.91766287767508,1
0.9143129164285653,1
0.8343787664991026,1
0.9143129164285653,1
0.9143129164285653,1
0.8343787664991026,1
0.9302446641307297,1
0.848768012775605,1
0.9999999998933534,1
0.9143129164285653,1
0.8343787664991026,1
0.9222574969045191,1
0.84151840320249,1
0.9156536839493846,1
0.84151840320249,1
0.84151840320249,1
0.9156536839493846,1
0.848768012775605,1
0.9313501144164682,1
0.91766287767508,1
0.84151840320249,1
0.9156536839493846,1
0.8219924384558531,1
0.9243030395358197,1
0.9903846153844449,1
0.8692901234567165,1
0.9377736084220343,1
0.8675656309035207,1
0.9281683229049953,1
0.8129154795821514,1
0.9193286909105945,1
0.8361906406970472,1
0.8776951856674267,1
0.9425925925925901,1
0.8727146027032127,1
0.7920120850371598,1
0.8696353343864471,1
0.9281683229049953,1
0.8625788214830946,1
0.9377031418483404,1
0.8131842534358308,1
0.8208199786324055,1
0.780332265422068,1
0.8211346960166997,1
0.9379205429757469,1
0.9190483313146636,1
0.914303717601263,1
0.914303717601263,1
0.8343919185138696,1
0.9143129164285653,1
0.84151840320249,1
0.9143129164285653,1
0.999999999894899,1
0.9190483313146636,1
0.8343919185138696,1
0.8343919185138696,1
0.9156403940886624,1
0.8343787664991026,1
0.9156536839493846,1
0.8343787664991026,1
0.9190483313146636,1
0.9999999999999925,1
0.8571971424228354,1
0.8571971424228354,1
0.9251672891378739,1
0.9904761904760215,1
0.8729399255715095,1
0.9202380952382577,1
0.840400086975193,1
0.8732394366197233,1
1.0,1
1.0,1
1.0,1
1.0,1
1.0,1
1.0,1
0.914303717601263,1
0.8343919185138696,1
0.9143129164285653,1
0.84151840320249,1
0.9143129164285653,1
0.914303717601263,1
0.8343919185138696,1
0.8597811214137248,1
0.9190483313146636,1
0.9143129164285653,1
0.84151840320249,1
0.9143129164285653,1
0.914303717601263,1
0.8343919185138696,1
0.8343787664991026,1
0.9156536839493846,1
0.8343787664991026,1
0.8343919185138696,1
0.9156403940886624,1
0.91766287767508,1
0.9302446641307297,1
0.9143129164285653,1
0.8343787664991026,1
0.848768012775605,1
0.84151840320249,1
0.9156536839493846,1
0.9143129164285653,1
0.8343787664991026,1
0.9190483313146636,1
1.0,1
0.03363828289936664,0
0.0,0
0.024475524475513592,0
0.0,0
0.05224564619615032,0
0.0026822278128151044,0
0.07406679764239253,0
0.0,0
0.051594884910472635,0
0.0,0
0.0,0
0.06287081042462647,0
0.0012841680419162058,0
0.024633431085033023,0
0.13056580700098994,0
0.018632075471698113,0
0.007332722273143905,0
0.03422490652861662,0
0.011204481792561576,0
0.0,0
0.011915673693858845,0
0.0,0
0.0,0
0.0,0
0.051594884910472615,0
0.062105263158037854,0
0.0,0
0.018465909090909092,0
0.0,0
0.03422490652861662,0
0.0,0
0.3984634066470974,0
0.0,0
0.04680851063829787,0
0.0,0
0.055578183433918966,0
0.024633431085033023,0
0.09222328244258113,0
0.0,0
0.0,0
0.0425531914893617,0
0.03422490652861662,0
0.06199762354106656,0
0.0,0
0.047249353034477,0
0.054807865776649714,0
0.04788491296486286,0
0.0,0
0.0,0
0.04174228675136161,0
0.07208188151684727,0
0.042553191489361694,0
0.01466544454628781,0
0.04945054945054945,0
0.006416131989000917,0
0.0005720823804451612,0
0.021793275217919288,0
0.0478002791339002,0
0.05725217391304348,0
0.02016498625114574,0
0.075717017208413,0
0.06119667439021911,0
0.2894283121596693,0
0.04427684117116043,0
0.04427684117116043,0
0.021212121212108106,0
0.010752688171893772,0
0.0,0
0.0,0
0.0186308903005594,0
0.034069850320741266,0
0.05152790373033391,0
0.0,0
0.0346668616982374,0
0.0,0
0.0,0
0.4179949179820283,0
0.03363828289936664,0
0.02016498625114574,0
0.0340669171587046,0
0.0,0
0.08129535401248154,0
0.0,0
0.04766344613533051,0
0.0,0
0.0,0
0.0,0
0.0,0
0.0,0
0.0556629731538577,0
0.000857081627346422,0
0.042553191489361694,0
0.06210526315803784,0
0.018930282585313388,0
0.045734939349169806,0
0.0417422867513618,0
0.0425531914893617,0
0.0,0
0.04177179702831576,0
0.02233877233875867,0
0.2939746732025736,0
0.08129535401248154,0
0.0,0
0.0522631912344717,0
0.044276841171160486,0
0.04499744021054229,0
0.0,0
0.0,0
0.021793275217919288,0
0.01466544454628781,0
0.0,0
0.0,0
0.26523109243696646,0
0.0,0
0.0,0
0.018930282585313388,0
0.0,0
0.5615153615024718,0
0.0,0
0.013748854262144821,0
0.011915673693858845,0
0.0,0
0.08664854393196479,0
0.04652541499123622,0
0.09487226388634838,0
0.018626033057851238,0
0.0,0
0.018635670731707316,0
0.0,0
0.0,0
0.0,0
0.07367122115297203,0
0.0012723571324510657,0
0.0425531914893617,0
0.0,0
0.0036663611365719525,0
0.0,0
0.0740667976423925,0
0.13282426279896803,0
0.0,0
0.018678297146107897,0
0.101010101010101,0
0.02016498625114574,0
0.0,0
0.0,0
0.044315751959994536,0
0.0,0
0.0936416184969411,0
0.0005654687113070668,0
0.0,0
0.0,0
0.0,0
0.2611345978062075,0
0.04431575195999448,0
0.0,0
0.0340669171587046,0
0.0,0
0.02016498625114574,0
0.0,0
0.046632124352331605,0
0.02016498625114574,0
0.07892485119047359,0
0.0,0
0.0,0
0.0,0
0.0013095861735095253,0
0.024633431085033033,0
0.01466544454628781,0
0.0,0
0.04801829268292683,0
0.0,0
0.042553191489361694,0
0.05224564619615032,0
0.0,0
0.0336417157275021,0
0.050341663399403276,0
0.019890687698891928,0
0.062105263158037854,0
0.02999721454436374,0
0.0,0
0.04840964529157292,0
0.007332722273143905,0
0.13171112110058025,0
0.0,0
0.5687123334054639,0
0.0,0
0.018677339432056413,0
0.0,0
0.034663826974626374,0
0.009466609466609467,0
0.04788406060468391,0
0.2611281876138351,0
0.0,0
0.04431575195999448,0
0.0,0
0.0,0
0.0,0
0.0,0
0.0,0
0.007332722273143905,0
0.0,0
0.0008430687695751971,0
0.09223231357535853,0
0.010752688171893772,0
0.00930472263868066,0
0.0,0
0.0036663611365719525,0
0.021212121212108106,0
0.0,0
0.04641821785822628,0
0.0,0
0.045734939349169806,0
0.04242162784009268,0
0.06119667439021911,0
0.0013095861735095253,0
0.0,0
0.0,0
0.0,0
0.018634496919917864,0
0.0336417157275021,0
0.0,0
0.042553191489361694,0
0.04427684117116043,0
0.042553191489361694,0
0.018930523028883685,0
0.05152790373033391,0
0.0425531914893617,0
0.0,0
0.050208543359228294,0
0.41755980643607843,0
0.015383192551945252,0
0.6745283018867925,0
0.052331195110060305,0
0.05489130434782054,0
0.2611345978062075,0
0.0,0
0.0340669171587046,0
0.0,0
0.0,0
0.054807865776649714,0
0.049515503875968994,0
0.04766344613533051,0
0.2894283121596693,0
0.0425531914893617,0
0.07294503891046263,0
0.0,0
0.40351711778973,0
0.02016498625114574,0
0.0,0
0.0,0
0.011204481792561576,0
0.0,0
0.05224564619615032,0
0.0346668616982374,0
0.0,0
0.0,0
0.04652717083954553,0
0.13056580700098994,0
0.002320732611705485,0
0.04652364952184027,0
0.0346668616982374,0
0.0,0
0.0,0
0.0522631912344717,0
0.0,0
0.0,0
0.052331195110060305,0
0.02016498625114574,0
0.0,0
0.0036663611365719525,0
0.018681888946549038,0
0.12950305771406156,0
0.0,0
0.0425531914893617,0
0.0,0
0.051594884910472635,0
0.09223231357535853,0
0.0,0
0.05020969933250635,0
0.07295321637422574,0
0.010752688171893772,0
0.0,0
0.5217745217732005,0
0.06060606060605012,0
0.01466544454628781,0
0.0,0
0.0,0
0.018681888946549038,0
0.000840739850322227,0
0.0,0
0.0186308903005594,0
0.009375,0
0.018678297146107897,0
0.0,0
0.04431575195999448,0
0.0,0
0.04427684117116043,0
0.5615013006187757,0
0.05224564619615032,0
0.28943533697628004,0
0.4035377855468609,0
0.029996452032555288,0
0.0,0
0.018465909090909092,0
0.008249312557286892,0
0.0,0
0.13056580700098994,0
0.04495793728822935,0
0.2611345978062075,0
0.5615013006187757,0
0.06712281309535585,0
0.26523109243696646,0
0.050208543359228294,0
0.0,0
0.19961531144969102,0
0.060041623213861445,0
0.04801829268292683,0
0.0425531914893617,0
0.0,0
0.0,0
0.002898813658874981,0
0.0,0
0.0,0
0.0,0
0.3710422440567538,0
0.0522631912344717,0
0.40351711778973,0
0.07776799859179181,0
0.05489130434782054,0
0.0,0
0.10620212048766589,0
0.2611281876138351,0
0.04840964529157292,0
0.4035377855468609,0
0.0,0
0.5217640320719823,0
0.030067100528069247,0
0.10842803027283165,0
0.007332722273143905,0
0.05489130434782054,0
0.5686680469159567,0
0.0,0
0.050208543359228294,0
0.02135448444171957,0
0.0,0
0.0,0
0.0,0
0.07865411661480719,0
0.0,0
0.0556629731538577,0
0.024475524475513592,0
0.06119667439021911,0
0.2611345978062075,0
