0.7587209302325582,1
0.24709302325581395,1
0.36926605504587157,1
0.36926605504587157,1
0.25,1
0.24709302325581395,1
0.24709302325581395,1
0.24362606232294617,1
0.2441860465116279,1
0.2180232558139535,1
0.6743119266055045,1
0.6743119266055045,1
0.2180232558139535,1
0.2180232558139535,1
0.2180232558139535,1
0.21246458923512748,1
0.2180232558139535,1
0.4908256880733945,1
0.4908256880733945,1
0.7559523809523809,1
0.7559523809523809,1
0.7419354838709677,1
0.7195467422096318,1
0.7551622418879056,1
0.9518348623853211,1
0.19724770642201836,1
0.19495412844036697,1
0.19495412844036697,1
0.19724770642201836,1
0.19495412844036697,1
0.16972477064220184,1
0.16972477064220184,1
0.16972477064220184,1
0.16972477064220184,1
0.16972477064220184,1
0.954954954954955,1
0.9266862170087976,1
0.9093484419263456,1
0.9380530973451328,1
0.9266862170087976,1
0.9008498583569405,1
0.9380530973451328,1
0.8951841359773371,1
0.9266862170087976,1
0.9008498583569405,1
0.9545454545454546,1
0.9333333333333333,1
0.9333333333333333,1
0.9114285714285715,1
0.8658892128279884,1
0.9096209912536443,1
0.9285714285714286,1
0.9279538904899135,1
0.936046511627907,1
0.9121813031161473,1
0.9154929577464789,1
0.8944444444444445,1
0.8885714285714286,1
0.8914285714285715,1
0.8942857142857142,1
0.8914285714285715,1
0.8914285714285715,1
0.8838526912181303,1
0.8845070422535212,1
0.8694444444444445,1
0.8909090909090909,1
0.8485714285714285,1
0.8472622478386167,1
0.8546511627906976,1
0.8328611898016998,1
0.8366197183098592,1
0.8166666666666667,1
0.7828571428571428,1
0.7896253602305475,1
0.9244186046511628,1
0.8838526912181303,1
0.7718309859154929,1
0.7611111111111111,1
0.9485714285714286,1
0.9485714285714286,1
0.9405099150141643,1
0.952112676056338,1
0.9222222222222223,1
0.9567723342939481,1
0.9405099150141643,1
0.9352112676056338,1
0.9222222222222223,1
0.9405099150141643,1
0.8,1
0.7888888888888889,1
0.8028169014084507,1
0.7972222222222223,1
0.9527777777777777,1
0.9429280397022333,1
0.966542750929368,1
0.9884615384615385,1
0.8762886597938144,1
0.8814432989690721,1
0.9333333333333333,1
0.6009913258983891,1
0.69693094629156,1
0.23693803159173754,1
0.8309608540925267,1
0.7329376854599406,1
0.7451737451737451,1
0.6683070866141733,1
0.6628113879003559,1
0.7104247104247104,1
0.8969072164948454,1
0.9387755102040817,1
0.8367346938775511,1
0.8163265306122449,1
0.9387755102040817,1
0.8979591836734694,1
0.6678966789667896,1
0.391304347826087,1
0.3908523908523909,1
0.9606625258799172,1
0.923728813559322,1
0.8512396694214877,1
0.7966101694915254,1
0.7768595041322314,1
0.8461538461538461,1
0.9256198347107438,1
0.6842105263157895,1
0.8863328822733424,1
0.9553903345724907,1
0.8070175438596491,1
0.5060240963855421,1
0.7522935779816514,1
0.4838709677419355,1
0.4801980198019802,1
0.4801980198019802,1
0.5337423312883436,1
0.4666666666666667,1
0.4656084656084656,1
0.455026455026455,1
0.5421686746987951,1
0.7192982456140351,1
0.5483870967741935,1
0.4158415841584158,1
0.4158415841584158,1
0.5521472392638037,1
0.5555555555555556,1
0.5396825396825397,1
0.5343915343915344,1
0.4939759036144578,1
0.8440860215053764,1
0.6831683168316832,1
0.6831683168316832,1
0.891566265060241,1
0.8444444444444444,1
0.8253968253968254,1
0.8253968253968254,1
0.44623655913978494,1
0.38613861386138615,1
0.38613861386138615,1
0.50920245398773,1
0.4777777777777778,1
0.43915343915343913,1
0.455026455026455,1
0.7326732673267327,1
0.7326732673267327,1
0.8118279569892473,1
0.9193548387096774,1
0.9153439153439153,1
0.9047619047619048,1
0.8960396039603961,1
0.7623762376237624,1
0.7772277227722773,1
0.7673267326732673,1
0.7920792079207921,1
0.7623762376237624,1
0.7772277227722773,1
0.7722772277227723,1
0.8564356435643564,1
0.8555555555555555,1
0.8095238095238095,1
0.798941798941799,1
0.9047619047619048,1
0.9206349206349206,1
0.9047619047619048,1
0.09429280397022333,0
0.05019305019305019,0
0.23394495412844038,0
0.04451038575667656,0
0.22777777777777777,0
0.2398989898989899,0
0.3055555555555556,0
0.049342105263157895,0
0.031496062992125984,0
0.15714285714285714,0
0.13372093023255813,0
0.4657142857142857,0
0.10086455331412104,0
0.2340966921119593,0
0.4676056338028169,0
0.023943661971830985,0
0.13994910941475827,0
0.01272264631043257,0
0.04161073825503356,0
0.06435643564356436,0
0.3669724770642202,0
0.046511627906976744,0
0.05501930501930502,0
0.0692588092345079,0
0.03048780487804878,0
0.11231393775372124,0
0.09631728045325778,0
0.07692307692307693,0
0.06326304106548279,0
0.041065482796892344,0
0.04225352112676056,0
0.04133858267716536,0
0.09014084507042254,0
0.10148514851485149,0
0.08019441069258809,0
0.15060240963855423,0
0.07894736842105263,0
0.4657142857142857,0
0.2340966921119593,0
0.03474903474903475,0
0.013888888888888888,0
0.403030303030303,0
0.023943661971830985,0
0.13305613305613306,0
0.10843373493975904,0
0.09846547314578005,0
0.10029498525073746,0
0.03472931562819203,0
0.2558139534883721,0
0.3935860058309038,0
0.2617283950617284,0
0.04133858267716536,0
0.05440158259149357,0
0.21100917431192662,0
0.20871559633027523,0
0.03758389261744966,0
0.15211267605633802,0
0.08316008316008316,0
0.016409266409266408,0
0.07290400972053462,0
0.01466275659824047,0
0.12698412698412698,0
0.13414634146341464,0
0.019801980198019802,0
0.05516014234875445,0
0.13994910941475827,0
0.07307692307692308,0
0.03289473684210526,0
0.014285714285714285,0
0.08567774936061381,0
0.021065675340768277,0
0.22043010752688172,0
0.009859154929577466,0
0.09444444444444444,0
0.125,0
0.044654939106901215,0
0.15178571428571427,0
0.26099706744868034,0
0.11594202898550725,0
0.06439854191980558,0
0.272264631043257,0
0.015384615384615385,0
0.07558859975216853,0
0.4622093023255814,0
0.04647887323943662,0
0.023086269744835967,0
0.013719512195121951,0
0.14857142857142858,0
0.3790523690773067,0
0.018944519621109608,0
0.39900249376558605,0
0.04950495049504951,0
0.04161073825503356,0
0.1676829268292683,0
0.1558073654390935,0
0.10827374872318693,0
0.08531994981179424,0
0.14713216957605985,0
0.13988095238095238,0
0.05516014234875445,0
0.01440922190201729,0
0.4676056338028169,0
0.05438401775804662,0
0.23893805309734514,0
0.1165644171779141,0
0.38904899135446686,0
0.26666666666666666,0
0.12790697674418605,0
0.2388888888888889,0
0.25073746312684364,0
0.012468827930174564,0
0.05030487804878049,0
0.0350609756097561,0
0.0718503937007874,0
0.047619047619047616,0
0.43440233236151604,0
0.2740740740740741,0
0.006711409395973154,0
0.21388888888888888,0
0.0741687979539642,0
0.21348314606741572,0
0.12903225806451613,0
0.13399503722084366,0
0.37934362934362936,0
0.05871886120996441,0
0.03461918892185954,0
0.04664723032069971,0
0.10215053763440861,0
0.1144578313253012,0
0.2398989898989899,0
0.015384615384615385,0
0.06639427987742594,0
0.25,0
0.3200992555831266,0
0.18421052631578946,0
0.06316725978647687,0
0.3484848484848485,0
0.06319702602230483,0
0.03112313937753721,0
0.1749271137026239,0
0.023943661971830985,0
0.18618618618618618,0
0.20997920997921,0
0.42144638403990026,0
0.08896797153024912,0
0.03662597114317425,0
0.3055555555555556,0
0.16034985422740525,0
0.03382949932341001,0
0.028187919463087248,0
0.0113314447592068,0
0.03112313937753721,0
0.012121212121212121,0
0.09620991253644315,0
0.30788804071246817,0
0.25833333333333336,0
0.045454545454545456,0
0.046172539489671933,0
0.42660550458715596,0
0.3348623853211009,0
0.35,0
0.2915129151291513,0
0.07740213523131673,0
0.01997780244173141,0
0.17434210526315788,0
0.272264631043257,0
0.03112313937753721,0
0.15,0
0.011799410029498525,0
0.0350609756097561,0
0.06777493606138107,0
0.447887323943662,0
0.011904761904761904,0
0.17142857142857143,0
0.046052631578947366,0
0.24688279301745636,0
0.005338078291814947,0
0.058240396530359353,0
0.09348441926345609,0
0.079002079002079,0
0.03202846975088968,0
0.026557711950970377,0
0.9230769230769231,1
1.0,1
0.7468354430379747,1
1.0,1
0.8882978723404256,1
0.7829787234042553,1
0.6936170212765957,1
0.6160714285714286,1
0.6623376623376623,1
0.8,1
0.9886363636363636,1
0.9,1
0.868421052631579,1
1.0,1
0.8539325842696629,1
0.896551724137931,1
0.7530864197530864,1
0.9213483146067416,1
1.0,1
1.0,1
1.0,1
1.0,1
1.0,1
1.0,1
1.0,1
1.0,1
1.0,1
1.0,1
1.0,1
0.375,1
0.9775280898876404,1
1.0,1
0.9230769230769231,1
0.9506172839506173,1
0.8359375,1
0.9421487603305785,1
0.7952755905511811,1
0.796875,1
0.953125,1
0.8346456692913385,1
1.0,1
1.0,1
0.6853932584269663,1
0.7785234899328859,1
0.8461538461538461,1
0.7019867549668874,1
0.7919463087248322,1
0.8874172185430463,1
0.8013245033112583,1
0.6055045871559633,1
0.8913043478260869,1
0.7468354430379747,1
0.9027777777777778,1
0.9459459459459459,1
0.9090909090909091,1
0.8767123287671232,1
0.8513513513513513,1
0.8181818181818182,1
0.958904109589041,1
0.961038961038961,1
0.8918918918918919,1
0.8571428571428571,1
1.0,1
1.0,1
1.0,1
1.0,1
1.0,1
1.0,1
1.0,1
1.0,1
1.0,1
1.0,1
1.0,1
0.9489795918367347,1
0.8911917098445595,1
0.5963302752293578,1
0.8617511520737328,1
0.7396825396825397,1
0.6988304093567251,1
0.6754385964912281,1
0.6985074626865672,1
0.8651685393258427,1
0.7558139534883721,1
0.7640449438202247,1
0.6637554585152838,1
1.0,1
0.973741794310722,1
0.9298245614035088,1
0.9181286549707602,1
0.9523809523809523,1
0.9813084112149533,1
0.9703703703703703,1
1.0,1
1.0,1
0.7762039660056658,1
0.7988165680473372,1
0.7413127413127413,1
0.5218181818181818,1
0.48545454545454547,1
0.9618181818181818,1
0.92,1
0.9672727272727273,1
0.4527272727272727,1
0.4254545454545455,1
0.9601769911504425,1
0.6914498141263941,1
0.6654205607476635,1
0.7513711151736746,1
0.6305309734513275,1
0.5530973451327433,1
0.6598513011152416,1
0.6934579439252336,1
0.7787934186471663,1
0.5835189309576837,1
0.6013363028953229,1
0.694954128440367,1
1.0,1
0.9276595744680851,1
0.694954128440367,1
0.7877551020408163,1
0.2845849802371542,1
0.6979591836734694,1
0.31620553359683795,1
0.7166666666666667,1
0.5968379446640316,1
0.694954128440367,1
0.6446808510638298,1
0.9081081081081082,1
0.7428571428571429,1
0.9809523809523809,1
0.7714285714285715,1
0.9523809523809523,1
0.7428571428571429,1
0.6758893280632411,1
0.38848920863309355,1
0.6640316205533597,1
0.38434163701067614,1
0.6640316205533597,1
0.6640316205533597,1
0.6758893280632411,1
0.28852459016393445,1
0.08278145695364239,1
0.5296442687747036,1
0.4031620553359684,1
0.7403846153846154,1
0.9568345323741008,1
0.9568345323741008,1
0.6079136690647482,1
0.9337016574585635,1
0.6014234875444839,1
0.9347826086956522,1
0.9502762430939227,1
0.9337016574585635,1
0.3836065573770492,1
0.08278145695364239,1
0.7458563535911602,1
0.5487804878048781,1
0.6510791366906474,1
0.9466192170818505,1
0.6294964028776978,1
0.6079136690647482,1
0.6079136690647482,1
0.3016393442622951,1
0.36423841059602646,1
0.4856115107913669,1
0.8345323741007195,1
0.6014234875444839,1
0.9510869565217391,1
0.9337016574585635,1
0.9337016574585635,1
0.5540983606557377,1
0.5596026490066225,1
0.7458563535911602,1
0.5487804878048781,1
0.6548042704626335,1
0.6120996441281139,1
0.6120996441281139,1
0.3016393442622951,1
0.3675496688741722,1
0.48398576512455516,1
0.8256227758007118,1
0.7475728155339806,1
0.9512195121951219,1
0.7788461538461539,1
1.0,1
0.9347826086956522,1
0.9347826086956522,1
0.5540983606557377,1
0.5695364238410596,1
0.7391304347826086,1
0.5487804878048781,1
0.9541284403669725,1
0.9545454545454546,1
0.963302752293578,1
0.9541284403669725,1
0.963302752293578,1
0.9541284403669725,1
1.0,1
0.9541284403669725,1
0.9545454545454546,1
0.963302752293578,1
0.9541284403669725,1
0.963302752293578,1
0.9541284403669725,1
0.9568345323741008,1
1.0,1
0.9502762430939227,1
0.5540983606557377,1
0.5695364238410596,1
0.7640449438202247,1
0.5487804878048781,1
0.5540983606557377,1
0.5596026490066225,1
0.7679558011049724,1
0.5650406504065041,1
0.8817733990147784,1
1.0,1
0.8817733990147784,1
0.9586776859504132,1
1.0,1
0.9586776859504132,1
0.06218905472636816,1
0.916256157635468,1
1.0,1
0.9586776859504132,1
1.0,1
0.08196721311475409,1
0.4459016393442623,1
0.4163934426229508,1
0.9545454545454546,1
0.9626168224299065,1
0.9626168224299065,1
0.9629629629629629,1
0.9719626168224299,1
0.9541284403669725,1
1.0,1
0.9545454545454546,1
0.9626168224299065,1
0.9626168224299065,1
0.9629629629629629,1
0.9719626168224299,1
0.9545454545454546,1
0.9454545454545454,1
0.9454545454545454,1
0.9454545454545454,1
0.9545454545454546,1
0.9545454545454546,1
1.0,1
0.9545454545454546,1
0.9454545454545454,1
0.9454545454545454,1
0.9454545454545454,1
0.9626168224299065,1
0.9629629629629629,1
0.9719626168224299,1
0.963302752293578,1
0.9626168224299065,1
0.9545454545454546,1
1.0,1
0.9626168224299065,1
0.9629629629629629,1
0.9719626168224299,1
0.45364238410596025,1
0.4470198675496689,1
0.9276595744680851,1
0.694954128440367,1
0.9722222222222222,1
0.9626168224299065,1
0.9541284403669725,1
0.9626168224299065,1
0.9454545454545454,1
0.9626168224299065,1
1.0,1
0.9722222222222222,1
0.9626168224299065,1
0.9629629629629629,1
0.963302752293578,1
0.9629629629629629,1
0.9454545454545454,1
0.9629629629629629,1
0.9722222222222222,1
1.0,1
0.9629629629629629,1
0.9541284403669725,1
0.9719626168224299,1
0.9454545454545454,1
0.9719626168224299,1
0.9626168224299065,1
0.9629629629629629,1
1.0,1
1.0,1
0.47435897435897434,1
0.5047619047619047,1
0.7115384615384616,1
1.0,1
0.47435897435897434,1
0.3,1
0.6756756756756757,1
0.46794871794871795,1
1.0,1
0.8145161290322581,1
1.0,1
0.8145161290322581,1
0.966542750929368,1
0.9250457038391224,1
0.5260223048327137,1
0.5074349442379182,1
0.9616087751371115,1
0.4953271028037383,1
0.5383177570093458,1
0.8145161290322581,1
1.0,1
0.41316270566727603,1
0.4643510054844607,1
0.540650406504065,1
0.8367346938775511,1
0.9590909090909091,1
0.5336538461538461,1
0.847682119205298,1
0.8839285714285714,1
0.8571428571428571,1
0.5142857142857142,1
0.5952380952380952,1
0.44761904761904764,1
0.7115384615384616,1
0.6846846846846847,1
0.4064748201438849,1
0.4479495268138801,1
0.75,1
0.7170212765957447,1
0.850925925925926,1
0.5972696245733788,1
0.3169811320754717,1
0.9649122807017544,1
0.9546120058565154,1
0.8518518518518519,1
0.8818181818181818,1
0.8583333333333333,1
0.7414634146341463,1
1.0,1
0.7766990291262136,1
0.9615384615384616,1
0.7475728155339806,1
0.7403846153846154,1
0.9512195121951219,1
0.7788461538461539,1
0.9541284403669725,1
0.9545454545454546,1
0.963302752293578,1
0.9541284403669725,1
0.963302752293578,1
0.9541284403669725,1
0.8817733990147784,1
0.9586776859504132,1
0.9545454545454546,1
0.9626168224299065,1
0.9626168224299065,1
0.9629629629629629,1
0.9719626168224299,1
0.9545454545454546,1
0.9454545454545454,1
0.9454545454545454,1
0.9454545454545454,1
0.9626168224299065,1
0.9629629629629629,1
0.9719626168224299,1
0.9722222222222222,1
0.9626168224299065,1
0.9629629629629629,1
0.47435897435897434,1
0.8145161290322581,1
0.847682119205298,1
0.2890625,0
0.1744186046511628,0
0.2251655629139073,0
0.3125,0
0.26618705035971224,0
0.09009009009009009,0
0.4307692307692308,0
0.050100200400801605,0
0.1610738255033557,0
0.2517985611510791,0
0.14285714285714285,0
0.17766497461928935,0
0.20224719101123595,0
0.09174311926605505,0
0.006060606060606061,0
0.27906976744186046,0
0.7788461538461539,0
0.38461538461538464,0
0.03364485981308411,0
0.17916666666666667,0
0.16022099447513813,0
0.24528301886792453,0
0.11623246492985972,0
0.014204545454545454,0
0.13226452905811623,0
0.3202247191011236,0
0.1686046511627907,0
0.01892744479495268,0
0.20994475138121546,0
0.1686046511627907,0
0.11009174311926606,0
0.1702127659574468,0
0.48066298342541436,0
0.011363636363636364,0
0.1858974358974359,0
0.01762114537444934,0
0.16972477064220184,0
0.1582089552238806,0
0.011969532100108813,0
0.20300751879699247,0
0.2463768115942029,0
0.010676156583629894,0
0.21813031161473087,0
0.025974025974025976,0
0.20786516853932585,0
0.03333333333333333,0
0.19337016574585636,0
0.01951219512195122,0
0.16062176165803108,0
0.15384615384615385,0
0.38860103626943004,0
0.014028056112224449,0
0.08085106382978724,0
0.020050125313283207,0
0.2589928057553957,0
0.16494845360824742,0
0.7358490566037735,0
0.022935779816513763,0
0.17472118959107807,0
0.06486486486486487,0
0.01079136690647482,0
0.2549019607843137,0
0.039568345323741004,0
0.05263157894736842,0
0.3,0
0.004878048780487805,0
0.0546218487394958,0
0.25,0
0.25210084033613445,0
0.0125,0
0.014814814814814815,0
0.08247422680412371,0
0.2185430463576159,0
0.07100591715976332,0
0.23214285714285715,0
0.006012024048096192,0
0.016666666666666666,0
0.2682926829268293,0
0.19767441860465115,0
0.18181818181818182,0
0.03531598513011153,0
0.011135857461024499,0
0.017699115044247787,0
0.3316062176165803,0
0.3523809523809524,0
0.5024630541871922,0
0.17272727272727273,0
0.3116883116883117,0
0.24675324675324675,0
0.1744186046511628,0
0.14772727272727273,0
0.15789473684210525,0
0.14492753623188406,0
0.039886039886039885,0
0.25,0
0.2616279069767442,0
0.15418502202643172,0
0.16049382716049382,0
0.25146198830409355,0
0.19662921348314608,0
0.21481481481481482,0
0.6209677419354839,0
0.01646090534979424,0
0.02403846153846154,0
0.3269230769230769,0
0.2971014492753623,0
0.023890784982935155,0
0.007905138339920948,0
0.2898550724637681,0
0.03807615230460922,0
0.4485981308411215,0
0.03018867924528302,0
0.26519337016574585,0
0.17472118959107807,0
0.20348837209302326,0
0.14028776978417265,0
0.05368098159509203,0
0.04570383912248629,0
0.14925373134328357,0
0.12582781456953643,0
0.039568345323741004,0
0.03862660944206009,0
0.048034934497816595,0
0.010638297872340425,0
0.32242990654205606,0
0.34806629834254144,0
0.271523178807947,0
0.054187192118226604,0
0.2491103202846975,0
0.18023255813953487,0
0.6534653465346535,0
0.014018691588785047,0
0.03211009174311927,0
0.013761467889908258,0
0.3008130081300813,0
0.2696629213483146,0
0.15894039735099338,0
0.10227272727272728,0
0.014388489208633094,0
0.19186046511627908,0
0.26229508196721313,0
0.03209876543209877,0
0.05454545454545454,0
0.2549019607843137,0
0.1419753086419753,0
0.19463087248322147,0
0.34532374100719426,0
0.09090909090909091,0
0.4635036496350365,0
0.21666666666666667,0
0.2647058823529412,0
0.23636363636363636,0
0.007668711656441718,0
0.043859649122807015,0
0.5231788079470199,0
0.5736434108527132,0
0.004424778761061947,0
0.41821561338289964,0
0.17880794701986755,0
0.26618705035971224,0
0.14814814814814814,0
0.25297619047619047,0
0.05462962962962963,0
0.04281345565749235,0
0.11049723756906077,0
0.21568627450980393,0
0.32710280373831774,0
0.2988505747126437,0
0.2980132450331126,0
0.3967889908256881,0
0.02046783625730994,0
0.09360730593607305,0
0.2545454545454545,0
0.018867924528301886,0
0.14473684210526316,0
0.010101010101010102,0
0.3177570093457944,0
0.03373231773667029,0
0.014018691588785047,0
0.2781065088757396,0
0.3,0
0.23741007194244604,0
0.3812154696132597,0
0.14728682170542637,0
0.5934579439252337,0
0.08849557522123894,0
0.43548387096774194,0
0.004392386530014641,0
0.7592592592592593,0
0.2849740932642487,0
0.013215859030837005,0
0.012531328320802004,0
0.14840182648401826,0
0.2897196261682243,0
0.04042553191489362,0
0.15207373271889402,0
0.2154696132596685,0
0.2396694214876033,0
0.20994475138121546,0
0.21621621621621623,0
0.02696629213483146,0
0.1686046511627907,0
0.7766990291262136,0
0.1422924901185771,0
0.5294117647058824,0
0.14960629921259844,0
0.027881040892193308,0
0.3281853281853282,0
0.12209302325581395,0
0.027522935779816515,0
0.4375,0
0.19787234042553192,0
0.20425531914893616,0
0.0794341675734494,0
0.3789173789173789,0
0.7841726618705036,0
0.006564551422319475,0
0.010025062656641603,0
0.2764976958525346,0
0.03597122302158273,0
0.12026726057906459,0
0.16666666666666666,0
0.029556650246305417,0
0.12804878048780488,0
0.3708609271523179,0
0.015358361774744027,0
0.03363914373088685,0
0.37748344370860926,0
0.28761061946902655,0
0.3089887640449438,0
0.27976190476190477,0
0.11797752808988764,0
0.1744186046511628,0
0.030303030303030304,0
0.022641509433962263,0
0.18502202643171806,0
0.019230769230769232,0
0.15757575757575756,0
0.12815126050420167,0
0.02909090909090909,0
0.18613138686131386,0
0.02877697841726619,0
0.02727272727272727,0
0.004392386530014641,0
0.035398230088495575,0
0.09370424597364568,0
0.34023668639053256,0
0.14909090909090908,0
0.2979591836734694,0
0.2903225806451613,0
0.21951219512195122,0
0.012797074954296161,0
0.18604651162790697,0
0.014792899408284023,0
0.39226519337016574,0
0.008733624454148471,0
0.027422303473491772,0
0.2248062015503876,0
0.17679558011049723,0
0.4552238805970149,0
0.009933774834437087,0
0.7727272727272727,0
0.16489361702127658,0
0.21774193548387097,0
0.037815126050420166,0
0.13372093023255813,0
0.12234042553191489,0
0.0707070707070707,0
0.22099447513812154,0
0.025547445255474453,0
0.013245033112582781,0
0.171875,0
0.039568345323741004,0
0.004601226993865031,0
0.1744186046511628,0
0.0319634703196347,0
0.21428571428571427,0
0.19008264462809918,0
0.1540983606557377,0
0.006825938566552901,0
0.21910112359550563,0
0.20224719101123595,0
0.02654867256637168,0
0.42857142857142855,0
0.23645320197044334,0
0.07462686567164178,0
0.2066115702479339,0
0.29069767441860467,0
0.8532110091743119,0
0.4230769230769231,0
0.25,0
0.16666666666666666,0
0.0262582056892779,0
0.004366812227074236,0
0.3273381294964029,0
0.040145985401459854,0
0.012345679012345678,0
0.03434343434343434,0
0.02702702702702703,0
0.014953271028037384,0
0.2265625,0
0.35,0
0.030467899891186073,0
0.09090909090909091,0
0.22321428571428573,0
0.2536231884057971,0
0.008532423208191127,0
0.18023255813953487,0
0.03761061946902655,0
0.14361702127659576,0
0.039886039886039885,0
0.16751269035532995,0
0.1456953642384106,0
0.02766798418972332,0
0.008771929824561403,0
0.234375,0
0.017793594306049824,0
0.19402985074626866,0
0.026785714285714284,0
0.017094017094017096,0
0.03211009174311927,0
0.21951219512195122,0
0.03125,0
0.18972332015810275,0
0.08225108225108226,0
0.32075471698113206,0
0.015909090909090907,0
0.18960244648318042,0
0.18807339449541285,0
0.1013215859030837,0
0.004392386530014641,0
0.6666666666666666,0
0.24475524475524477,0
0.1270718232044199,0
0.014204545454545454,0
0.29213483146067415,0
0.1569767441860465,0
0.2846153846153846,0
0.03636363636363636,0
0.21891891891891893,0
0.09663865546218488,0
0.2113564668769716,0
0.02702702702702703,0
0.008771929824561403,0
0.42355889724310775,0
0.2523364485981308,0
0.13392857142857142,0
0.007722007722007722,0
0.08517350157728706,0
0.16666666666666666,0
0.01877133105802048,0
0.08383233532934131,0
0.24390243902439024,0
0.2971014492753623,0
0.1853932584269663,0
0.15319148936170213,0
0.3313953488372093,0
0.01775147928994083,0
0.07415730337078652,0
0.2265193370165746,0
0.1941747572815534,0
0.19767441860465115,0
0.16129032258064516,0
0.3487179487179487,0
0.01818181818181818,0
0.0380952380952381,0
0.01327433628318584,0
0.007668711656441718,0
0.2727272727272727,0
0.10851063829787234,0
0.3224489795918367,0
0.22093023255813954,0
0.5635627530364372,1
0.8438880706921944,1
0.9301470588235294,1
0.9694656488549618,1
0.9621212121212122,1
0.9694656488549618,1
0.9694656488549618,1
0.9621212121212122,1
0.9548872180451128,1
0.9375,1
0.9301470588235294,1
0.9301470588235294,1
0.9301470588235294,1
0.9301470588235294,1
0.9375,1
0.9621212121212122,1
0.9694656488549618,1
0.9694656488549618,1
0.9621212121212122,1
0.9699248120300752,1
0.9696969696969697,1
0.9621212121212122,1
0.9696969696969697,1
0.9548872180451128,1
0.9694656488549618,1
0.9696969696969697,1
0.9548872180451128,1
0.9621212121212122,1
0.9548872180451128,1
0.9548872180451128,1
0.8015564202334631,1
0.9114583333333334,1
0.7503692762186115,1
0.7071713147410359,1
0.6752988047808764,1
0.902332361516035,1
0.7724230254350736,1
0.6136606189967982,1
0.572139303482587,1
0.7831325301204819,1
0.6467449306296692,1
0.6587064676616915,1
0.37780149413020275,1
0.3522388059701492,1
0.9323383084577115,1
0.727810650887574,1
0.757396449704142,1
0.7692307692307693,1
0.757396449704142,1
0.7751479289940828,1
0.7751479289940828,1
0.9117647058823529,1
0.8857142857142857,1
0.8832116788321168,1
0.8832116788321168,1
0.8639455782312925,1
0.9142857142857143,1
0.9124087591240876,1
0.9343065693430657,1
0.8707482993197279,1
0.9357142857142857,1
0.9142857142857143,1
0.8707482993197279,1
0.9124087591240876,1
0.8707482993197279,1
0.891156462585034,1
0.6258890469416786,1
0.9442724458204335,1
0.33460076045627374,1
0.34220532319391633,1
0.34220532319391633,1
0.33460076045627374,1
0.33460076045627374,1
0.33460076045627374,1
0.4600760456273764,1
0.33460076045627374,1
0.8923766816143498,1
0.8728070175438597,1
0.8923766816143498,1
0.8923766816143498,1
0.8540772532188842,1
0.8728070175438597,1
0.8361344537815126,1
0.9122807017543859,1
0.9103139013452914,1
0.9103139013452914,1
0.871244635193133,1
0.9122807017543859,1
0.8529411764705882,1
0.8903508771929824,1
0.8903508771929824,1
0.871244635193133,1
0.9122807017543859,1
0.8529411764705882,1
0.7858823529411765,1
0.9103139013452914,1
0.871244635193133,1
0.8903508771929824,1
0.8529411764705882,1
0.8927038626609443,1
0.8903508771929824,1
0.8739495798319328,1
0.871244635193133,1
0.8529411764705882,1
0.44537815126050423,1
0.8275193798449613,1
0.8035264483627204,1
0.8885135135135135,1
0.7637795275590551,1
0.8819444444444444,1
0.8263888888888888,1
1.0,1
0.9599332220367279,1
0.8910614525139665,1
0.9381107491856677,1
0.9665551839464883,1
0.9601328903654485,1
0.9730639730639731,1
0.9665551839464883,1
0.9601328903654485,1
0.9537953795379538,1
0.9446254071661238,1
0.9381107491856677,1
0.9381107491856677,1
0.9381107491856677,1
0.9381107491856677,1
0.9446254071661238,1
0.9667774086378738,1
0.9732441471571907,1
0.9732441471571907,1
0.9667774086378738,1
0.9735973597359736,1
0.973421926910299,1
0.9667774086378738,1
0.973421926910299,1
0.9603960396039604,1
0.9732441471571907,1
0.973421926910299,1
0.9603960396039604,1
0.9667774086378738,1
0.9603960396039604,1
0.9603960396039604,1
0.6929530201342282,1
0.9403973509933775,1
0.9281045751633987,1
0.9342105263157895,1
0.9466666666666667,1
0.9403973509933775,1
0.9342105263157895,1
0.9738562091503268,1
0.9736842105263158,1
0.9801324503311258,1
0.9735099337748344,1
0.9736842105263158,1
0.9673202614379085,1
0.9607843137254902,1
0.9673202614379085,1
0.9673202614379085,1
0.9736842105263158,1
0.9802631578947368,1
0.9802631578947368,1
0.9801324503311258,1
0.9736842105263158,1
0.9736842105263158,1
0.8765432098765432,1
0.8888888888888888,1
0.8765432098765432,1
0.8641975308641975,1
0.8703703703703703,1
0.8765432098765432,1
0.9668874172185431,1
0.9731543624161074,1
0.9797297297297297,1
0.972972972972973,1
0.9731543624161074,1
0.9602649006622517,1
0.9536423841059603,1
0.9602649006622517,1
0.9602649006622517,1
0.9731543624161074,1
0.9798657718120806,1
0.9798657718120806,1
0.9797297297297297,1
0.9731543624161074,1
0.9731543624161074,1
0.918918918918919,1
0.9256756756756757,1
0.918918918918919,1
0.9054054054054054,1
0.9121621621621622,1
0.918918918918919,1
0.9714285714285714,1
0.9714285714285714,1
0.9784172661870504,1
0.9712230215827338,1
0.9714285714285714,1
0.9642857142857143,1
0.9571428571428572,1
0.9642857142857143,1
0.9642857142857143,1
0.9714285714285714,1
0.9785714285714285,1
0.9785714285714285,1
0.9784172661870504,1
0.9714285714285714,1
0.9714285714285714,1
0.9172413793103448,1
0.9310344827586207,1
0.9172413793103448,1
0.903448275862069,1
0.9103448275862069,1
0.9172413793103448,1
0.9710144927536232,1
0.9637681159420289,1
0.9779411764705882,1
0.9705882352941176,1
0.9708029197080292,1
0.9637681159420289,1
0.9565217391304348,1
0.9637681159420289,1
0.9637681159420289,1
0.9637681159420289,1
0.9710144927536232,1
0.9710144927536232,1
0.9779411764705882,1
0.9708029197080292,1
0.9708029197080292,1
0.9508928571428571,1
0.9553571428571429,1
0.9777777777777777,1
0.9690265486725663,1
0.9508928571428571,1
0.9508928571428571,1
0.9690265486725663,1
0.9820627802690582,1
0.9466666666666667,1
0.9424778761061947,1
0.9820627802690582,1
0.9820627802690582,1
0.9424778761061947,1
0.9511111111111111,1
0.9424778761061947,1
0.9820627802690582,1
0.9820627802690582,1
0.9424778761061947,1
0.9734513274336283,1
0.9466666666666667,1
0.9466666666666667,1
0.9690265486725663,1
0.9424778761061947,1
0.9513274336283186,1
0.9734513274336283,1
0.9820627802690582,1
0.9424778761061947,1
0.9469026548672567,1
0.9411764705882353,1
0.8368200836820083,1
0.9333333333333333,1
0.8368200836820083,1
0.8438818565400844,1
0.8403361344537815,1
0.8333333333333334,1
0.9243027888446215,1
0.7967479674796748,1
0.8032786885245902,1
0.8065843621399177,1
0.8,1
0.8008130081300813,1
0.8032786885245902,1
0.8073770491803278,1
0.8828451882845189,1
0.9833333333333333,1
0.8828451882845189,1
0.8865546218487395,1
0.8865546218487395,1
0.8791666666666667,1
0.8247011952191236,1
0.8455284552845529,1
0.8524590163934426,1
0.8559670781893004,1
0.8489795918367347,1
0.8495934959349594,1
0.8524590163934426,1
0.9590163934426229,1
0.8791666666666667,1
0.9790794979079498,1
0.9790794979079498,1
0.9790794979079498,1
0.9791666666666666,1
0.8247011952191236,1
0.8455284552845529,1
0.8483606557377049,1
0.8518518518518519,1
0.8448979591836735,1
0.8455284552845529,1
0.9590163934426229,1
0.8524590163934426,1
0.8791666666666667,1
0.8791666666666667,1
0.8791666666666667,1
0.8791666666666667,1
0.8207171314741036,1
0.8414634146341463,1
0.8483606557377049,1
0.8518518518518519,1
0.8448979591836735,1
0.959349593495935,1
0.8483606557377049,1
0.8524590163934426,1
0.9832635983263598,1
0.9790794979079498,1
0.9791666666666666,1
0.8247011952191236,1
0.8414634146341463,1
0.8483606557377049,1
0.8518518518518519,1
0.9591836734693877,1
0.8455284552845529,1
0.8483606557377049,1
0.8524590163934426,1
0.9831932773109243,1
0.9791666666666666,1
0.8247011952191236,1
0.8414634146341463,1
0.8483606557377049,1
0.9588477366255144,1
0.8448979591836735,1
0.8455284552845529,1
0.8483606557377049,1
0.8524590163934426,1
0.975,1
0.8247011952191236,1
0.8414634146341463,1
0.9590163934426229,1
0.8518518518518519,1
0.8448979591836735,1
0.8455284552845529,1
0.8483606557377049,1
0.8524590163934426,1
0.8247011952191236,1
0.959349593495935,1
0.8483606557377049,1
0.8518518518518519,1
0.8448979591836735,1
0.8455284552845529,1
0.8483606557377049,1
0.8524590163934426,1
0.9482071713147411,1
0.9482071713147411,1
0.9482071713147411,1
0.9482071713147411,1
0.952191235059761,1
0.9482071713147411,1
0.852589641434263,1
0.975609756097561,1
0.9796747967479674,1
0.9796747967479674,1
0.975609756097561,1
0.975609756097561,1
0.8739837398373984,1
0.9836065573770492,1
0.9795918367346939,1
0.975609756097561,1
0.9836065573770492,1
0.8811475409836066,1
0.9836734693877551,1
0.975609756097561,1
0.9836065573770492,1
0.8811475409836066,1
0.975609756097561,1
0.9795918367346939,1
0.8775510204081632,1
0.975609756097561,1
0.8780487804878049,1
0.8811475409836066,1
0.6770428015564203,1
0.6770428015564203,1
0.6731517509727627,1
0.6770428015564203,1
0.6809338521400778,1
0.6770428015564203,1
0.6848249027237354,1
0.6770428015564203,1
0.9776536312849162,1
0.9776536312849162,1
0.9777777777777777,1
0.9722222222222222,1
0.9832402234636871,1
0.9405405405405406,1
0.9720670391061452,1
0.9831460674157303,1
0.9777777777777777,1
0.9666666666666667,1
0.9775280898876404,1
0.9405405405405406,1
0.9775280898876404,1
0.9777777777777777,1
0.9722222222222222,1
0.9775280898876404,1
0.9459459459459459,1
0.9719101123595506,1
0.9722222222222222,1
0.9722222222222222,1
0.9459459459459459,1
0.9666666666666667,1
0.9666666666666667,1
0.9513513513513514,1
0.9722222222222222,1
0.9405405405405406,1
0.9719101123595506,1
0.9405405405405406,1
0.9596774193548387,1
0.029871977240398292,0
0.02844950213371266,0
0.17898832684824903,0
0.1828793774319066,0
0.37209302325581395,0
0.27459016393442626,0
0.4351145038167939,0
0.05647058823529412,0
0.06191950464396285,0
0.2384937238493724,0
0.037383177570093455,0
0.10569105691056911,0
0.04470588235294118,0
0.696969696969697,0
0.1306122448979592,0
0.1526479750778816,0
0.07661290322580645,0
0.03247863247863248,0
0.06300813008130081,0
0.017094017094017096,0
0.018691588785046728,0
0.010242085661080074,0
0.06983240223463687,0
0.34551495016611294,0
0.2585034013605442,0
0.006756756756756757,0
0.05263157894736842,0
0.15488215488215487,0
0.23949579831932774,0
0.24663677130044842,0
0.2958579881656805,0
0.20168067226890757,0
0.09772423025435073,0
0.918918918918919,0
0.1276595744680851,0
0.23219814241486067,0
0.25112107623318386,0
0.009287925696594427,0
0.014227642276422764,0
0.27218934911242604,0
0.017094017094017096,0
0.2655367231638418,0
0.022156573116691284,0
0.1346153846153846,0
0.0641158221302999,0
0.034912718204488775,0
0.29435483870967744,0
0.04201680672268908,0
0.07641196013289037,0
0.02464332036316472,0
0.23529411764705882,0
0.910958904109589,0
0.11782032400589101,0
0.031294452347083924,0
0.1967654986522911,0
0.39823008849557523,0
0.5244444444444445,0
0.00303951367781155,0
0.07135470527404343,0
0.13851351351351351,0
0.07728119180633147,0
0.007288629737609329,0
0.016778523489932886,0
0.42857142857142855,0
0.16408668730650156,0
0.036414565826330535,0
0.12099125364431487,0
0.009287925696594427,0
0.037383177570093455,0
0.005128205128205128,0
0.4351145038167939,0
0.1411764705882353,0
0.9041095890410958,0
0.015037593984962405,0
0.023564064801178203,0
0.2740740740740741,0
0.04239401496259352,0
0.694560669456067,0
0.0641158221302999,0
0.0199203187250996,0
0.42803030303030304,0
0.6875,0
0.006600660066006601,0
0.8843537414965986,0
0.2669902912621359,0
0.1526479750778816,0
0.6741573033707865,0
0.36789297658862874,0
0.03816793893129771,0
0.08206686930091185,0
0.05309734513274336,0
0.058365758754863814,0
0.3440366972477064,0
0.019083969465648856,0
0.011686143572621035,0
0.03875968992248062,0
0.009079118028534372,0
0.918918918918919,0
0.31891891891891894,0
0.10655737704918032,0
0.029900332225913623,0
0.6747967479674797,0
0.2020997375328084,0
0.13168724279835392,0
0.6555555555555556,0
0.036414565826330535,0
0.14845024469820556,0
0.004655493482309125,0
0.6741573033707865,0
0.04263565891472868,0
0.11178861788617886,0
0.2073490813648294,0
0.41911764705882354,0
0.24663677130044842,0
0.3712374581939799,0
0.013377926421404682,0
0.891156462585034,0
0.2625,0
0.13008130081300814,0
0.4099099099099099,0
0.48672566371681414,0
0.023255813953488372,0
0.4099099099099099,0
0.025763358778625955,0
0.1778975741239892,0
0.11471321695760599,0
0.010638297872340425,0
0.17424242424242425,0
0.23954372623574144,0
0.2696629213483146,0
0.22556390977443608,0
0.0062047569803516025,0
0.12840466926070038,0
0.23430962343096234,0
0.025613660618996798,0
0.14352941176470588,0
0.12840466926070038,0
0.05333333333333334,0
0.23735408560311283,0
0.042801556420233464,0
0.09154228855721393,0
0.1557632398753894,0
0.25333333333333335,0
0.08247422680412371,0
0.5707964601769911,0
0.047058823529411764,0
0.2912621359223301,0
0.2540983606557377,0
0.016034985422740525,0
0.26422764227642276,0
0.01691542288557214,0
0.12133891213389121,0
0.2986111111111111,0
0.12136752136752137,0
0.05289672544080604,0
0.06297229219143577,0
0.02767175572519084,0
0.6747967479674797,0
0.8741721854304636,0
0.0297029702970297,0
0.02518891687657431,0
0.017075773745997867,0
0.2825112107623318,0
0.01740294511378849,0
0.05803571428571429,0
0.16718266253869968,0
0.0022156573116691287,0
0.05465288035450517,0
0.07407407407407407,0
0.006734006734006734,0
0.1752021563342318,0
0.053231939163498096,0
0.021505376344086023,0
0.01838235294117647,0
0.07476635514018691,0
0.02844950213371266,0
0.1325503355704698,0
0.2625,0
0.3654485049833887,0
0.4349775784753363,0
0.09558823529411764,0
0.3508771929824561,0
0.4053030303030303,0
0.13647058823529412,0
0.2669902912621359,0
0.16718266253869968,0
0.009345794392523364,0
0.2605042016806723,0
0.226890756302521,0
0.35353535353535354,0
0.006837606837606838,0
0.11471321695760599,0
0.021505376344086023,0
0.27802690582959644,0
0.011965811965811967,0
0.17898832684824903,0
0.2945205479452055,0
0.057777777777777775,0
0.013029315960912053,0
0.29927007299270075,0
0.0062047569803516025,0
0.8666666666666667,0
0.014941302027748132,0
0.07520325203252033,0
0.09731543624161074,0
0.87248322147651,0
0.009966777408637873,0
0.008537886872998933,0
0.004655493482309125,0
0.33876221498371334,0
0.9607843137254902,0
0.09701492537313433,0
0.2551440329218107,0
0.8874172185430463,0
0.03418803418803419,0
0.08557213930348259,0
0.03361344537815126,0
0.27218934911242604,0
0.04481792717086835,0
0.029649595687331536,0
0.0062047569803516025,0
0.06004618937644342,0
0.015920398009950248,0
0.004655493482309125,0
0.10774410774410774,0
0.2874015748031496,0
0.25,0
0.4230769230769231,0
0.37373737373737376,0
0.6790123456790124,0
0.1828793774319066,0
0.14860681114551083,0
0.021505376344086023,0
0.15181518151815182,0
0.008379888268156424,0
0.07480314960629922,0
0.16965742251223492,0
0.910958904109589,0
0.09850746268656717,0
0.25833333333333336,0
0.935251798561151,0
0.8783783783783784,0
0.2862903225806452,0
0.25,0
0.011661807580174927,0
0.021505376344086023,0
0.02862595419847328,0
0.12991452991452992,0
0.013119533527696793,0
0.34201954397394135,0
0.57847533632287,0
0.08809135399673736,0
0.01001669449081803,0
0.23954372623574144,0
0.15242494226327943,0
0.33876221498371334,0
0.011336032388663968,0
0.3468013468013468,0
0.021505376344086023,0
0.12840466926070038,0
0.007598784194528876,0
0.242152466367713,0
0.24719101123595505,0
0.029649595687331536,0
0.2345679012345679,0
0.10699588477366255,0
0.9594594594594594,0
0.007385524372230428,0
0.0963855421686747,0
0.03262642740619902,0
0.09395973154362416,0
0.41603053435114506,0
0.37293729372937295,0
0.03343465045592705,0
0.01593625498007968,0
0.15473441108545036,0
0.053811659192825115,0
0.22746781115879827,0
0.03372243839169909,0
0.12236286919831224,0
0.13008130081300814,0
0.011375387797311272,0
0.03361344537815126,0
0.03504043126684636,0
0.030418250950570342,0
0.11371237458193979,0
0.026845637583892617,0
0.27459016393442626,0
0.27586206896551724,0
0.08064516129032258,0
0.03294117647058824,0
0.04470588235294118,0
0.025101214574898785,0
0.020277481323372464,0
0.08855721393034825,0
0.004655493482309125,0
0.12840466926070038,0
0.11475409836065574,0
0.018363939899833055,0
0.011686143572621035,0
0.8657718120805369,0
0.023880597014925373,0
0.4393939393939394,0
0.6702702702702703,0
0.22268907563025211,0
0.006734006734006734,0
0.3977272727272727,0
0.11715481171548117,0
0.16859122401847576,0
0.31932773109243695,0
0.2236842105263158,0
0.41042345276872966,0
0.2242152466367713,0
0.011686143572621035,0
0.005008347245409015,0
0.027888446215139442,0
0.2951388888888889,0
0.01717557251908397,0
0.2288135593220339,0
0.2862903225806452,0
0.02702702702702703,0
0.27896995708154504,0
0.31932773109243695,0
0.04263565891472868,0
0.1306122448979592,0
0.04,0
0.005008347245409015,0
0.05905511811023622,0
0.11221122112211221,0
0.12062256809338522,0
0.008097165991902834,0
0.034912718204488775,0
0.13358778625954199,0
0.6779661016949152,0
0.9407894736842105,0
0.04941176470588235,0
0.1946564885496183,0
0.09027777777777778,0
0.01914580265095729,0
0.10833333333333334,0
0.07954545454545454,0
0.009541984732824428,0
0.6721311475409836,0
0.13358778625954199,0
0.296551724137931,0
0.02040816326530612,0
0.12595419847328243,0
0.0749185667752443,0
0.013930348258706468,0
0.27049180327868855,0
0.1588785046728972,0
0.1421647819063005,0
0.0099601593625498,0
0.06004618937644342,0
0.34551495016611294,0
0.048582995951417005,0
0.07317073170731707,0
0.6923076923076923,0
0.25833333333333336,0
0.006517690875232775,0
0.15671641791044777,0
0.24166666666666667,0
0.006688963210702341,0
0.06299212598425197,0
0.6815642458100558,0
0.27049180327868855,0
0.010033444816053512,0
0.004655493482309125,0
0.03418803418803419,0
0.02844950213371266,0
0.13372093023255813,0
0.053811659192825115,0
0.23628691983122363,0
0.4577777777777778,0
0.0107095046854083,0
0.4080717488789238,0
0.04669260700389105,0
0.19771863117870722,0
0.1483739837398374,0
0.008547008547008548,0
0.11764705882352941,0
0.1752021563342318,0
0.9006622516556292,0
0.20600858369098712,0
0.12406015037593984,0
0.17045454545454544,0
0.12595419847328243,0
0.3696369636963696,0
0.06230529595015576,0
0.8675496688741722,0
0.6779661016949152,0
0.9251700680272109,0
0.020066889632107024,0
0.0929853181076672,0
0.2682926829268293,0
0.09848484848484848,0
0.12151394422310757,0
0.04,0
0.10441767068273092,0
0.03240058910162003,0
0.26609442060085836,0
0.023094688221709007,0
0.053811659192825115,0
0.19902912621359223,0
0.060453400503778336,0
0.8698630136986302,0
0.2825112107623318,0
0.1044776119402985,0
0.08247422680412371,0
0.009237875288683603,0
0.061946902654867256,0
0.042801556420233464,0
1.0,1
1.0,1
0.6410748560460653,1
0.9994700582935877,1
0.3489736070381232,1
0.8043478260869565,1
0.9146341463414634,1
0.8029197080291971,1
0.9227642276422764,1
0.8102189781021898,1
0.9227642276422764,1
0.8043478260869565,1
1.0,1
0.9227642276422764,1
0.8043478260869565,1
0.9146341463414634,1
0.8029197080291971,1
0.9227642276422764,1
0.9227642276422764,1
0.8043478260869565,1
0.6878216123499142,1
0.8010291595197255,1
0.6878216123499142,1
0.6878216123499142,1
0.9117647058823529,1
0.6680672268907563,1
0.7521008403361344,1
0.8865546218487395,1
0.9152542372881356,1
0.8813559322033898,1
1.0,1
0.9152542372881356,1
0.8047138047138047,1
0.6816479400749064,1
0.658703071672355,1
0.9357429718875502,1
0.7867132867132867,1
0.7078651685393258,1
0.6560283687943262,1
0.9357429718875502,1
0.7894736842105263,1
0.7105263157894737,1
0.6336996336996337,1
0.9357429718875502,1
0.7894736842105263,1
0.7105263157894737,1
0.6336996336996337,1
0.9357429718875502,1
0.7867132867132867,1
0.7078651685393258,1
0.5390070921985816,1
0.6632996632996633,1
0.18518518518518517,1
0.7508417508417509,1
0.9461279461279462,1
0.7777777777777778,1
0.13131313131313133,1
0.7508417508417509,1
0.9461279461279462,1
0.7777777777777778,1
0.13131313131313133,1
0.7508417508417509,1
0.9461279461279462,1
0.7777777777777778,1
0.13131313131313133,1
0.7508417508417509,1
0.9461279461279462,1
0.7777777777777778,1
0.13131313131313133,1
0.18771331058020477,1
0.26217228464419473,1
0.1853146853146853,1
0.8614232209737828,1
0.13829787234042554,1
0.25842696629213485,1
0.18596491228070175,1
0.8614232209737828,1
0.14285714285714285,1
0.26217228464419473,1
0.18596491228070175,1
0.8614232209737828,1
0.14285714285714285,1
0.26217228464419473,1
0.1853146853146853,1
0.8614232209737828,1
0.13829787234042554,1
0.19112627986348124,1
0.13651877133105803,1
0.5187713310580204,1
0.9453924914675768,1
0.18771331058020477,1
0.13651877133105803,1
0.5187713310580204,1
0.9044368600682594,1
0.19112627986348124,1
0.13651877133105803,1
0.5187713310580204,1
0.9044368600682594,1
0.19112627986348124,1
0.13651877133105803,1
0.5187713310580204,1
0.8327645051194539,1
0.7572463768115942,1
0.9637681159420289,1
0.7572463768115942,1
0.9637681159420289,1
0.7644927536231884,1
0.9710144927536232,1
0.7681159420289855,1
0.7934782608695652,1
1.0,1
0.7572463768115942,1
0.9637681159420289,1
0.7572463768115942,1
0.7644927536231884,1
0.9710144927536232,1
0.9562937062937062,1
0.9562937062937062,1
0.9615384615384616,1
0.7035398230088495,1
0.7739130434782608,1
0.9094827586206896,1
0.9397590361445783,1
0.9152542372881356,1
1.0,1
0.7972027972027972,1
0.7265917602996255,1
0.6737588652482269,1
0.9789915966386554,1
0.7824561403508772,1
0.7105263157894737,1
0.6336996336996337,1
0.9789915966386554,1
0.7824561403508772,1
0.7105263157894737,1
0.6336996336996337,1
0.9789915966386554,1
0.7797202797202797,1
0.7078651685393258,1
0.5390070921985816,1
0.8251748251748252,1
0.15384615384615385,1
0.7797202797202797,1
0.9825174825174825,1
0.8076923076923077,1
0.13636363636363635,1
0.7797202797202797,1
0.9825174825174825,1
0.8076923076923077,1
0.13636363636363635,1
0.7797202797202797,1
0.9825174825174825,1
0.8076923076923077,1
0.13636363636363635,1
0.6492220650636492,1
0.15602836879432624,1
0.25842696629213485,1
0.21754385964912282,1
0.9812734082397003,1
0.14285714285714285,1
0.26217228464419473,1
0.21754385964912282,1
0.9812734082397003,1
0.14285714285714285,1
0.26217228464419473,1
0.21678321678321677,1
0.9812734082397003,1
0.13829787234042554,1
0.1950354609929078,1
0.1368421052631579,1
0.5390070921985816,1
0.9397163120567376,1
0.19858156028368795,1
0.1368421052631579,1
0.5390070921985816,1
0.9397163120567376,1
0.19858156028368795,1
0.13636363636363635,1
0.5390070921985816,1
0.8652482269503546,1
0.791970802919708,1
0.9742489270386266,1
0.7700729927007299,1
0.9659574468085106,1
0.7644927536231884,1
0.9146341463414634,1
0.9574468085106383,1
0.7572463768115942,1
1.0,1
0.791970802919708,1
0.9742489270386266,1
0.9659574468085106,1
0.7644927536231884,1
0.7700729927007299,1
0.9781021897810219,1
0.7700729927007299,1
0.9710144927536232,1
0.7664233576642335,1
0.7627737226277372,1
0.9637681159420289,1
0.791970802919708,1
1.0,1
0.7700729927007299,1
0.7700729927007299,1
0.9710144927536232,1
0.9700176366843033,1
0.9562937062937062,1
0.7869565217391304,1
0.7456896551724138,1
0.7964912280701755,1
0.7255639097744361,1
0.6483516483516484,1
0.9831223628691983,1
0.7824561403508772,1
0.7105263157894737,1
0.6336996336996337,1
0.9789915966386554,1
0.7797202797202797,1
0.7078651685393258,1
0.5390070921985816,1
0.8245614035087719,1
0.15087719298245614,1
0.7824561403508772,1
0.9859649122807017,1
0.8105263157894737,1
0.1368421052631579,1
0.7824561403508772,1
0.9825174825174825,1
0.8105263157894737,1
0.1368421052631579,1
0.1575091575091575,1
0.2631578947368421,1
0.21754385964912282,1
0.9849624060150376,1
0.14285714285714285,1
0.2631578947368421,1
0.21678321678321677,1
0.9812734082397003,1
0.13829787234042554,1
0.21245421245421245,1
0.1368421052631579,1
0.5457875457875457,1
0.9853479853479854,1
0.21245421245421245,1
0.13636363636363635,1
0.5457875457875457,1
0.9148936170212766,1
0.791970802919708,1
0.9574468085106383,1
0.7572463768115942,1
0.9227642276422764,1
0.9574468085106383,1
0.7572463768115942,1
0.9742489270386266,1
0.7700729927007299,1
1.0,1
0.9574468085106383,1
0.7572463768115942,1
0.9562937062937062,1
0.7627737226277372,1
0.9637681159420289,1
0.7737226277372263,1
0.7627737226277372,1
0.9637681159420289,1
0.7700729927007299,1
0.9781021897810219,1
0.791970802919708,1
0.7627737226277372,1
0.9637681159420289,1
0.9267241379310345,1
0.7964912280701755,1
0.7255639097744361,1
0.6483516483516484,1
0.9789915966386554,1
0.7797202797202797,1
0.7078651685393258,1
0.5390070921985816,1
0.8245614035087719,1
0.15087719298245614,1
0.7824561403508772,1
0.9825174825174825,1
0.8105263157894737,1
0.1368421052631579,1
0.1575091575091575,1
0.2631578947368421,1
0.21678321678321677,1
0.9812734082397003,1
0.13829787234042554,1
0.21245421245421245,1
0.13636363636363635,1
0.5457875457875457,1
0.9148936170212766,1
0.7934782608695652,1
0.9227642276422764,1
0.9659574468085106,1
0.7644927536231884,1
0.9659574468085106,1
0.7700729927007299,1
0.9659574468085106,1
1.0,1
0.7934782608695652,1
0.7681159420289855,1
0.7644927536231884,1
0.9710144927536232,1
0.7644927536231884,1
0.9710144927536232,1
0.7644927536231884,1
0.7934782608695652,1
1.0,1
0.8813559322033898,1
0.9397590361445783,1
0.7972027972027972,1
0.7265917602996255,1
0.5567375886524822,1
0.8251748251748252,1
0.15384615384615385,1
0.15602836879432624,1
1.0,1
1.0,1
1.0,1
1.0,1
1.0,1
1.0,1
0.9227642276422764,1
0.8043478260869565,1
0.9146341463414634,1
0.8029197080291971,1
0.9227642276422764,1
0.9227642276422764,1
0.8043478260869565,1
0.9152542372881356,1
0.7934782608695652,1
0.9574468085106383,1
0.7627737226277372,1
0.9574468085106383,1
0.9659574468085106,1
0.7644927536231884,1
0.7572463768115942,1
0.9637681159420289,1
0.7572463768115942,1
0.7644927536231884,1
0.9710144927536232,1
0.791970802919708,1
0.9742489270386266,1
0.9659574468085106,1
0.7644927536231884,1
0.7700729927007299,1
0.7700729927007299,1
0.9710144927536232,1
0.9574468085106383,1
0.7572463768115942,1
0.7934782608695652,1
1.0,1
0.007246376811594203,0
0.006042296072507553,0
0.37037037037037035,0
0.0963855421686747,0
0.031813361611876985,0
0.023032629558541268,0
0.04056437389770723,0
0.1324110671936759,0
0.10175438596491228,0
0.06159420289855073,0
0.02610966057441253,0
0.05114638447971781,0
0.185378590078329,0
0.2631578947368421,0
0.37872340425531914,0
0.004357298474945534,0
0.01166489925768823,0
0.1276595744680851,0
0.3025210084033613,0
0.026881720430107527,0
0.010598834128245893,0
0.04398826979472141,0
0.001976284584980237,0
0.026881720430107527,0
0.07017543859649122,0
0.22105263157894736,0
0.030732860520094562,0
0.036020583190394515,0
0.0695970695970696,0
0.12286689419795221,0
0.06619385342789598,0
0.10112359550561797,0
0.06382978723404255,0
0.014184397163120567,0
0.0749063670411985,0
0.11244979919678715,0
0.256140350877193,0
0.0634648370497427,0
0.10144927536231885,0
0.0695970695970696,0
0.01881720430107527,0
0.12286689419795221,0
0.3741258741258741,0
0.057971014492753624,0
0.005928853754940711,0
0.11764705882352941,0
0.011315417256011316,0
0.01812688821752266,0
0.031746031746031744,0
0.15217391304347827,0
0.004728132387706856,0
0.03494623655913978,0
0.01377848436671966,0
0.14418604651162792,0
0.04665959703075292,0
0.04699738903394256,0
0.42168674698795183,0
0.015558698727015558,0
0.07167235494880546,0
0.011128775834658187,0
0.06174957118353345,0
0.2202797202797203,0
0.27972027972027974,0
0.10486891385767791,0
0.10486891385767791,0
0.4157303370786517,0
0.13023255813953488,0
0.005758157389635317,0
0.003952569169960474,0
0.05228758169934641,0
0.10283687943262411,0
0.09764309764309764,0
0.0533596837944664,0
0.031914893617021274,0
0.1016949152542373,0
0.0749063670411985,0
0.060240963855421686,0
0.13043478260869565,0
0.011128775834658187,0
0.10256410256410256,0
0.03350970017636684,0
0.0070921985815602835,0
0.001976284584980237,0
0.06293706293706294,0
0.01812688821752266,0
0.003952569169960474,0
0.02416918429003021,0
0.010752688172043012,0
0.0030211480362537764,0
0.16455696202531644,0
0.019193857965451054,0
0.03225806451612903,0
0.37543859649122807,0
0.04938271604938271,0
0.14130434782608695,0
0.14130434782608695,0
0.026881720430107527,0
0.050724637681159424,0
0.14130434782608695,0
0.01048951048951049,0
0.13756613756613756,0
0.028368794326241134,0
0.059574468085106386,0
0.09764309764309764,0
0.12734082397003746,0
0.10526315789473684,0
0.06159420289855073,0
0.026881720430107527,0
0.42168674698795183,0
0.014316012725344645,0
0.058823529411764705,0
0.02416918429003021,0
0.13756613756613756,0
0.01812688821752266,0
0.01812688821752266,0
0.04056437389770723,0
0.06382978723404255,0
0.058823529411764705,0
0.003952569169960474,0
0.005829358770535241,0
0.010598834128245893,0
0.02932551319648094,0
0.042328042328042326,0
0.004357298474945534,0
0.04409171075837742,0
0.04974271012006861,0
0.021739130434782608,0
0.04020979020979021,0
0.06159420289855073,0
0.05182341650671785,0
0.06097560975609756,0
0.15151515151515152,0
0.15163147792706333,0
0.03225806451612903,0
0.014492753623188406,0
0.006359300476947536,0
0.021148036253776436,0
0.07760141093474426,0
0.16738197424892703,0
0.06204379562043796,0
0.04793028322440087,0
0.011857707509881422,0
0.019088016967126194,0
0.031746031746031744,0
0.026881720430107527,0
0.12406015037593984,0
0.02145922746781116,0
0.08994708994708994,0
0.044386422976501305,0
0.11382113821138211,0
0.06993006993006994,0
0.003952569169960474,0
0.27797202797202797,0
0.03007518796992481,0
0.08438818565400844,0
0.10256410256410256,0
0.010752688172043012,0
0.019088016967126194,0
0.04728132387706856,0
0.01727447216890595,0
0.019077901430842606,0
0.06172839506172839,0
0.014492753623188406,0
0.021739130434782608,0
0.02346041055718475,0
0.06266318537859007,0
0.37543859649122807,0
0.014846235418875928,0
0.08936170212765958,0
0.12831858407079647,0
0.027190332326283987,0
0.024193548387096774,0
0.032873806998939555,0
0.04728132387706856,0
0.031914893617021274,0
0.044145873320537425,0
0.40336134453781514,0
0.22105263157894736,0
0.04526166902404526,0
0.01812688821752266,0
0.14109347442680775,0
0.011134676564156946,0
0.34306569343065696,0
0.0533596837944664,0
0.24812030075187969,0
0.0749063670411985,0
0.04793028322440087,0
0.06569343065693431,0
0.007326007326007326,0
0.03880070546737213,0
0.015558698727015558,0
0.20279720279720279,0
0.03146853146853147,0
0.10526315789473684,0
0.04032258064516129,0
0.03763440860215054,0
0.0695970695970696,0
0.06097560975609756,0
0.01702127659574468,0
0.004772004241781549,0
0.09782608695652174,0
0.03262955854126679,0
0.04895104895104895,0
0.3173913043478261,0
0.04895104895104895,0
0.021739130434782608,0
0.006362672322375398,0
0.4157303370786517,0
0.006042296072507553,0
0.14233576642335766,0
0.07518796992481203,0
0.14130434782608695,0
0.14233576642335766,0
0.2202797202797203,0
0.06266318537859007,0
0.03763440860215054,0
0.021739130434782608,0
0.031746031746031744,0
0.038461538461538464,0
0.13120567375886524,0
0.042432814710042434,0
0.024193548387096774,0
0.10486891385767791,0
0.03494623655913978,0
0.04938271604938271,0
0.10139860139860139,0
0.026881720430107527,0
0.0749063670411985,0
0.03162055335968379,0
0.056179775280898875,0
0.009900990099009901,0
0.49455337690631807,0
0.10175438596491228,0
0.11814345991561181,0
0.2762237762237762,0
0.03763440860215054,0
0.02564102564102564,0
0.003952569169960474,0
0.024193548387096774,0
0.11764705882352941,0
0.06293706293706294,0
0.06118881118881119,0
0.1320754716981132,0
0.021505376344086023,0
0.07692307692307693,0
0.04728132387706856,0
0.015037593984962405,0
0.01166489925768823,0
0.026881720430107527,0
0.02610966057441253,0
0.3185840707964602,0
0.042432814710042434,0
0.03232644409114997,0
0.10283687943262411,0
0.1419939577039275,0
0.007905138339920948,0
0.023965141612200435,0
0.1702127659574468,0
0.0690978886756238,0
0.017429193899782137,0
0.09929078014184398,0
0.12648221343873517,0
0.06619385342789598,0
0.10139860139860139,0
0.08403361344537816,0
0.003952569169960474,0
0.10175438596491228,0
0.011658717541070483,0
0.059574468085106386,0
0.005299417064122946,0
0.03162055335968379,0
0.14492753623188406,0
0.021148036253776436,0
0.01881720430107527,0
0.050724637681159424,0
0.09824561403508772,0
0.06518010291595197,0
0.030732860520094562,0
0.011857707509881422,0
0.02972027972027972,0
0.3391304347826087,0
0.04819277108433735,0
0.017482517482517484,0
0.4074074074074074,0
0.012195121951219513,0
0.017488076311605722,0
0.031746031746031744,0
0.025691699604743084,0
0.007677543186180422,0
0.01812688821752266,0
0.05228758169934641,0
0.02097902097902098,0
0.013071895424836602,0
0.08403361344537816,0
0.03007518796992481,0
0.06619385342789598,0
0.0299625468164794,0
0.058823529411764705,0
0.03234358430540827,0
0.2762237762237762,0
0.012658227848101266,0
0.04526166902404526,0
0.06619385342789598,0
0.03496503496503497,0
0.0021197668256491787,0
0.06159420289855073,0
0.1702127659574468,0
0.10486891385767791,0
0.2762237762237762,0
0.40562248995983935,0
0.11235955056179775,0
0.13756613756613756,0
0.03162055335968379,0
0.11382113821138211,0
0.42276422764227645,0
0.07849829351535836,0
0.12831858407079647,0
0.021505376344086023,0
0.026392961876832845,0
0.03763440860215054,0
0.02111324376199616,0
0.02346041055718475,0
0.017497348886532343,0
0.03763440860215054,0
0.017482517482517484,0
0.10139860139860139,0
0.015037593984962405,0
0.3132530120481928,0
0.10569105691056911,0
0.06993006993006994,0
0.06349206349206349,0
0.12864493996569468,0
0.13932980599647266,0
0.01680672268907563,0
0.06619385342789598,0
0.2902097902097902,0
0.03818953323903819,0
0.11347517730496454,0
0.011128775834658187,0
0.11814345991561181,0
0.45569620253164556,0
0.01383399209486166,0
0.02766798418972332,0
0.2669172932330827,0
0.031746031746031744,0
0.06993006993006994,0
0.014598540145985401,0
0.0591016548463357,0
0.06204379562043796,0
0.16455696202531644,0
0.38461538461538464,0
0.21212121212121213,0
0.2762237762237762,0
