0.19938650306748465,1
0.17484662576687116,1
0.14215686274509803,1
0.14215686274509803,1
0.17791411042944785,1
0.17791411042944785,1
0.17791411042944785,1
0.16272189349112426,1
0.17177914110429449,1
0.17484662576687116,1
0.7475490196078431,1
0.7524509803921569,1
0.18404907975460122,1
0.18404907975460122,1
0.18404907975460122,1
0.16863905325443787,1
0.17177914110429449,1
0.12990196078431374,1
0.12990196078431374,1
0.16822429906542055,1
0.16822429906542055,1
0.16257668711656442,1
0.15088757396449703,1
0.16358024691358025,1
0.24754901960784315,1
0.14215686274509803,1
0.14215686274509803,1
0.14215686274509803,1
0.13480392156862744,1
0.14215686274509803,1
0.13970588235294118,1
0.13970588235294118,1
0.13970588235294118,1
0.1323529411764706,1
0.13725490196078433,1
0.9528301886792453,1
0.9233128834355828,1
0.9053254437869822,1
0.9351851851851852,1
0.9233128834355828,1
0.8964497041420119,1
0.9351851851851852,1
0.8905325443786982,1
0.9233128834355828,1
0.16272189349112426,1
0.22865013774104684,1
0.1693548387096774,1
0.239247311827957,1
0.9722222222222222,1
0.49074074074074076,1
0.5401234567901234,1
0.9154078549848943,1
0.1524390243902439,1
0.31384615384615383,1
0.30538922155688625,1
0.9104477611940298,1
0.16470588235294117,1
0.5154320987654321,1
0.5216049382716049,1
0.18126888217522658,1
0.17682926829268292,1
0.1723076923076923,1
0.16766467065868262,1
0.1791044776119403,1
0.17058823529411765,1
0.5273311897106109,1
0.18126888217522658,1
0.1798780487804878,1
0.1753846153846154,1
0.17065868263473055,1
0.1791044776119403,1
0.17352941176470588,1
0.14501510574018128,1
0.14634146341463414,1
0.8061538461538461,1
0.7724550898203593,1
0.14328358208955225,1
0.1411764705882353,1
0.18126888217522658,1
0.19637462235649547,1
0.19461077844311378,1
0.28955223880597014,1
0.19411764705882353,1
0.3384146341463415,1
0.3323353293413174,1
0.21791044776119403,1
0.19117647058823528,1
0.8023952095808383,1
0.1701492537313433,1
0.1676470588235294,1
0.1701492537313433,1
0.1676470588235294,1
0.2235294117647059,1
0.2682926829268293,1
0.96484375,1
0.9878542510121457,1
0.85,1
0.8555555555555555,1
0.9263803680981595,1
0.11466666666666667,1
0.1484593837535014,1
0.21992238033635186,1
0.49530075187969924,1
0.5036572622779519,1
0.702928870292887,1
0.18210862619808307,1
0.4849624060150376,1
0.21443514644351463,1
0.8947368421052632,1
0.9375,1
0.8333333333333334,1
0.8125,1
0.9375,1
0.8958333333333334,1
0.6705882352941176,1
0.4678492239467849,1
0.18040089086859687,1
0.2261640798226164,1
0.9134615384615384,1
0.8317757009345794,1
0.7692307692307693,1
0.7476635514018691,1
0.8252427184466019,1
0.9158878504672897,1
0.4075342465753425,1
0.8832853025936599,1
0.953125,1
0.8148148148148148,1
0.5161290322580645,1
0.7916666666666666,1
0.4742857142857143,1
0.5,1
0.5,1
0.5263157894736842,1
0.4556213017751479,1
0.4550561797752809,1
0.4438202247191011,1
0.5419354838709678,1
0.7037037037037037,1
0.5485714285714286,1
0.47802197802197804,1
0.46703296703296704,1
0.5526315789473685,1
0.5562130177514792,1
0.5224719101123596,1
0.5337078651685393,1
0.49032258064516127,1
0.8342857142857143,1
0.7857142857142857,1
0.8186813186813187,1
0.8838709677419355,1
0.8284023668639053,1
0.8146067415730337,1
0.8202247191011236,1
0.44,1
0.42857142857142855,1
0.42857142857142855,1
0.506578947368421,1
0.47337278106508873,1
0.43258426966292135,1
0.449438202247191,1
0.7967032967032966,1
0.7747252747252747,1
0.8,1
0.9142857142857143,1
0.9101123595505618,1
0.898876404494382,1
0.9010989010989011,1
0.7857142857142857,1
0.8021978021978022,1
0.7912087912087912,1
0.8186813186813187,1
0.7857142857142857,1
0.8021978021978022,1
0.7967032967032966,1
0.8901098901098901,1
0.8461538461538461,1
0.797752808988764,1
0.7865168539325843,1
0.898876404494382,1
0.9157303370786517,1
0.898876404494382,1
0.12466124661246612,0
0.012552301255230125,0
0.11029411764705882,0
0.027168234064785787,0
0.2485207100591716,0
0.1652892561983471,0
0.3581267217630854,0
0.06506849315068493,0
0.009584664536741214,0
0.15123456790123457,0
0.1196319018404908,0
0.1510574018126888,0
0.10975609756097561,0
0.23055555555555557,0
0.10946745562130178,0
0.007692307692307693,0
0.15833333333333333,0
0.013888888888888888,0
0.017266187050359712,0
0.03978779840848806,0
0.38480392156862747,0
0.05214723926380368,0
0.0596234309623431,0
0.056921086675291076,0
0.011419249592169658,0
0.07348703170028818,0
0.24260355029585798,0
0.08097165991902834,0
0.045563549160671464,0
0.014388489208633094,0
0.013846153846153847,0
0.007454739084132056,0
0.10307692307692308,0
0.26525198938992045,0
0.0815006468305304,0
0.1935483870967742,0
0.05136986301369863,0
0.1027190332326284,0
0.23055555555555557,0
0.06485355648535565,0
0.01764705882352941,0
0.3968253968253968,0
0.007692307692307693,0
0.3028953229398664,0
0.11612903225806452,0
0.10084033613445378,0
0.2808641975308642,0
0.008583690987124463,0
0.2523076923076923,0
0.39814814814814814,0
0.09946236559139784,0
0.024494142705005325,0
0.014629049111807733,0
0.2181372549019608,0
0.21323529411764705,0
0.03741007194244604,0
0.15223880597014924,0
0.22048997772828507,0
0.0020920502092050207,0
0.042690815006468305,0
0.012269938650306749,0
0.15730337078651685,0
0.0924092409240924,0
0.24175824175824176,0
0.03195488721804511,0
0.13333333333333333,0
0.06882591093117409,0
0.030821917808219176,0
0.012345679012345678,0
0.11064425770308123,0
0.06533333333333333,0
0.22857142857142856,0
0.010769230769230769,0
0.09467455621301775,0
0.25153374233128833,0
0.024495677233429394,0
0.14018691588785046,0
0.25766871165644173,0
0.028824833702882482,0
0.042690815006468305,0
0.19166666666666668,0
0.012145748987854251,0
0.05733333333333333,0
0.4584615384615385,0
0.03230769230769231,0
0.02199223803363519,0
0.01468189233278956,0
0.1510574018126888,0
0.3875338753387534,0
0.020172910662824207,0
0.08943089430894309,0
0.25824175824175827,0
0.015827338129496403,0
0.15841584158415842,0
0.15269461077844312,0
0.08476394849785408,0
0.10340136054421768,0
0.13279132791327913,0
0.12149532710280374,0
0.009398496240601503,0
0.01524390243902439,0
0.11343283582089553,0
0.013189448441247002,0
0.23148148148148148,0
0.125,0
0.3871951219512195,0
0.26666666666666666,0
0.11042944785276074,0
0.294478527607362,0
0.25617283950617287,0
0.008130081300813009,0
0.04404567699836868,0
0.026101141924959218,0
0.10223642172523961,0
0.0529595015576324,0
0.42901234567901236,0
0.271505376344086,0
0.006968641114982578,0
0.2529411764705882,0
0.08123249299719888,0
0.2422360248447205,0
0.16,0
0.13550135501355012,0
0.24372384937238495,0
0.020676691729323307,0
0.009404388714733543,0
0.05246913580246913,0
0.10857142857142857,0
0.12258064516129032,0
0.10192837465564739,0
0.03643724696356275,0
0.0611587982832618,0
0.2398753894080997,0
0.08943089430894309,0
0.22,0
0.02819548872180451,0
0.4405144694533762,0
0.07466666666666667,0
0.010086455331412104,0
0.30246913580246915,0
0.007692307692307693,0
0.16666666666666666,0
0.21603563474387527,0
0.08943089430894309,0
0.042293233082706765,0
0.001199040767386091,0
0.3581267217630854,0
0.1574074074074074,0
0.03314121037463977,0
0.015827338129496403,0
0.011834319526627219,0
0.021613832853025938,0
0.012698412698412698,0
0.29012345679012347,0
0.35,0
0.24705882352941178,0
0.030303030303030304,0
0.12419146183699871,0
0.09558823529411764,0
0.33578431372549017,0
0.3374233128834356,0
0.30196078431372547,0
0.041353383458646614,0
0.001199040767386091,0
0.2089041095890411,0
0.19166666666666668,0
0.03314121037463977,0
0.14705882352941177,0
0.012345679012345678,0
0.013050570962479609,0
0.08403361344537816,0
0.44477611940298506,0
0.012461059190031152,0
0.29607250755287007,0
0.05821917808219178,0
0.24661246612466126,0
0.0037593984962406013,0
0.034666666666666665,0
0.26646706586826346,0
0.026726057906458798,0
0.03665413533834586,0
0.015021459227467811,0
0.9183673469387755,1
1.0,1
0.7222222222222222,1
1.0,1
0.8947368421052632,1
0.7731481481481481,1
0.6481481481481481,1
0.6542056074766355,1
0.6944444444444444,1
0.905982905982906,1
0.9881305637982196,1
0.8980582524271845,1
0.8705035971223022,1
1.0,1
0.8705882352941177,1
0.891566265060241,1
0.7692307692307693,1
0.9411764705882353,1
1.0,1
1.0,1
1.0,1
1.0,1
1.0,1
1.0,1
1.0,1
1.0,1
1.0,1
1.0,1
1.0,1
0.6862745098039216,1
1.0,1
1.0,1
0.9193548387096774,1
0.9525862068965517,1
0.8559322033898306,1
0.9629629629629629,1
0.8290598290598291,1
0.8220338983050848,1
0.9661016949152542,1
0.8547008547008547,1
1.0,1
1.0,1
0.6904761904761905,1
0.7777777777777778,1
0.8527131782945736,1
0.6830985915492958,1
0.7925925925925926,1
0.8802816901408451,1
0.795774647887324,1
0.8826530612244898,1
0.8955223880597015,1
0.7222222222222222,1
0.8985507246376812,1
0.9577464788732394,1
0.9315068493150684,1
0.8591549295774648,1
0.8591549295774648,1
0.8356164383561644,1
0.9577464788732394,1
0.9726027397260274,1
0.9014084507042254,1
0.8767123287671232,1
1.0,1
1.0,1
1.0,1
1.0,1
1.0,1
1.0,1
1.0,1
1.0,1
1.0,1
1.0,1
1.0,1
0.945054945054945,1
0.8950276243093923,1
0.5115511551155115,1
0.8634146341463415,1
0.6190476190476191,1
0.7055214723926381,1
0.5950920245398773,1
0.38557993730407525,1
0.8604651162790697,1
0.7654320987654321,1
0.7558139534883721,1
0.6619047619047619,1
1.0,1
0.9768518518518519,1
0.9294871794871795,1
0.9166666666666666,1
0.948051948051948,1
0.9802955665024631,1
0.96875,1
1.0,1
1.0,1
0.7623456790123457,1
0.6876971608832808,1
0.7489711934156379,1
0.23017408123791103,1
0.21663442940038685,1
0.6963249516441006,1
0.6363636363636364,1
0.9555125725338491,1
0.22243713733075435,1
0.15473887814313347,1
0.9457547169811321,1
0.4777327935222672,1
0.4175152749490835,1
0.7626459143968871,1
0.5990566037735849,1
0.5919811320754716,1
0.4149797570850202,1
0.4745417515274949,1
0.8190661478599222,1
0.1021377672209026,1
0.66270783847981,1
0.32098765432098764,1
1.0,1
0.9267734553775744,1
0.23209876543209876,1
0.7739130434782608,1
0.28695652173913044,1
0.2956521739130435,1
0.3274336283185841,1
0.3108108108108108,1
0.8185840707964602,1
0.7333333333333333,1
0.6796338672768879,1
0.9058823529411765,1
0.7474747474747475,1
1.0,1
0.7777777777777778,1
0.96,1
0.7474747474747475,1
0.6872246696035242,1
0.265625,1
0.6740088105726872,1
0.2625482625482625,1
0.6740088105726872,1
0.6740088105726872,1
0.6872246696035242,1
0.32269503546099293,1
0.3225806451612903,1
0.5242290748898678,1
0.29385964912280704,1
0.74,1
0.125,1
0.12355212355212356,1
0.39453125,1
0.927710843373494,1
0.38996138996138996,1
0.9289940828402367,1
0.9457831325301205,1
0.927710843373494,1
0.5567375886524822,1
0.5519713261648745,1
0.7228915662650602,1
0.32456140350877194,1
0.63671875,1
0.9420849420849421,1
0.61328125,1
0.58984375,1
0.58984375,1
0.2730496453900709,1
0.31899641577060933,1
0.46875,1
0.8359375,1
0.5791505791505791,1
0.9467455621301775,1
0.927710843373494,1
0.927710843373494,1
0.5460992907801419,1
0.5519713261648745,1
0.7228915662650602,1
0.33771929824561403,1
0.640926640926641,1
0.5945945945945946,1
0.5945945945945946,1
0.2730496453900709,1
0.3225806451612903,1
0.4671814671814672,1
0.8262548262548263,1
0.7474747474747475,1
0.9487179487179487,1
0.78,1
1.0,1
0.9289940828402367,1
0.9289940828402367,1
0.5460992907801419,1
0.5627240143369175,1
0.7159763313609467,1
0.33771929824561403,1
0.9509803921568627,1
0.9423076923076923,1
0.9607843137254902,1
0.9509803921568627,1
0.9607843137254902,1
0.9509803921568627,1
1.0,1
0.9509803921568627,1
0.9423076923076923,1
0.9607843137254902,1
0.9509803921568627,1
0.9607843137254902,1
0.9509803921568627,1
0.9536679536679536,1
1.0,1
0.9457831325301205,1
0.5460992907801419,1
0.5627240143369175,1
0.7423312883435583,1
0.33771929824561403,1
0.5460992907801419,1
0.5519713261648745,1
0.7469879518072289,1
0.35526315789473684,1
0.9312169312169312,1
1.0,1
0.9312169312169312,1
0.954954954954955,1
1.0,1
0.954954954954955,1
0.9516129032258065,1
0.9312169312169312,1
1.0,1
0.954954954954955,1
1.0,1
0.9361702127659575,1
0.42907801418439717,1
0.25886524822695034,1
0.9519230769230769,1
0.9504950495049505,1
0.9504950495049505,1
0.9603960396039604,1
0.9702970297029703,1
0.9509803921568627,1
1.0,1
0.9519230769230769,1
0.9504950495049505,1
0.9504950495049505,1
0.9603960396039604,1
0.9702970297029703,1
0.9423076923076923,1
0.9326923076923077,1
0.9326923076923077,1
0.9423076923076923,1
0.9423076923076923,1
0.9519230769230769,1
1.0,1
0.9423076923076923,1
0.9326923076923077,1
0.9326923076923077,1
0.9423076923076923,1
0.96,1
0.9603960396039604,1
0.97,1
0.9607843137254902,1
0.9504950495049505,1
0.9423076923076923,1
1.0,1
0.96,1
0.9603960396039604,1
0.97,1
0.43727598566308246,1
0.27956989247311825,1
0.9267734553775744,1
0.23209876543209876,1
0.9702970297029703,1
0.96,1
0.9509803921568627,1
0.9504950495049505,1
0.9326923076923077,1
0.96,1
1.0,1
0.9702970297029703,1
0.96,1
0.9603960396039604,1
0.9607843137254902,1
0.9603960396039604,1
0.9326923076923077,1
0.9603960396039604,1
0.9702970297029703,1
1.0,1
0.9603960396039604,1
0.9509803921568627,1
0.9702970297029703,1
0.9423076923076923,1
0.97,1
0.96,1
0.9603960396039604,1
1.0,1
1.0,1
0.5103448275862069,1
0.49,1
0.7310344827586207,1
1.0,1
0.5103448275862069,1
0.285,1
0.6981132075471698,1
0.5103448275862069,1
1.0,1
0.8135593220338984,1
1.0,1
0.8135593220338984,1
0.9534412955465587,1
0.8832684824902723,1
0.2408906882591093,1
0.23076923076923078,1
0.9377431906614786,1
0.08757637474541752,1
0.24236252545824846,1
0.8135593220338984,1
1.0,1
0.08365758754863813,1
0.17120622568093385,1
0.5219298245614035,1
0.8333333333333334,1
0.942643391521197,1
0.5326633165829145,1
0.8493150684931506,1
0.875,1
0.8679245283018868,1
0.515,1
0.585,1
0.46,1
0.7310344827586207,1
0.6981132075471698,1
0.6934865900383141,1
0.419672131147541,1
0.7590361445783133,1
0.2151029748283753,1
0.8479834539813857,1
0.8444444444444444,1
0.3092369477911647,1
0.9629629629629629,1
0.9581239530988275,1
0.8670360110803325,1
0.9090909090909091,1
0.868421052631579,1
0.7333333333333333,1
1.0,1
0.7777777777777778,1
0.96,1
0.7474747474747475,1
0.74,1
0.9487179487179487,1
0.78,1
0.9509803921568627,1
0.9423076923076923,1
0.9607843137254902,1
0.9509803921568627,1
0.9607843137254902,1
0.9509803921568627,1
0.9312169312169312,1
0.954954954954955,1
0.9519230769230769,1
0.9504950495049505,1
0.9504950495049505,1
0.9603960396039604,1
0.9702970297029703,1
0.9423076923076923,1
0.9326923076923077,1
0.9326923076923077,1
0.9423076923076923,1
0.96,1
0.9603960396039604,1
0.97,1
0.9702970297029703,1
0.96,1
0.9603960396039604,1
0.5103448275862069,1
0.8135593220338984,1
0.8493150684931506,1
0.2796610169491525,0
0.15151515151515152,0
0.2328767123287671,0
0.2948717948717949,0
0.30952380952380953,0
0.2358490566037736,0
0.43010752688172044,0
0.03470715835140998,0
0.17777777777777778,0
0.2625482625482625,0
0.22624434389140272,0
0.19889502762430938,0
0.22424242424242424,0
0.0858085808580858,0
0.008547008547008548,0
0.25,0
0.78,0
0.4189189189189189,0
0.014256619144602852,0
0.22522522522522523,0
0.13855421686746988,0
0.32,0
0.05856832971800434,0
0.01483679525222552,0
0.05422993492407809,0
0.32515337423312884,0
0.15151515151515152,0
0.029508196721311476,0
0.21686746987951808,0
0.15151515151515152,0
0.2193877551020408,0
0.17543859649122806,0
0.5,0
0.011869436201780416,0
0.19310344827586207,0
0.024752475247524754,0
0.1836734693877551,0
0.14106583072100312,0
0.01707317073170732,0
0.18699186991869918,0
0.23134328358208955,0
0.015625,0
0.23765432098765432,0
0.02262443438914027,0
0.22424242424242424,0
0.04,0
0.19879518072289157,0
0.2111111111111111,0
0.18232044198895028,0
0.1793103448275862,0
0.43646408839779005,0
0.008676789587852495,0
0.09839816933638444,0
0.02168021680216802,0
0.30952380952380953,0
0.17100371747211895,0
0.75,0
0.025,0
0.18218623481781376,0
0.058823529411764705,0
0.011494252873563218,0
0.27956989247311825,0
0.03125,0
0.049079754601226995,0
0.2982456140350877,0
0.16666666666666666,0
0.025974025974025976,0
0.3018867924528302,0
0.23376623376623376,0
0.02702702702702703,0
0.013850415512465374,0
0.055762081784386616,0
0.21232876712328766,0
0.01892744479495268,0
0.32075471698113206,0
0.006507592190889371,0
0.012409513960703205,0
0.3333333333333333,0
0.18787878787878787,0
0.2,0
0.038461538461538464,0
0.007125890736342043,0
0.018867924528301886,0
0.3149171270718232,0
0.3838383838383838,0
0.5132275132275133,0
0.21212121212121213,0
0.3287671232876712,0
0.273972602739726,0
0.15151515151515152,0
0.14836795252225518,0
0.21296296296296297,0
0.1791044776119403,0
0.012779552715654952,0
0.2711864406779661,0
0.20606060606060606,0
0.18811881188118812,0
0.1610738255033557,0
0.28205128205128205,0
0.2606060606060606,0
0.21875,0
0.5847457627118644,0
0.03879310344827586,0
0.20100502512562815,0
0.34,0
0.3358208955223881,0
0.022222222222222223,0
0.00881057268722467,0
0.291044776119403,0
0.05856832971800434,0
0.4630541871921182,0
0.020080321285140562,0
0.21686746987951808,0
0.10931174089068826,0
0.2073170731707317,0
0.15234375,0
0.05944055944055944,0
0.1556420233463035,0
0.16614420062695925,0
0.12186379928315412,0
0.015625,0
0.022935779816513763,0
0.05714285714285714,0
0.006864988558352402,0
0.33663366336633666,0
0.3795180722891566,0
0.20422535211267606,0
0.38095238095238093,0
0.24324324324324326,0
0.1696969696969697,0
0.6701030927835051,0
0.014778325123152709,0
0.0049382716049382715,0
0.0049382716049382715,0
0.3076923076923077,0
0.2823529411764706,0
0.136986301369863,0
0.10385756676557864,0
0.022988505747126436,0
0.21212121212121213,0
0.24113475177304963,0
0.00554016620498615,0
0.3300970873786408,0
0.27956989247311825,0
0.2483221476510067,0
0.2222222222222222,0
0.35546875,0
0.12831858407079647,0
0.43846153846153846,0
0.3,0
0.25773195876288657,0
0.21153846153846154,0
0.012237762237762238,0
0.03680981595092025,0
0.5616438356164384,0
0.5564516129032258,0
0.01650943396226415,0
0.29959514170040485,0
0.1780821917808219,0
0.28185328185328185,0
0.16831683168316833,0
0.2792207792207792,0
0.05687693898655636,0
0.0429042904290429,0
0.10778443113772455,0
0.22580645161290322,0
0.33,0
0.3,0
0.30824372759856633,0
0.3950617283950617,0
0.07668711656441718,0
0.06281407035175879,0
0.23809523809523808,0
0.024096385542168676,0
0.2446043165467626,0
0.01845018450184502,0
0.33,0
0.042682926829268296,0
0.014778325123152709,0
0.277602523659306,0
0.3076923076923077,0
0.1796875,0
0.39156626506024095,0
0.1693548387096774,0
0.594059405940594,0
0.09669811320754718,0
0.3983050847457627,0
0.01507537688442211,0
0.7524752475247525,0
0.2265193370165746,0
0.0297029702970297,0
0.008130081300813009,0
0.14824120603015076,0
0.32673267326732675,0
0.034324942791762014,0
0.2048780487804878,0
0.32934131736526945,0
0.26126126126126126,0
0.2469879518072289,0
0.2358490566037736,0
0.009478672985781991,0
0.15151515151515152,0
0.7575757575757576,0
0.22123893805309736,0
0.5627705627705628,0
0.1111111111111111,0
0.008097165991902834,0
0.3374485596707819,0
0.07272727272727272,0
0.1326530612244898,0
0.5510204081632653,0
0.20594965675057209,0
0.20823798627002288,0
0.0975609756097561,0
0.3706070287539936,0
0.75,0
0.009259259259259259,0
0.018970189701897018,0
0.35609756097560974,0
0.01953125,0
0.14489311163895488,0
0.2,0
0.2275132275132275,0
0.12418300653594772,0
0.3904109589041096,0
0.003703703703703704,0
0.2376237623762376,0
0.410958904109589,0
0.27122641509433965,0
0.36363636363636365,0
0.2987012987012987,0
0.147239263803681,0
0.15151515151515152,0
0.013574660633484163,0
0.012048192771084338,0
0.2079207920792079,0
0.14285714285714285,0
0.18376068376068377,0
0.16186252771618626,0
0.013539651837524178,0
0.17692307692307693,0
0.01171875,0
0.32038834951456313,0
0.01340033500837521,0
0.00980392156862745,0
0.10720268006700168,0
0.11041009463722397,0
0.16015625,0
0.26956521739130435,0
0.288135593220339,0
0.19658119658119658,0
0.005836575875486381,0
0.21341463414634146,0
0.012618296529968454,0
0.4036144578313253,0
0.01904761904761905,0
0.017509727626459144,0
0.25,0
0.22289156626506024,0
0.48031496062992124,0
0.02867383512544803,0
0.8076923076923077,0
0.21052631578947367,0
0.211864406779661,0
0.022172949002217297,0
0.1696969696969697,0
0.1286549707602339,0
0.01107011070110701,0
0.2289156626506024,0
0.023076923076923078,0
0.0,0
0.1693548387096774,0
0.04296875,0
0.008741258741258742,0
0.15151515151515152,0
0.007537688442211055,0
0.22077922077922077,0
0.3148148148148148,0
0.1595744680851064,0
0.009259259259259259,0
0.23636363636363636,0
0.27380952380952384,0
0.025943396226415096,0
0.4567901234567901,0
0.2222222222222222,0
0.0438871473354232,0
0.2702702702702703,0
0.275,0
0.9117647058823529,0
0.4589041095890411,0
0.2545454545454545,0
0.1724137931034483,0
0.009259259259259259,0
0.014285714285714285,0
0.3333333333333333,0
0.05384615384615385,0
0.01293103448275862,0
0.021367521367521368,0
0.02880658436213992,0
0.012219959266802444,0
0.18548387096774194,0
0.3090909090909091,0
0.03048780487804878,0
0.11504424778761062,0
0.23376623376623376,0
0.2462686567164179,0
0.009259259259259259,0
0.1696969696969697,0
0.02122641509433962,0
0.25146198830409355,0
0.012779552715654952,0
0.1878453038674033,0
0.19014084507042253,0
0.013215859030837005,0
0.009202453987730062,0
0.22033898305084745,0
0.019305019305019305,0
0.14960629921259844,0
0.025974025974025976,0
0.01597444089456869,0
0.014814814814814815,0
0.19658119658119658,0
0.008902077151335312,0
0.10572687224669604,0
0.06334841628959276,0
0.35,0
0.017456359102244388,0
0.24092409240924093,0
0.20246913580246914,0
0.12871287128712872,0
0.006700167504187605,0
0.6746987951807228,0
0.3488372093023256,0
0.15568862275449102,0
0.01483679525222552,0
0.296969696969697,0
0.18292682926829268,0
0.2903225806451613,0
0.015625,0
0.20294117647058824,0
0.10864745011086474,0
0.18688524590163935,0
0.026470588235294117,0
0.012269938650306749,0
0.4065040650406504,0
0.25,0
0.14150943396226415,0
0.00823045267489712,0
0.07868852459016394,0
0.25742574257425743,0
0.018518518518518517,0
0.24836601307189543,0
0.2236842105263158,0
0.3208955223880597,0
0.24242424242424243,0
0.20833333333333334,0
0.23780487804878048,0
0.00946372239747634,0
0.08767772511848342,0
0.24550898203592814,0
0.26262626262626265,0
0.21818181818181817,0
0.12682926829268293,0
0.3817204301075269,0
0.014957264957264958,0
0.025,0
0.01179245283018868,0
0.015734265734265736,0
0.3047619047619048,0
0.07551487414187644,0
0.3130434782608696,0
0.25,0
0.48324514991181655,1
0.4488549618320611,1
0.9254901960784314,1
0.9673469387755103,1
0.9595141700404858,1
0.9673469387755103,1
0.9673469387755103,1
0.9595141700404858,1
0.9518072289156626,1
0.9333333333333333,1
0.403921568627451,1
0.403921568627451,1
0.403921568627451,1
0.403921568627451,1
0.9333333333333333,1
0.41700404858299595,1
0.4204081632653061,1
0.4204081632653061,1
0.41700404858299595,1
0.9678714859437751,1
0.9676113360323887,1
0.9595141700404858,1
0.9676113360323887,1
0.9518072289156626,1
0.9673469387755103,1
0.9676113360323887,1
0.9518072289156626,1
0.9595141700404858,1
0.9518072289156626,1
0.3654618473895582,1
0.7991803278688525,1
0.9135135135135135,1
0.7656123276561233,1
0.7330415754923414,1
0.6477024070021882,1
0.9033280507131537,1
0.7698986975397974,1
0.5592635212888377,1
0.5225806451612903,1
0.7800289435600579,1
0.5937859608745685,1
0.6096774193548387,1
0.7364787111622555,1
0.6881720430107527,1
0.9344086021505377,1
0.7483443708609272,1
0.7483443708609272,1
0.7682119205298014,1
0.7483443708609272,1
0.7682119205298014,1
0.7682119205298014,1
0.92,1
0.9047619047619048,1
0.888,1
0.888,1
0.8805970149253731,1
0.9047619047619048,1
0.9024390243902439,1
0.926829268292683,1
0.8582089552238806,1
0.9285714285714286,1
0.9047619047619048,1
0.8507462686567164,1
0.9024390243902439,1
0.8507462686567164,1
0.8731343283582089,1
0.0234375,1
0.9379310344827586,1
0.6244725738396625,1
0.6286919831223629,1
0.05485232067510549,1
0.620253164556962,1
0.6329113924050633,1
0.1940928270042194,1
0.029535864978902954,1
0.1940928270042194,1
0.9238578680203046,1
0.15841584158415842,1
0.8984771573604061,1
0.8984771573604061,1
0.33816425120772947,1
0.15841584158415842,1
0.330188679245283,1
0.8910891089108911,1
0.8984771573604061,1
0.9238578680203046,1
0.8502415458937198,1
0.8910891089108911,1
0.8301886792452831,1
0.9257425742574258,1
0.900990099009901,1
0.8502415458937198,1
0.8910891089108911,1
0.8301886792452831,1
0.776,1
0.8984771573604061,1
0.8502415458937198,1
0.8712871287128713,1
0.8301886792452831,1
0.8695652173913043,1
0.15346534653465346,1
0.8490566037735849,1
0.1497584541062802,1
0.8301886792452831,1
0.32547169811320753,1
0.8179871520342612,1
0.7520891364902507,1
0.8909774436090225,1
0.7532467532467533,1
0.8745247148288974,1
0.8136882129277566,1
1.0,1
0.9584086799276673,1
0.8365878725590956,1
0.9344827586206896,1
0.9714285714285714,1
0.9645390070921985,1
0.9714285714285714,1
0.9714285714285714,1
0.9645390070921985,1
0.9577464788732394,1
0.9413793103448276,1
0.20344827586206896,1
0.20344827586206896,1
0.20344827586206896,1
0.20344827586206896,1
0.9344827586206896,1
0.45390070921985815,1
0.45714285714285713,1
0.45714285714285713,1
0.45390070921985815,1
0.9647887323943662,1
0.9716312056737588,1
0.9645390070921985,1
0.9716312056737588,1
0.9577464788732394,1
0.9714285714285714,1
0.9716312056737588,1
0.9577464788732394,1
0.9645390070921985,1
0.9577464788732394,1
0.4507042253521127,1
0.6282051282051282,1
0.935251798561151,1
0.9219858156028369,1
0.9285714285714286,1
0.9420289855072463,1
0.935251798561151,1
0.9285714285714286,1
0.9716312056737588,1
0.9714285714285714,1
0.9784172661870504,1
0.9712230215827338,1
0.9714285714285714,1
0.9645390070921985,1
0.9574468085106383,1
0.9645390070921985,1
0.9645390070921985,1
0.9714285714285714,1
0.9785714285714285,1
0.9785714285714285,1
0.9784172661870504,1
0.9714285714285714,1
0.9714285714285714,1
0.8741721854304636,1
0.8874172185430463,1
0.8741721854304636,1
0.8609271523178808,1
0.8675496688741722,1
0.8741721854304636,1
0.9714285714285714,1
0.9712230215827338,1
0.9782608695652174,1
0.9710144927536232,1
0.9712230215827338,1
0.9642857142857143,1
0.9571428571428572,1
0.9642857142857143,1
0.9642857142857143,1
0.9712230215827338,1
0.9784172661870504,1
0.9784172661870504,1
0.9782608695652174,1
0.9712230215827338,1
0.9712230215827338,1
0.9117647058823529,1
0.9264705882352942,1
0.9117647058823529,1
0.8970588235294118,1
0.9044117647058824,1
0.9117647058823529,1
0.9689922480620154,1
0.96875,1
0.9763779527559056,1
0.968503937007874,1
0.96875,1
0.9612403100775194,1
0.9534883720930233,1
0.9612403100775194,1
0.9612403100775194,1
0.96875,1
0.9765625,1
0.9765625,1
0.9763779527559056,1
0.96875,1
0.96875,1
0.9111111111111111,1
0.9259259259259259,1
0.9111111111111111,1
0.8962962962962963,1
0.9037037037037037,1
0.9111111111111111,1
0.96875,1
0.968503937007874,1
0.9761904761904762,1
0.9682539682539683,1
0.968503937007874,1
0.9609375,1
0.953125,1
0.9609375,1
0.9609375,1
0.968503937007874,1
0.9763779527559056,1
0.9763779527559056,1
0.9761904761904762,1
0.968503937007874,1
0.968503937007874,1
0.9765258215962441,1
0.9812206572769953,1
0.9812206572769953,1
0.9719626168224299,1
0.9765258215962441,1
0.8779342723004695,1
0.9674418604651163,1
0.9811320754716981,1
0.9765258215962441,1
0.9719626168224299,1
0.9811320754716981,1
0.8820754716981132,1
0.9674418604651163,1
0.9812206572769953,1
0.9719626168224299,1
0.9811320754716981,1
0.8820754716981132,1
0.9674418604651163,1
0.037383177570093455,1
0.03755868544600939,1
0.009389671361502348,1
0.037209302325581395,1
0.16355140186915887,1
0.9813084112149533,1
0.9720930232558139,1
0.8820754716981132,1
0.9674418604651163,1
0.16744186046511628,1
0.9419642857142857,1
0.84375,1
0.9336283185840708,1
0.84,1
0.8475336322869955,1
0.84375,1
0.84,1
0.919831223628692,1
0.8008658008658008,1
0.8043478260869565,1
0.8078602620087336,1
0.8008658008658008,1
0.8017241379310345,1
0.8043478260869565,1
0.808695652173913,1
0.8883928571428571,1
0.9823008849557522,1
0.8844444444444445,1
0.8883928571428571,1
0.8883928571428571,1
0.8844444444444445,1
0.8270042194092827,1
0.8484848484848485,1
0.8521739130434782,1
0.8558951965065502,1
0.8484848484848485,1
0.8491379310344828,1
0.8521739130434782,1
0.9565217391304348,1
0.8805309734513275,1
0.9777777777777777,1
0.9821428571428571,1
0.9821428571428571,1
0.9777777777777777,1
0.8270042194092827,1
0.8441558441558441,1
0.8478260869565217,1
0.851528384279476,1
0.8441558441558441,1
0.8448275862068966,1
0.9565217391304348,1
0.8521739130434782,1
0.8805309734513275,1
0.8805309734513275,1
0.8805309734513275,1
0.8805309734513275,1
0.8227848101265823,1
0.8441558441558441,1
0.8478260869565217,1
0.851528384279476,1
0.8441558441558441,1
0.9568965517241379,1
0.8478260869565217,1
0.8521739130434782,1
0.9822222222222222,1
0.9777777777777777,1
0.9822222222222222,1
0.8270042194092827,1
0.8441558441558441,1
0.8478260869565217,1
0.851528384279476,1
0.9567099567099567,1
0.8448275862068966,1
0.8478260869565217,1
0.8521739130434782,1
0.9821428571428571,1
0.9822222222222222,1
0.8270042194092827,1
0.8441558441558441,1
0.8478260869565217,1
0.9563318777292577,1
0.8441558441558441,1
0.8448275862068966,1
0.8478260869565217,1
0.8521739130434782,1
0.9777777777777777,1
0.8270042194092827,1
0.8441558441558441,1
0.9565217391304348,1
0.851528384279476,1
0.8441558441558441,1
0.8448275862068966,1
0.8478260869565217,1
0.8521739130434782,1
0.8270042194092827,1
0.9567099567099567,1
0.8478260869565217,1
0.851528384279476,1
0.8441558441558441,1
0.8448275862068966,1
0.8478260869565217,1
0.8521739130434782,1
0.9493670886075949,1
0.9493670886075949,1
0.9493670886075949,1
0.9493670886075949,1
0.9535864978902954,1
0.9493670886075949,1
0.8565400843881856,1
0.9783549783549783,1
0.9826839826839827,1
0.9826839826839827,1
0.9741379310344828,1
0.9783549783549783,1
0.8787878787878788,1
0.9826086956521739,1
0.9783549783549783,1
0.9741379310344828,1
0.9826086956521739,1
0.8826086956521739,1
0.9826839826839827,1
0.9741379310344828,1
0.9826086956521739,1
0.8826086956521739,1
0.9741379310344828,1
0.9783549783549783,1
0.8787878787878788,1
0.9741379310344828,1
0.8793103448275862,1
0.8826086956521739,1
0.6890756302521008,1
0.6848739495798319,1
0.6848739495798319,1
0.6890756302521008,1
0.6932773109243697,1
0.6848739495798319,1
0.6932773109243697,1
0.6890756302521008,1
0.9761904761904762,1
0.9761904761904762,1
0.9821428571428571,1
0.9704142011834319,1
0.9821428571428571,1
0.9367816091954023,1
0.9761904761904762,1
0.9820359281437125,1
0.9761904761904762,1
0.9644970414201184,1
0.9760479041916168,1
0.9367816091954023,1
0.9820359281437125,1
0.9821428571428571,1
0.9704142011834319,1
0.9760479041916168,1
0.9425287356321839,1
0.9760479041916168,1
0.9704142011834319,1
0.9761904761904762,1
0.9425287356321839,1
0.9761904761904762,1
0.9644970414201184,1
0.9482758620689655,1
0.9763313609467456,1
0.9367816091954023,1
0.9760479041916168,1
0.9425287356321839,1
0.9620991253644315,1
0.0171875,0
0.0140625,0
0.16393442622950818,0
0.1680327868852459,0
0.4326241134751773,0
0.09565217391304348,0
0.4326530612244898,0
0.008,0
0.02413793103448276,0
0.04888888888888889,0
0.006944444444444444,0
0.0,0
0.024,0
0.6942446043165468,0
0.025974025974025976,0
0.09722222222222222,0
0.008695652173913044,0
0.03888888888888889,0
0.06531531531531531,0
0.011111111111111112,0
0.010344827586206896,0
0.0041109969167523125,0
0.07399794450154162,0
0.3333333333333333,0
0.35036496350364965,0
0.03007518796992481,0
0.017241379310344827,0
0.014285714285714285,0
0.05803571428571429,0
0.29949238578680204,0
0.31788079470198677,0
0.03773584905660377,0
0.09117221418234443,0
0.9130434782608695,0
0.03773584905660377,0
0.2517241379310345,0
0.29949238578680204,0
0.010344827586206896,0
0.02702702702702703,0
0.271523178807947,0
0.018518518518518517,0
0.2634730538922156,0
0.058394160583941604,0
0.06995884773662552,0
0.005747126436781609,0
0.04201680672268908,0
0.3022222222222222,0
0.02727272727272727,0
0.02127659574468085,0
0.010973936899862825,0
0.05357142857142857,0
0.9029850746268657,0
0.04122137404580153,0
0.009375,0
0.2018348623853211,0
0.34579439252336447,0
0.47417840375586856,0
0.0047169811320754715,0
0.01264367816091954,0
0.06015037593984962,0
0.08735868448098665,0
0.003169572107765452,0
0.01098901098901099,0
0.3895582329317269,0
0.19310344827586207,0
0.01818181818181818,0
0.14896988906497624,0
0.010344827586206896,0
0.006944444444444444,0
0.003703703703703704,0
0.4,0
0.08266666666666667,0
0.9029850746268657,0
0.012048192771084338,0
0.00916030534351145,0
0.296,0
0.025210084033613446,0
0.6977777777777778,0
0.013793103448275862,0
0.1487964989059081,0
0.38461538461538464,0
0.6933333333333334,0
0.0035211267605633804,0
0.8759124087591241,0
0.27692307692307694,0
0.1076388888888889,0
0.6526946107784432,0
0.3535714285714286,0
0.036734693877551024,0
0.08490566037735849,0
0.0514018691588785,0
0.020491803278688523,0
0.5364583333333334,0
0.00720164609053498,0
0.007233273056057866,0
0.01284796573875803,0
0.010973936899862825,0
0.9130434782608695,0
0.3160919540229885,0
0.0,0
0.028368794326241134,0
0.6796536796536796,0
0.19701492537313434,0
0.026200873362445413,0
0.6488095238095238,0
0.01818181818181818,0
0.15289982425307558,0
0.003083247687564234,0
0.6686746987951807,0
0.017130620985010708,0
0.02027027027027027,0
0.21791044776119403,0
0.3803921568627451,0
0.3096446700507614,0
0.3392857142857143,0
0.007142857142857143,0
0.8832116788321168,0
0.07964601769911504,0
0.025974025974025976,0
0.35545023696682465,0
0.43457943925233644,0
0.014184397163120567,0
0.36018957345971564,0
0.029835390946502057,0
0.1834862385321101,0
0.1568627450980392,0
0.0110062893081761,0
0.145748987854251,0
0.2616033755274262,0
0.25748502994011974,0
0.1285140562248996,0
0.014942528735632184,0
0.058823529411764705,0
0.05333333333333334,0
0.006904487917146145,0
0.08533333333333333,0
0.058823529411764705,0
0.051643192488262914,0
0.22950819672131148,0
0.008403361344537815,0
0.09462365591397849,0
0.12152777777777778,0
0.36231884057971014,0
0.08549618320610687,0
0.5441860465116279,0
0.016,0
0.3230769230769231,0
0.06956521739130435,0
0.014150943396226415,0
0.09090909090909091,0
0.03333333333333333,0
0.013392857142857142,0
0.2813688212927757,0
0.11851851851851852,0
0.033426183844011144,0
0.07799442896935933,0
0.033950617283950615,0
0.6810344827586207,0
0.8714285714285714,0
0.014084507042253521,0
0.016713091922005572,0
0.028768699654775604,0
0.3299492385786802,0
0.015918958031837915,0
0.051643192488262914,0
0.23448275862068965,0
0.0040551500405515,0
0.06731549067315491,0
0.013100436681222707,0
0.0035971223021582736,0
0.1834862385321101,0
0.05063291139240506,0
0.014577259475218658,0
0.01568627450980392,0
0.041666666666666664,0
0.0140625,0
0.11721611721611722,0
0.07964601769911504,0
0.3404255319148936,0
0.3867924528301887,0
0.03529411764705882,0
0.18316831683168316,0
0.38866396761133604,0
0.08266666666666667,0
0.26666666666666666,0
0.23448275862068965,0
0.010416666666666666,0
0.07589285714285714,0
0.04017857142857143,0
0.34172661870503596,0
0.005555555555555556,0
0.16526610644257703,0
0.023323615160349854,0
0.2893401015228426,0
0.012962962962962963,0
0.16393442622950818,0
0.3656716417910448,0
0.051643192488262914,0
0.006896551724137931,0
0.296,0
0.011494252873563218,0
0.8695652173913043,0
0.0034522439585730723,0
0.17792792792792791,0
0.023809523809523808,0
0.8633093525179856,0
0.014184397163120567,0
0.08975834292289989,0
0.01644398766700925,0
0.32068965517241377,0
0.9716312056737588,0
0.046218487394957986,0
0.06986899563318777,0
0.8857142857142857,0
0.020370370370370372,0
0.08172043010752689,0
0.021212121212121213,0
0.271523178807947,0
0.04242424242424243,0
0.009174311926605505,0
0.01264367816091954,0
0.02072538860103627,0
0.025806451612903226,0
0.019527235354573486,0
0.0539568345323741,0
0.354978354978355,0
0.297029702970297,0
0.3991769547325103,0
0.34172661870503596,0
0.6855895196506551,0
0.1680327868852459,0
0.47586206896551725,0
0.02040816326530612,0
0.014084507042253521,0
0.014388489208633094,0
0.008658008658008658,0
0.02460456942003515,0
0.9029850746268657,0
0.06774193548387097,0
0.0752212389380531,0
0.9375,0
0.8695652173913043,0
0.29333333333333333,0
0.29365079365079366,0
0.014263074484944533,0
0.01749271137026239,0
0.03292181069958848,0
0.14814814814814814,0
0.02694136291600634,0
0.32413793103448274,0
0.5518867924528302,0
0.01757469244288225,0
0.012658227848101266,0
0.2616033755274262,0
0.15803108808290156,0
0.32413793103448274,0
0.02292768959435626,0
0.3273381294964029,0
0.014577259475218658,0
0.058823529411764705,0
0.006289308176100629,0
0.29441624365482233,0
0.25149700598802394,0
0.04892966360856269,0
0.05240174672489083,0
0.0,0
0.9705882352941176,0
0.04460665044606651,0
0.09117221418234443,0
0.007029876977152899,0
0.016483516483516484,0
0.3877551020408163,0
0.4119718309859155,0
0.0047169811320754715,0
0.010940919037199124,0
0.16062176165803108,0
0.03773584905660377,0
0.28019323671497587,0
0.012345679012345678,0
0.013452914798206279,0
0.025974025974025976,0
0.013793103448275862,0
0.03939393939393939,0
0.027522935779816515,0
0.04219409282700422,0
0.060714285714285714,0
0.009157509157509158,0
0.09565217391304348,0
0.2962962962962963,0
0.05333333333333334,0
0.042666666666666665,0
0.024,0
0.05555555555555555,0
0.02991944764096663,0
0.0935483870967742,0
0.01644398766700925,0
0.058823529411764705,0
0.008695652173913044,0
0.014466546112115732,0
0.0108499095840868,0
0.8633093525179856,0
0.0064516129032258064,0
0.39271255060728744,0
0.5689655172413793,0
0.2783018867924528,0
0.0035971223021582736,0
0.38461538461538464,0
0.008888888888888889,0
0.18911917098445596,0
0.13839285714285715,0
0.2871287128712871,0
0.41724137931034483,0
0.2893401015228426,0
0.009041591320072333,0
0.003616636528028933,0
0.02188183807439825,0
0.2813688212927757,0
0.02263374485596708,0
0.04054054054054054,0
0.29333333333333333,0
0.015625,0
0.3140096618357488,0
0.04245283018867924,0
0.017130620985010708,0
0.025974025974025976,0
0.010666666666666666,0
0.0054249547920434,0
0.025974025974025976,0
0.05985915492957746,0
0.028688524590163935,0
0.01146384479717813,0
0.04201680672268908,0
0.07346938775510205,0
0.6706586826347305,0
0.95,0
0.008,0
0.1836734693877551,0
0.015209125475285171,0
0.0061068702290076335,0
0.008888888888888889,0
0.03643724696356275,0
0.013374485596707819,0
0.6782608695652174,0
0.06938775510204082,0
0.3111111111111111,0
0.00792393026941363,0
0.00816326530612245,0
0.020689655172413793,0
0.005376344086021506,0
0.09130434782608696,0
0.10069444444444445,0
0.13859649122807016,0
0.0262582056892779,0
0.02072538860103627,0
0.33687943262411346,0
0.004409171075837742,0
0.13963963963963963,0
0.6892857142857143,0
0.07555555555555556,0
0.008221993833504625,0
0.07407407407407407,0
0.05333333333333334,0
0.0035714285714285713,0
0.01791044776119403,0
0.6726190476190477,0
0.09130434782608696,0
0.0035714285714285713,0
0.01644398766700925,0
0.02962962962962963,0
0.015625,0
0.13276231263383298,0
0.03773584905660377,0
0.053811659192825115,0
0.38497652582159625,0
0.013024602026049204,0
0.3584905660377358,0
0.008403361344537815,0
0.189873417721519,0
0.17792792792792791,0
0.014814814814814815,0
0.03125,0
0.18042813455657492,0
0.9,0
0.03864734299516908,0
0.012048192771084338,0
0.15384615384615385,0
0.02040816326530612,0
0.3380281690140845,0
0.024305555555555556,0
0.8705035971223022,0
0.6706586826347305,0
0.9197080291970803,0
0.025,0
0.0210896309314587,0
0.09051724137931035,0
0.032388663967611336,0
0.02188183807439825,0
0.010666666666666666,0
0.09117221418234443,0
0.004580152671755725,0
0.3140096618357488,0
0.054404145077720206,0
0.05188679245283019,0
0.19487179487179487,0
0.016713091922005572,0
0.8731343283582089,0
0.29441624365482233,0
0.02100840336134454,0
0.08549618320610687,0
0.007772020725388601,0
0.05116279069767442,0
0.02880658436213992,0
1.0,1
1.0,1
0.4863731656184486,1
1.0,1
0.4192546583850932,1
0.7704280155642024,1
0.9126637554585153,1
0.7764705882352941,1
0.9126637554585153,1
0.7764705882352941,1
0.9126637554585153,1
0.7704280155642024,1
1.0,1
0.9126637554585153,1
0.7704280155642024,1
0.9126637554585153,1
0.7764705882352941,1
0.9126637554585153,1
0.9126637554585153,1
0.7704280155642024,1
0.9349442379182156,1
0.9349442379182156,1
0.9349442379182156,1
0.9349442379182156,1
0.9111111111111111,1
0.7911111111111111,1
0.8844444444444445,1
0.8844444444444445,1
0.9156626506024096,1
0.8855421686746988,1
1.0,1
0.9156626506024096,1
0.8256227758007118,1
0.9317269076305221,1
0.6777777777777778,1
0.9364406779661016,1
0.8044280442804428,1
0.8663967611336032,1
0.6153846153846154,1
0.9364406779661016,1
0.8074074074074075,1
0.8699186991869918,1
0.4940239043824701,1
0.9364406779661016,1
0.8074074074074075,1
0.8699186991869918,1
0.4940239043824701,1
0.9364406779661016,1
0.8044280442804428,1
0.8663967611336032,1
0.6153846153846154,1
0.6441281138790036,1
0.6263345195729537,1
0.7722419928825622,1
0.9466192170818505,1
0.7935943060498221,1
0.5693950177935944,1
0.6476868327402135,1
0.9466192170818505,1
0.21708185053380782,1
0.4412811387900356,1
0.6476868327402135,1
0.9466192170818505,1
0.21708185053380782,1
0.4412811387900356,1
0.6476868327402135,1
0.9466192170818505,1
0.21708185053380782,1
0.5693950177935944,1
0.6851851851851852,1
0.8714859437751004,1
0.8044280442804428,1
0.8594377510040161,1
0.6230769230769231,1
0.8714859437751004,1
0.8074074074074075,1
0.8594377510040161,1
0.50199203187251,1
0.8714859437751004,1
0.8074074074074075,1
0.8594377510040161,1
0.50199203187251,1
0.8714859437751004,1
0.8044280442804428,1
0.8594377510040161,1
0.6230769230769231,1
0.10740740740740741,1
0.11070110701107011,1
0.5925925925925926,1
0.9444444444444444,1
0.10740740740740741,1
0.1111111111111111,1
0.5962962962962963,1
0.9074074074074074,1
0.11851851851851852,1
0.11851851851851852,1
0.6037037037037037,1
0.8629629629629629,1
0.1111111111111111,1
0.11070110701107011,1
0.5962962962962963,1
0.9444444444444444,1
0.7626459143968871,1
0.9610894941634242,1
0.7626459143968871,1
0.9610894941634242,1
0.7626459143968871,1
0.9610894941634242,1
0.7704280155642024,1
0.8015564202334631,1
1.0,1
0.7626459143968871,1
0.9610894941634242,1
0.7626459143968871,1
0.7626459143968871,1
0.9610894941634242,1
0.9526515151515151,1
0.9526515151515151,1
0.9526515151515151,1
0.827906976744186,1
0.908675799086758,1
0.9004524886877828,1
0.9423076923076923,1
0.9156626506024096,1
1.0,1
0.8191881918819188,1
0.8825910931174089,1
0.6653846153846154,1
0.9778761061946902,1
0.13333333333333333,1
0.8658536585365854,1
0.4940239043824701,1
0.9778761061946902,1
0.13333333333333333,1
0.8658536585365854,1
0.4940239043824701,1
0.9778761061946902,1
0.13284132841328414,1
0.8623481781376519,1
0.6153846153846154,1
0.8413284132841329,1
0.6383763837638377,1
0.6715867158671587,1
0.13284132841328414,1
0.22509225092250923,1
0.4575645756457565,1
0.6715867158671587,1
0.13284132841328414,1
0.22509225092250923,1
0.4575645756457565,1
0.6715867158671587,1
0.13284132841328414,1
0.22509225092250923,1
0.5904059040590406,1
0.48254931714719274,1
0.6653846153846154,1
0.8623481781376519,1
0.13333333333333333,1
0.979757085020243,1
0.4940239043824701,1
0.8623481781376519,1
0.13333333333333333,1
0.979757085020243,1
0.4940239043824701,1
0.8623481781376519,1
0.13284132841328414,1
0.979757085020243,1
0.6153846153846154,1
0.1076923076923077,1
0.1,1
0.1076923076923077,1
0.9423076923076923,1
0.1076923076923077,1
0.1,1
0.1076923076923077,1
0.8961538461538462,1
0.1076923076923077,1
0.0996309963099631,1
0.1076923076923077,1
0.9807692307692307,1
0.8,1
0.9631336405529954,1
0.7686274509803922,1
0.954337899543379,1
0.7626459143968871,1
0.9126637554585153,1
0.954337899543379,1
0.7626459143968871,1
1.0,1
0.8,1
0.9631336405529954,1
0.954337899543379,1
0.7626459143968871,1
0.7686274509803922,1
0.9686274509803922,1
0.7686274509803922,1
0.9610894941634242,1
0.7764705882352941,1
0.7686274509803922,1
0.9610894941634242,1
0.8,1
1.0,1
0.7686274509803922,1
0.7686274509803922,1
0.9610894941634242,1
0.9617590822179732,1
0.9526515151515151,1
0.8904109589041096,1
0.7918552036199095,1
0.8185185185185185,1
0.8821138211382114,1
0.5418326693227091,1
0.9822222222222222,1
0.8037037037037037,1
0.8658536585365854,1
0.1394422310756972,1
0.9778761061946902,1
0.8007380073800738,1
0.8623481781376519,1
0.13076923076923078,1
0.24074074074074073,1
0.5037037037037037,1
0.674074074074074,1
0.9851851851851852,1
0.22592592592592592,1
0.12962962962962962,1
0.674074074074074,1
0.981549815498155,1
0.22592592592592592,1
0.1259259259259259,1
0.5418326693227091,1
0.8658536585365854,1
0.825925925925926,1
0.983739837398374,1
0.1394422310756972,1
0.8658536585365854,1
0.8228782287822878,1
0.979757085020243,1
0.13076923076923078,1
0.12749003984063745,1
0.1111111111111111,1
0.50199203187251,1
0.1553784860557769,1
0.12749003984063745,1
0.1033210332103321,1
0.4940239043824701,1
0.14615384615384616,1
0.8,1
0.954337899543379,1
0.7626459143968871,1
0.9126637554585153,1
0.1324200913242009,1
0.11284046692607004,1
0.9631336405529954,1
0.7686274509803922,1
1.0,1
0.954337899543379,1
0.7626459143968871,1
0.125,1
0.7686274509803922,1
0.9610894941634242,1
0.7764705882352941,1
0.11372549019607843,1
0.4669260700389105,1
0.7686274509803922,1
0.9686274509803922,1
0.8,1
0.7686274509803922,1
0.9610894941634242,1
0.8597285067873304,1
0.8185185185185185,1
0.8821138211382114,1
0.5418326693227091,1
0.9778761061946902,1
0.8007380073800738,1
0.8623481781376519,1
0.6230769230769231,1
0.24074074074074073,1
0.5037037037037037,1
0.674074074074074,1
0.981549815498155,1
0.22592592592592592,1
0.6,1
0.5418326693227091,1
0.8658536585365854,1
0.8228782287822878,1
0.979757085020243,1
0.6230769230769231,1
0.13147410358565736,1
0.1033210332103321,1
0.4940239043824701,1
0.15,1
0.8015564202334631,1
0.9126637554585153,1
0.954337899543379,1
0.7626459143968871,1
0.954337899543379,1
0.7686274509803922,1
0.954337899543379,1
1.0,1
0.8015564202334631,1
0.7704280155642024,1
0.7626459143968871,1
0.9610894941634242,1
0.7626459143968871,1
0.9610894941634242,1
0.7626459143968871,1
0.8015564202334631,1
1.0,1
0.8855421686746988,1
0.9423076923076923,1
0.8191881918819188,1
0.8825910931174089,1
0.6653846153846154,1
0.24354243542435425,1
0.6383763837638377,1
0.6653846153846154,1
1.0,1
1.0,1
1.0,1
1.0,1
1.0,1
1.0,1
0.9126637554585153,1
0.7704280155642024,1
0.9126637554585153,1
0.7764705882352941,1
0.9126637554585153,1
0.9126637554585153,1
0.7704280155642024,1
0.9156626506024096,1
0.8015564202334631,1
0.954337899543379,1
0.7686274509803922,1
0.954337899543379,1
0.954337899543379,1
0.7626459143968871,1
0.7626459143968871,1
0.9610894941634242,1
0.7626459143968871,1
0.7626459143968871,1
0.9610894941634242,1
0.8,1
0.9631336405529954,1
0.954337899543379,1
0.7626459143968871,1
0.7686274509803922,1
0.7686274509803922,1
0.9610894941634242,1
0.954337899543379,1
0.7626459143968871,1
0.8015564202334631,1
1.0,1
0.01556420233463035,0
0.006329113924050633,0
0.39501779359430605,0
0.08333333333333333,0
0.009529481834425254,0
0.020964360587002098,0
0.05162523900573614,0
0.1517094017094017,0
0.037037037037037035,0
0.04669260700389105,0
0.03151862464183381,0
0.019120458891013385,0
0.2034383954154728,0
0.018518518518518517,0
0.3424657534246575,0
0.016018306636155607,0
0.004764740917212627,0
0.015384615384615385,0
0.3688888888888889,0
0.04242424242424243,0
0.008933889219773675,0
0.034161490683229816,0
0.002136752136752137,0
0.048484848484848485,0
0.05185185185185185,0
0.37777777777777777,0
0.04228855721393035,0
0.00929368029739777,0
0.07569721115537849,0
0.02962962962962963,0
0.022388059701492536,0
0.22672064777327935,0
0.0502283105022831,0
0.02736318407960199,0
0.08097165991902834,0
0.05084745762711865,0
0.007407407407407408,0
0.026022304832713755,0
0.13618677042801555,0
0.08366533864541832,0
0.012121212121212121,0
0.022222222222222223,0
0.05166051660516605,0
0.038910505836575876,0
0.008547008547008548,0
0.05309734513274336,0
0.027314112291350532,0
0.028481012658227847,0
0.036328871892925434,0
0.12062256809338522,0
0.004975124378109453,0
0.08484848484848485,0
0.01846337105419893,0
0.12135922330097088,0
0.054198927933293624,0
0.04871060171919771,0
0.4703389830508475,0
0.0030349013657056147,0
0.07407407407407407,0
0.008933889219773675,0
0.03717472118959108,0
0.36900369003690037,0
0.20454545454545456,0
0.04819277108433735,0
0.0321285140562249,0
0.46963562753036436,0
0.038834951456310676,0
0.006289308176100629,0
0.004273504273504274,0
0.020594965675057208,0
0.0038461538461538464,0
0.03558718861209965,0
0.057692307692307696,0
0.015384615384615385,0
0.08433734939759036,0
0.08032128514056225,0
0.1059322033898305,0
0.01556420233463035,0
0.008933889219773675,0
0.0199203187250996,0
0.032504780114722756,0
0.012437810945273632,0
0.002136752136752137,0
0.043560606060606064,0
0.0189873417721519,0
0.004273504273504274,0
0.02531645569620253,0
0.006060606060606061,0
0.0031645569620253164,0
0.22666666666666666,0
0.020964360587002098,0
0.04242424242424243,0
0.05185185185185185,0
0.05162523900573614,0
0.054474708171206226,0
0.038910505836575876,0
0.08484848484848485,0
0.023346303501945526,0
0.007782101167315175,0
0.01107011070110701,0
0.27915869980879543,0
0.012437810945273632,0
0.045662100456621,0
0.03558718861209965,0
0.012145748987854251,0
0.07317073170731707,0
0.04669260700389105,0
0.048484848484848485,0
0.4703389830508475,0
0.011316259678379988,0
0.057777777777777775,0
0.02531645569620253,0
0.28107074569789675,0
0.0189873417721519,0
0.0189873417721519,0
0.04780114722753346,0
0.0502283105022831,0
0.06637168141592921,0
0.004273504273504274,0
0.007742703990470518,0
0.008933889219773675,0
0.027950310559006212,0
0.06309751434034416,0
0.004576659038901602,0
0.0076481835564053535,0
0.022304832713754646,0
0.02564102564102564,0
0.032196969696969696,0
0.04669260700389105,0
0.05660377358490566,0
0.043668122270742356,0
0.046263345195729534,0
0.15932914046121593,0
0.04242424242424243,0
0.0038910505836575876,0
0.00714711137581894,0
0.028481012658227847,0
0.036328871892925434,0
0.1336405529953917,0
0.07450980392156863,0
0.020594965675057208,0
0.008547008547008548,0
0.001786777843954735,0
0.022944550669216062,0
0.048484848484848485,0
0.08943089430894309,0
0.018433179723502304,0
0.0497131931166348,0
0.04871060171919771,0
0.039301310043668124,0
0.07380073800738007,0
0.004273504273504274,0
0.20454545454545456,0
0.04878048780487805,0
0.08888888888888889,0
0.01593625498007968,0
0.006060606060606061,0
0.004764740917212627,0
0.022388059701492536,0
0.020964360587002098,0
0.001786777843954735,0
0.05927342256214149,0
0.0038910505836575876,0
0.03205128205128205,0
0.015527950310559006,0
0.014326647564469915,0
0.4185185185185185,0
0.017272185824895772,0
0.0821917808219178,0
0.09767441860465116,0
0.022151898734177215,0
0.01818181818181818,0
0.005360333531864205,0
0.022388059701492536,0
0.06538461538461539,0
0.006289308176100629,0
0.47345132743362833,0
0.37777777777777777,0
0.021244309559939303,0
0.028481012658227847,0
0.1950286806883365,0
0.004169148302561048,0
0.34901960784313724,0
0.057692307692307696,0
0.42276422764227645,0
0.08097165991902834,0
0.020594965675057208,0
0.0392156862745098,0
0.0199203187250996,0
0.028680688336520075,0
0.013657056145675266,0
0.20454545454545456,0
0.022727272727272728,0
0.04878048780487805,0
0.03939393939393939,0
0.045454545454545456,0
0.07569721115537849,0
0.056768558951965066,0
0.0045662100456621,0
0.0029779630732578916,0
0.13618677042801555,0
0.029350104821802937,0
0.02462121212121212,0
0.3789954337899543,0
0.015151515151515152,0
0.03205128205128205,0
0.00714711137581894,0
0.46963562753036436,0
0.0031645569620253164,0
0.047058823529411764,0
0.08130081300813008,0
0.04669260700389105,0
0.047058823529411764,0
0.3763837638376384,0
0.022922636103151862,0
0.045454545454545456,0
0.02564102564102564,0
0.036328871892925434,0
0.020833333333333332,0
0.0038461538461538464,0
0.030349013657056147,0
0.01818181818181818,0
0.048582995951417005,0
0.08484848484848485,0
0.05162523900573614,0
0.03690036900369004,0
0.08484848484848485,0
0.08097165991902834,0
0.038461538461538464,0
0.10040160642570281,0
0.009104704097116844,0
0.5423340961098398,0
0.05925925925925926,0
0.05333333333333334,0
0.20454545454545456,0
0.03939393939393939,0
0.01593625498007968,0
0.004273504273504274,0
0.02727272727272727,0
0.035398230088495575,0
0.022727272727272728,0
0.043560606060606064,0
0.275092936802974,0
0.01818181818181818,0
0.03598484848484849,0
0.022388059701492536,0
0.012195121951219513,0
0.008933889219773675,0
0.04242424242424243,0
0.034383954154727794,0
0.39069767441860465,0
0.030349013657056147,0
0.009529481834425254,0
0.026923076923076925,0
0.21518987341772153,0
0.00641025641025641,0
0.034324942791762014,0
0.1278538812785388,0
0.0859538784067086,0
0.013729977116704805,0
0.015384615384615385,0
0.14316239316239315,0
0.022388059701492536,0
0.03690036900369004,0
0.08849557522123894,0
0.004273504273504274,0
0.037037037037037035,0
0.008933889219773675,0
0.0273972602739726,0
0.004169148302561048,0
0.027777777777777776,0
0.11284046692607004,0
0.028481012658227847,0
0.012121212121212121,0
0.023346303501945526,0
0.044444444444444446,0
0.026022304832713755,0
0.022388059701492536,0
0.038461538461538464,0
0.03977272727272727,0
0.4018264840182648,0
0.057692307692307696,0
0.055350553505535055,0
0.4377224199288256,0
0.001786777843954735,0
0.019654556283502083,0
0.022944550669216062,0
0.017094017094017096,0
0.0041928721174004195,0
0.015822784810126583,0
0.020594965675057208,0
0.028409090909090908,0
0.020594965675057208,0
0.08849557522123894,0
0.04878048780487805,0
0.022388059701492536,0
0.048582995951417005,0
0.06637168141592921,0
0.009529481834425254,0
0.045454545454545456,0
0.06222222222222222,0
0.021244309559939303,0
0.022388059701492536,0
0.00946969696969697,0
0.005955926146515783,0
0.04669260700389105,0
0.1278538812785388,0
0.048582995951417005,0
0.20454545454545456,0
0.4872881355932203,0
0.12048192771084337,0
0.27915869980879543,0
0.038461538461538464,0
0.1703056768558952,0
0.3930131004366812,0
0.09259259259259259,0
0.09767441860465116,0
0.01818181818181818,0
0.034161490683229816,0
0.045454545454545456,0
0.025157232704402517,0
0.015527950310559006,0
0.019654556283502083,0
0.045454545454545456,0
0.055350553505535055,0
0.03690036900369004,0
0.012195121951219513,0
0.3220338983050847,0
0.05240174672489083,0
0.07380073800738007,0
0.03824091778202677,0
0.20074349442379183,0
0.20650095602294455,0
0.07111111111111111,0
0.022388059701492536,0
0.42435424354243545,0
0.021244309559939303,0
0.05472636815920398,0
0.004169148302561048,0
0.008888888888888889,0
0.5111111111111111,0
0.017094017094017096,0
0.038461538461538464,0
0.008130081300813009,0
0.022944550669216062,0
0.07380073800738007,0
0.00392156862745098,0
0.007462686567164179,0
0.07450980392156863,0
0.2577777777777778,0
0.4095940959409594,0
0.36298932384341637,0
0.20454545454545456,0
