0.7347826086956522,1
0.23043478260869565,1
0.1563517915309446,1
0.1563517915309446,1
0.22608695652173913,1
0.22608695652173913,1
0.22608695652173913,1
0.21487603305785125,1
0.23043478260869565,1
0.22608695652173913,1
0.6905537459283387,1
0.6905537459283387,1
0.22608695652173913,1
0.22608695652173913,1
0.22608695652173913,1
0.21487603305785125,1
0.22608695652173913,1
0.13029315960912052,1
0.1237785016286645,1
0.21333333333333335,1
0.21333333333333335,1
0.21052631578947367,1
0.19834710743801653,1
0.2149122807017544,1
0.247557003257329,1
0.17263843648208468,1
0.17263843648208468,1
0.17263843648208468,1
0.17263843648208468,1
0.17263843648208468,1
0.16938110749185667,1
0.16938110749185667,1
0.16938110749185667,1
0.16938110749185667,1
0.17263843648208468,1
0.9324324324324325,1
0.9078947368421053,1
0.8677685950413223,1
0.9078947368421053,1
0.9078947368421053,1
0.8553719008264463,1
0.9078947368421053,1
0.8553719008264463,1
0.9078947368421053,1
0.16942148760330578,1
0.2480916030534351,1
0.17343173431734318,1
0.2767527675276753,1
0.9626556016597511,1
0.2946058091286307,1
0.7634854771784232,1
0.7540322580645161,1
0.7510204081632653,1
0.7603305785123967,1
0.7330677290836654,1
0.8849206349206349,1
0.7159533073929961,1
0.3112033195020747,1
0.1950207468879668,1
0.1935483870967742,1
0.19183673469387755,1
0.19421487603305784,1
0.18725099601593626,1
0.1865079365079365,1
0.1828793774319066,1
0.20614035087719298,1
0.1935483870967742,1
0.19183673469387755,1
0.19421487603305784,1
0.18725099601593626,1
0.1865079365079365,1
0.1828793774319066,1
0.7419354838709677,1
0.7510204081632653,1
0.7768595041322314,1
0.7330677290836654,1
0.7301587301587301,1
0.7159533073929961,1
0.3387096774193548,1
0.3387096774193548,1
0.3346613545816733,1
0.3373015873015873,1
0.32684824902723736,1
0.7918367346938775,1
0.7729083665338645,1
0.7698412698412699,1
0.754863813229572,1
0.7729083665338645,1
0.7698412698412699,1
0.754863813229572,1
0.7698412698412699,1
0.7626459143968871,1
0.29961089494163423,1
0.3873239436619718,1
0.9510869565217391,1
0.9885714285714285,1
0.8421052631578947,1
0.8486842105263158,1
0.9130434782608695,1
0.11742424242424243,1
0.6900175131348512,1
0.22107081174438686,1
0.7096317280453258,1
0.7298578199052133,1
0.6583333333333333,1
0.2893258426966292,1
0.6317280453257791,1
0.3138888888888889,1
0.8305084745762712,1
0.9,1
0.7627118644067796,1
0.75,1
0.896551724137931,1
0.8333333333333334,1
0.6910994764397905,1
0.15406162464985995,1
0.1558073654390935,1
0.7675070028011205,1
0.9072164948453608,1
0.82,1
0.7525773195876289,1
0.73,1
0.8125,1
0.91,1
0.39915966386554624,1
0.8022598870056498,1
0.9402173913043478,1
0.7701149425287356,1
0.48760330578512395,1
0.7333333333333333,1
0.4397163120567376,1
0.47297297297297297,1
0.47297297297297297,1
0.5,1
0.4148148148148148,1
0.4166666666666667,1
0.4027777777777778,1
0.5289256198347108,1
0.632183908045977,1
0.5319148936170213,1
0.4527027027027027,1
0.4391891891891892,1
0.5423728813559322,1
0.5407407407407407,1
0.5,1
0.5138888888888888,1
0.45454545454545453,1
0.7943262411347518,1
0.7364864864864865,1
0.777027027027027,1
0.8512396694214877,1
0.7851851851851852,1
0.7708333333333334,1
0.7777777777777778,1
0.3971631205673759,1
0.38513513513513514,1
0.38513513513513514,1
0.4745762711864407,1
0.43703703703703706,1
0.3888888888888889,1
0.4097222222222222,1
0.75,1
0.722972972972973,1
0.75177304964539,1
0.8936170212765957,1
0.8888888888888888,1
0.875,1
0.8783783783783784,1
0.7364864864864865,1
0.7567567567567568,1
0.7432432432432432,1
0.777027027027027,1
0.7364864864864865,1
0.7567567567567568,1
0.75,1
0.8648648648648649,1
0.8074074074074075,1
0.75,1
0.7361111111111112,1
0.875,1
0.8958333333333334,1
0.875,1
0.09507042253521127,0
0.013888888888888888,0
0.17263843648208468,0
0.022116903633491312,0
0.13333333333333333,0
0.10305343511450382,0
0.37404580152671757,0
0.008403361344537815,0
0.014044943820224719,0
0.1908713692946058,0
0.10869565217391304,0
0.12096774193548387,0
0.10612244897959183,0
0.21235521235521235,0
0.23015873015873015,0
0.02111324376199616,0
0.2084942084942085,0
0.06563706563706563,0
0.045174537987679675,0
0.07590759075907591,0
0.3941368078175896,0
0.0546218487394958,0
0.041666666666666664,0
0.07024029574861368,0
0.029914529914529916,0
0.10734463276836158,0
0.25206611570247933,0
0.11428571428571428,0
0.09320695102685624,0
0.017377567140600316,0
0.04222648752399232,0
0.0056179775280898875,0
0.11132437619961612,0
0.28052805280528054,0
0.08133086876155268,0
0.17355371900826447,0
0.01680672268907563,0
0.12096774193548387,0
0.23938223938223938,0
0.04722222222222222,0
0.06614785992217899,0
0.4383561643835616,0
0.02111324376199616,0
0.1388101983002833,0
0.1487603305785124,0
0.10683012259194395,0
0.27631578947368424,0
0.01788617886178862,0
0.25206611570247933,0
0.3775933609958506,0
0.19557195571955718,0
0.014044943820224719,0
0.07898894154818326,0
0.21498371335504887,0
0.2280130293159609,0
0.055441478439425054,0
0.18253968253968253,0
0.26628895184135976,0
0.001388888888888889,0
0.04805914972273567,0
0.017167381974248927,0
0.13194444444444445,0
0.31363636363636366,0
0.13513513513513514,0
0.024079320113314446,0
0.18146718146718147,0
0.09714285714285714,0
0.15966386554621848,0
0.07053941908713693,0
0.1190893169877408,0
0.08333333333333333,0
0.14893617021276595,0
0.12859884836852206,0
0.14814814814814814,0
0.32608695652173914,0
0.05649717514124294,0
0.09777777777777778,0
0.2807017543859649,0
0.022408963585434174,0
0.04990757855822551,0
0.22007722007722008,0
0.09714285714285714,0
0.03787878787878788,0
0.45454545454545453,0
0.046065259117082535,0
0.02033271719038817,0
0.019230769230769232,0
0.1935483870967742,0
0.3873239436619718,0
0.047080979284369114,0
0.1056338028169014,0
0.3108108108108108,0
0.043121149897330596,0
0.2409090909090909,0
0.18725099601593626,0
0.07642276422764227,0
0.09499136442141623,0
0.17253521126760563,0
0.08888888888888889,0
0.0113314447592068,0
0.02040816326530612,0
0.44841269841269843,0
0.017377567140600316,0
0.24561403508771928,0
0.1694915254237288,0
0.3673469387755102,0
0.2922374429223744,0
0.05652173913043478,0
0.3188405797101449,0
0.2850877192982456,0
0.05985915492957746,0
0.05982905982905983,0
0.03205128205128205,0
0.11657303370786516,0
0.0546218487394958,0
0.4149377593360996,0
0.25830258302583026,0
0.012875536480686695,0
0.2490272373540856,0
0.09457092819614711,0
0.19117647058823528,0
0.14893617021276595,0
0.19014084507042253,0
0.22777777777777777,0
0.025495750708215296,0
0.004739336492890996,0
0.03319502074688797,0
0.16312056737588654,0
0.17355371900826447,0
0.20229007633587787,0
0.11428571428571428,0
0.08943089430894309,0
0.26222222222222225,0
0.1056338028169014,0
0.15053763440860216,0
0.032577903682719546,0
0.4342105263157895,0
0.09848484848484848,0
0.035781544256120526,0
0.3029045643153527,0
0.02111324376199616,0
0.22972972972972974,0
0.23229461756373937,0
0.1056338028169014,0
0.04815864022662889,0
0.001579778830963665,0
0.3816793893129771,0
0.1825726141078838,0
0.064030131826742,0
0.026694045174537988,0
0.07024793388429752,0
0.04519774011299435,0
0.0776255707762557,0
0.3278008298755187,0
0.36293436293436293,0
0.2529182879377432,0
0.25190839694656486,0
0.13863216266173753,0
0.11726384364820847,0
0.34201954397394135,0
0.34057971014492755,0
0.28272251308900526,0
0.04815864022662889,0
0.001579778830963665,0
0.17647058823529413,0
0.21235521235521235,0
0.064030131826742,0
0.1867704280155642,0
0.07456140350877193,0
0.029914529914529916,0
0.09632224168126094,0
0.4523809523809524,0
0.07555555555555556,0
0.29435483870967744,0
0.05042016806722689,0
0.24295774647887325,0
0.07932011331444759,0
0.03787878787878788,0
0.2908366533864542,0
0.0169971671388102,0
0.049575070821529746,0
0.016260162601626018,0
0.875,1
1.0,1
0.734375,1
1.0,1
0.8583333333333333,1
0.8163265306122449,1
0.7006802721088435,1
0.6625,1
0.7586206896551724,1
0.8957055214723927,1
0.9833333333333333,1
0.9166666666666666,1
0.8363636363636363,1
1.0,1
0.7910447761194029,1
0.8153846153846154,1
0.676923076923077,1
0.9253731343283582,1
1.0,1
1.0,1
1.0,1
1.0,1
1.0,1
1.0,1
1.0,1
1.0,1
1.0,1
1.0,1
1.0,1
0.75,1
1.0,1
1.0,1
0.9444444444444444,1
0.93125,1
0.8620689655172413,1
0.9512195121951219,1
0.8255813953488372,1
0.8160919540229885,1
0.9540229885057471,1
0.8604651162790697,1
1.0,1
1.0,1
0.7924528301886793,1
0.7794117647058824,1
0.8740157480314961,1
0.7045454545454546,1
0.8161764705882353,1
0.8823529411764706,1
0.803030303030303,1
0.8670520231213873,1
0.86,1
0.734375,1
0.9019607843137255,1
0.9423076923076923,1
0.9423076923076923,1
0.8490566037735849,1
0.8461538461538461,1
0.8461538461538461,1
0.9433962264150944,1
1.0,1
0.9056603773584906,1
0.9056603773584906,1
1.0,1
1.0,1
1.0,1
1.0,1
1.0,1
1.0,1
1.0,1
1.0,1
1.0,1
1.0,1
1.0,1
0.9253731343283582,1
0.8309859154929577,1
0.7307692307692307,1
0.8554913294797688,1
0.7217741935483871,1
0.35177865612648224,1
0.6837944664031621,1
0.7119341563786008,1
0.9152542372881356,1
0.6666666666666666,1
0.6949152542372882,1
0.6168831168831169,1
1.0,1
0.9658703071672355,1
0.9133858267716536,1
0.8976377952755905,1
0.936,1
0.9736842105263158,1
0.9578947368421052,1
1.0,1
1.0,1
0.708171206225681,1
0.810126582278481,1
0.75,1
0.22305764411027568,1
0.047619047619047616,1
0.8471177944862155,1
0.047619047619047616,1
0.047619047619047616,1
0.45363408521303256,1
0.047619047619047616,1
0.05828220858895705,1
0.6666666666666666,1
0.049479166666666664,1
0.047979797979797977,1
0.7883435582822086,1
0.05828220858895705,1
0.09819121447028424,1
0.6614583333333334,1
0.8156565656565656,1
0.11764705882352941,1
0.7863777089783281,1
0.7484662576687117,1
1.0,1
0.9080779944289693,1
0.7484662576687117,1
0.8079470198675497,1
0.6842105263157895,1
0.7748344370860927,1
0.6842105263157895,1
0.8297872340425532,1
0.7894736842105263,1
0.7484662576687117,1
0.6796657381615598,1
0.8838028169014085,1
0.734375,1
1.0,1
0.78125,1
0.9384615384615385,1
0.734375,1
0.6758241758241759,1
0.4174757281553398,1
0.6593406593406593,1
0.41148325358851673,1
0.6593406593406593,1
0.6593406593406593,1
0.6758241758241759,1
0.3130841121495327,1
0.09004739336492891,1
0.5274725274725275,1
0.6467391304347826,1
0.7230769230769231,1
0.941747572815534,1
0.941747572815534,1
0.587378640776699,1
0.9097744360902256,1
0.5789473684210527,1
0.9117647058823529,1
0.9323308270676691,1
0.9097744360902256,1
0.12149532710280374,1
0.09004739336492891,1
0.7293233082706767,1
0.5380434782608695,1
0.6456310679611651,1
0.9282296650717703,1
0.616504854368932,1
0.587378640776699,1
0.587378640776699,1
0.11682242990654206,1
0.11848341232227488,1
0.470873786407767,1
0.8349514563106796,1
0.5789473684210527,1
0.9338235294117647,1
0.9097744360902256,1
0.9097744360902256,1
0.11682242990654206,1
0.11848341232227488,1
0.7293233082706767,1
0.5380434782608695,1
0.6507177033492823,1
0.5933014354066986,1
0.5933014354066986,1
0.11682242990654206,1
0.12322274881516587,1
0.4688995215311005,1
0.8373205741626795,1
0.734375,1
0.9215686274509803,1
0.7846153846153846,1
1.0,1
0.9117647058823529,1
0.9117647058823529,1
0.11682242990654206,1
0.12322274881516587,1
0.7205882352941176,1
0.5543478260869565,1
0.9253731343283582,1
0.9264705882352942,1
0.9402985074626866,1
0.9253731343283582,1
0.9402985074626866,1
0.9253731343283582,1
1.0,1
0.9253731343283582,1
0.9264705882352942,1
0.9402985074626866,1
0.9253731343283582,1
0.9402985074626866,1
0.9253731343283582,1
0.941747572815534,1
1.0,1
0.9323308270676691,1
0.5654205607476636,1
0.5876777251184834,1
0.7538461538461538,1
0.5543478260869565,1
0.5654205607476636,1
0.5734597156398105,1
0.7593984962406015,1
0.6032608695652174,1
0.9044117647058824,1
1.0,1
0.9044117647058824,1
0.9418604651162791,1
1.0,1
0.9418604651162791,1
0.06620209059233449,1
0.9044117647058824,1
1.0,1
0.9418604651162791,1
1.0,1
0.08878504672897196,1
0.45794392523364486,1
0.4766355140186916,1
0.9264705882352942,1
0.9384615384615385,1
0.9384615384615385,1
0.9393939393939394,1
0.9538461538461539,1
0.9253731343283582,1
1.0,1
0.9264705882352942,1
0.9384615384615385,1
0.9384615384615385,1
0.9393939393939394,1
0.9538461538461539,1
0.9264705882352942,1
0.9117647058823529,1
0.9117647058823529,1
0.9117647058823529,1
0.9264705882352942,1
0.9264705882352942,1
1.0,1
0.9264705882352942,1
0.9117647058823529,1
0.9117647058823529,1
0.9117647058823529,1
0.9384615384615385,1
0.9393939393939394,1
0.9538461538461539,1
0.9402985074626866,1
0.9384615384615385,1
0.9264705882352942,1
1.0,1
0.9384615384615385,1
0.9393939393939394,1
0.9538461538461539,1
0.46919431279620855,1
0.4976303317535545,1
0.9080779944289693,1
0.7484662576687117,1
0.9545454545454546,1
0.9384615384615385,1
0.9253731343283582,1
0.9384615384615385,1
0.9117647058823529,1
0.9384615384615385,1
1.0,1
0.9545454545454546,1
0.9384615384615385,1
0.9393939393939394,1
0.9402985074626866,1
0.9393939393939394,1
0.9117647058823529,1
0.9393939393939394,1
0.9545454545454546,1
1.0,1
0.9393939393939394,1
0.9253731343283582,1
0.9538461538461539,1
0.9117647058823529,1
0.9538461538461539,1
0.9384615384615385,1
0.9393939393939394,1
1.0,1
1.0,1
0.4666666666666667,1
0.593103448275862,1
0.6857142857142857,1
1.0,1
0.4666666666666667,1
0.3793103448275862,1
0.6111111111111112,1
0.4666666666666667,1
1.0,1
0.8108108108108109,1
1.0,1
0.8108108108108109,1
0.04909560723514212,1
0.047979797979797977,1
0.5943152454780362,1
0.04909560723514212,1
0.8459595959595959,1
0.09895833333333333,1
0.22916666666666666,1
0.8108108108108109,1
1.0,1
0.09595959595959595,1
0.2222222222222222,1
0.5489130434782609,1
0.8387096774193549,1
0.06050955414012739,1
0.496551724137931,1
0.8390804597701149,1
0.918918918918919,1
0.8421052631578947,1
0.496551724137931,1
0.6275862068965518,1
0.3793103448275862,1
0.6857142857142857,1
0.6111111111111112,1
0.676923076923077,1
0.7,1
0.6865671641791045,1
0.7715877437325905,1
0.8540880503144654,1
0.8479809976247031,1
0.2736842105263158,1
0.9487179487179487,1
0.9521988527724665,1
0.8373702422145328,1
0.9012345679012346,1
0.9058823529411765,1
0.7025316455696202,1
1.0,1
0.78125,1
0.9384615384615385,1
0.734375,1
0.7230769230769231,1
0.9215686274509803,1
0.7846153846153846,1
0.9253731343283582,1
0.9264705882352942,1
0.9402985074626866,1
0.9253731343283582,1
0.9402985074626866,1
0.9253731343283582,1
0.9044117647058824,1
0.9418604651162791,1
0.9264705882352942,1
0.9384615384615385,1
0.9384615384615385,1
0.9393939393939394,1
0.9538461538461539,1
0.9264705882352942,1
0.9117647058823529,1
0.9117647058823529,1
0.9117647058823529,1
0.9384615384615385,1
0.9393939393939394,1
0.9538461538461539,1
0.9545454545454546,1
0.9384615384615385,1
0.9393939393939394,1
0.4666666666666667,1
0.8108108108108109,1
0.8390804597701149,1
0.3448275862068966,0
0.15942028985507245,0
0.26436781609195403,0
0.234375,0
0.25773195876288657,0
0.2222222222222222,0
0.34057971014492755,0
0.03591160220994475,0
0.1323529411764706,0
0.2087378640776699,0
0.15436241610738255,0
0.1796875,0
0.17117117117117117,0
0.3,0
0.009202453987730062,0
0.22916666666666666,0
0.7846153846153846,0
0.4107142857142857,0
0.015625,0
0.1223021582733813,0
0.12030075187969924,0
0.3125,0
0.06077348066298342,0
0.2916666666666667,0
0.06353591160220995,0
0.2923076923076923,0
0.09420289855072464,0
0.05238095238095238,0
0.14285714285714285,0
0.09420289855072464,0
0.1791907514450867,0
0.20833333333333334,0
0.38345864661654133,0
0.2625,0
0.2761904761904762,0
0.15606936416184972,0
0.1329479768786127,0
0.102880658436214,0
0.007363770250368188,0
0.22183098591549297,0
0.2,0
0.15816326530612246,0
0.1867704280155642,0
0.2774566473988439,0
0.12318840579710146,0
0.18620689655172415,0
0.16541353383458646,0
0.189873417721519,0
0.15789473684210525,0
0.1619047619047619,0
0.40131578947368424,0
0.0055248618784530384,0
0.10306406685236769,0
0.22535211267605634,0
0.23711340206185566,0
0.1651376146788991,0
0.7384615384615385,0
0.23121387283236994,0
0.1421188630490956,0
0.02112676056338028,0
0.1076923076923077,0
0.27586206896551724,0
0.024271844660194174,0
0.06324110671936758,0
0.2235294117647059,0
0.20253164556962025,0
0.16993464052287582,0
0.22916666666666666,0
0.4117647058823529,0
0.1510791366906475,0
0.006920415224913495,0
0.25229357798165136,0
0.25287356321839083,0
0.03225806451612903,0
0.23684210526315788,0
0.0027624309392265192,0
0.018867924528301886,0
0.23076923076923078,0
0.21014492753623187,0
0.16783216783216784,0
0.012919896640826873,0
0.0030959752321981426,0
0.015337423312883436,0
0.3223684210526316,0
0.2727272727272727,0
0.45588235294117646,0
0.2222222222222222,0
0.32142857142857145,0
0.15384615384615385,0
0.09420289855072464,0
0.1375,0
0.21794871794871795,0
0.21,0
0.01652892561983471,0
0.25287356321839083,0
0.17391304347826086,0
0.09826589595375723,0
0.19008264462809918,0
0.2992125984251969,0
0.27927927927927926,0
0.1368421052631579,0
0.6216216216216216,0
0.225,0
0.27586206896551724,0
0.35384615384615387,0
0.31,0
0.030878859857482184,0
0.17032967032967034,0
0.28,0
0.06629834254143646,0
0.3881578947368421,0
0.29473684210526313,0
0.3308270676691729,0
0.059431524547803614,0
0.1597222222222222,0
0.15048543689320387,0
0.060240963855421686,0
0.047979797979797977,0
0.102880658436214,0
0.13270142180094788,0
0.03398058252427184,0
0.18435754189944134,0
0.22727272727272727,0
0.016713091922005572,0
0.271523178807947,0
0.38345864661654133,0
0.29545454545454547,0
0.38235294117647056,0
0.2727272727272727,0
0.17391304347826086,0
0.7377049180327869,0
0.18421052631578946,0
0.003067484662576687,0
0.009202453987730062,0
0.2549019607843137,0
0.2835820895522388,0
0.21839080459770116,0
0.05,0
0.1794871794871795,0
0.2028985507246377,0
0.29439252336448596,0
0.01384083044982699,0
0.20512820512820512,0
0.27586206896551724,0
0.2066115702479339,0
0.2072072072072072,0
0.27184466019417475,0
0.13450292397660818,0
0.46153846153846156,0
0.17647058823529413,0
0.21839080459770116,0
0.23529411764705882,0
0.002008032128514056,0
0.03162055335968379,0
0.5632183908045977,0
0.6027397260273972,0
0.015337423312883436,0
0.35400516795865633,0
0.22988505747126436,0
0.24271844660194175,0
0.26865671641791045,0
0.20717131474103587,0
0.03647798742138365,0
0.038461538461538464,0
0.11382113821138211,0
0.2413793103448276,0
0.3116883116883117,0
0.30666666666666664,0
0.23222748815165878,0
0.3895705521472393,0
0.08300395256916997,0
0.08681672025723473,0
0.21666666666666667,0
0.15263157894736842,0
0.20909090909090908,0
0.02336448598130841,0
0.4153846153846154,0
0.022091310751104567,0
0.15789473684210525,0
0.24050632911392406,0
0.3088235294117647,0
0.25728155339805825,0
0.2932330827067669,0
0.15294117647058825,0
0.5629139072847682,0
0.06441717791411043,0
0.43243243243243246,0
0.019120458891013385,0
0.7424242424242424,0
0.176056338028169,0
0.15606936416184972,0
0.0035211267605633804,0
0.12218649517684887,0
0.26153846153846155,0
0.008356545961002786,0
0.17341040462427745,0
0.34146341463414637,0
0.19767441860465115,0
0.24060150375939848,0
0.25,0
0.0176678445229682,0
0.09420289855072464,0
0.71875,0
0.13450292397660818,0
0.47058823529411764,0
0.18604651162790697,0
0.0103359173126615,0
0.26666666666666666,0
0.07246376811594203,0
0.08670520231213873,0
0.6086956521739131,0
0.06128133704735376,0
0.15598885793871867,0
0.0662739322533137,0
0.4132231404958678,0
0.7766990291262136,0
0.013651877133105802,0
0.09507042253521127,0
0.28901734104046245,0
0.043689320388349516,0
0.15170278637770898,0
0.24705882352941178,0
0.19852941176470587,0
0.09913793103448276,0
0.367816091954023,0
0.004750593824228029,0
0.18846153846153846,0
0.40229885057471265,0
0.29141104294478526,0
0.36936936936936937,0
0.312,0
0.08461538461538462,0
0.15942028985507245,0
0.18791946308724833,0
0.15789473684210525,0
0.16184971098265896,0
0.12318840579710146,0
0.11349693251533742,0
0.13398692810457516,0
0.010025062656641603,0
0.14358974358974358,0
0.009708737864077669,0
0.2564102564102564,0
0.015296367112810707,0
0.15602836879432624,0
0.07839388145315487,0
0.35443037974683544,0
0.18719211822660098,0
0.2847682119205298,0
0.21176470588235294,0
0.28431372549019607,0
0.017676767676767676,0
0.19444444444444445,0
0.016877637130801686,0
0.3533834586466165,0
0.08441558441558442,0
0.007575757575757576,0
0.2328767123287671,0
0.18115942028985507,0
0.425531914893617,0
0.018957345971563982,0
0.8235294117647058,0
0.23333333333333334,0
0.16216216216216217,0
0.02287581699346405,0
0.15942028985507245,0
0.15833333333333333,0
0.022935779816513763,0
0.20300751879699247,0
0.13846153846153847,0
0.014218009478672985,0
0.1780821917808219,0
0.06310679611650485,0
0.004016064257028112,0
0.09420289855072464,0
0.01929260450160772,0
0.16993464052287582,0
0.23170731707317074,0
0.14485981308411214,0
0.0023752969121140144,0
0.21739130434782608,0
0.2835820895522388,0
0.015337423312883436,0
0.6222222222222222,0
0.18382352941176472,0
0.04526748971193416,0
0.18604651162790697,0
0.18867924528301888,0
0.8805970149253731,0
0.42857142857142855,0
0.16470588235294117,0
0.1619047619047619,0
0.017064846416382253,0
0.18831168831168832,0
0.26666666666666666,0
0.2,0
0.18125,0
0.02147239263803681,0
0.1111111111111111,0
0.013020833333333334,0
0.2328767123287671,0
0.29411764705882354,0
0.033873343151693665,0
0.13450292397660818,0
0.17131474103585656,0
0.28,0
0.004750593824228029,0
0.11594202898550725,0
0.012269938650306749,0
0.2601626016260163,0
0.01593625498007968,0
0.28125,0
0.18181818181818182,0
0.14285714285714285,0
0.007905138339920948,0
0.2413793103448276,0
0.028708133971291867,0
0.1595744680851064,0
0.03187250996015936,0
0.02066115702479339,0
0.024539877300613498,0
0.28431372549019607,0
0.20416666666666666,0
0.31868131868131866,0
0.15436241610738255,0
0.453125,0
0.009554140127388535,0
0.18461538461538463,0
0.16257668711656442,0
0.10404624277456648,0
0.0038240917782026767,0
0.6153846153846154,0
0.2440944881889764,0
0.14634146341463414,0
0.020833333333333332,0
0.32231404958677684,0
0.1527777777777778,0
0.24074074074074073,0
0.03940886699507389,0
0.17253521126760563,0
0.10457516339869281,0
0.20476190476190476,0
0.02464788732394366,0
0.04743083003952569,0
0.19718309859154928,0
0.26153846153846155,0
0.23684210526315788,0
0.12777777777777777,0
0.07142857142857142,0
0.22727272727272727,0
0.004750593824228029,0
0.1650485436893204,0
0.22282608695652173,0
0.28,0
0.16216216216216217,0
0.16326530612244897,0
0.2847222222222222,0
0.004219409282700422,0
0.0989399293286219,0
0.2682926829268293,0
0.25333333333333335,0
0.2569444444444444,0
0.1329479768786127,0
0.2826086956521739,0
0.147239263803681,0
0.27586206896551724,0
0.003067484662576687,0
0.012048192771084338,0
0.35,0
0.5403899721448467,0
0.39072847682119205,0
0.2986111111111111,0
0.487778958554729,1
0.3269961977186312,1
0.9191489361702128,1
0.9644444444444444,1
0.9559471365638766,1
0.9644444444444444,1
0.9644444444444444,1
0.9559471365638766,1
0.9475982532751092,1
0.9276595744680851,1
0.1148936170212766,1
0.1148936170212766,1
0.1148936170212766,1
0.1148936170212766,1
0.9276595744680851,1
0.2555066079295154,1
0.2577777777777778,1
0.2577777777777778,1
0.2555066079295154,1
0.9650655021834061,1
0.9647577092511013,1
0.9559471365638766,1
0.9647577092511013,1
0.9475982532751092,1
0.9644444444444444,1
0.9647577092511013,1
0.9475982532751092,1
0.9559471365638766,1
0.9475982532751092,1
0.9475982532751092,1
0.7549019607843137,1
0.8895705521472392,1
0.7312049433573635,1
0.5077319587628866,1
0.6314432989690721,1
0.8836206896551724,1
0.7286821705426356,1
0.518910741301059,1
0.4797202797202797,1
0.7403100775193798,1
0.5537065052950075,1
0.5734265734265734,1
0.7307110438729199,1
0.6755244755244755,1
0.9244755244755245,1
0.7481481481481481,1
0.7407407407407407,1
0.762962962962963,1
0.7407407407407407,1
0.762962962962963,1
0.762962962962963,1
0.9166666666666666,1
0.8839285714285714,1
0.8807339449541285,1
0.8807339449541285,1
0.8571428571428571,1
0.8928571428571429,1
0.8899082568807339,1
0.9174311926605505,1
0.8403361344537815,1
0.9196428571428571,1
0.8928571428571429,1
0.8403361344537815,1
0.8899082568807339,1
0.8403361344537815,1
0.865546218487395,1
0.0398406374501992,1
0.9208333333333333,1
0.6169154228855721,1
0.6119402985074627,1
0.6368159203980099,1
0.6268656716417911,1
0.6268656716417911,1
0.6417910447761194,1
0.6318407960199005,1
0.6368159203980099,1
0.9101796407185628,1
0.8837209302325582,1
0.8802395209580839,1
0.8802395209580839,1
0.8587570621468926,1
0.9127906976744186,1
0.8516483516483516,1
0.8837209302325582,1
0.8802395209580839,1
0.9101796407185628,1
0.8305084745762712,1
0.8837209302325582,1
0.8351648351648352,1
0.9127906976744186,1
0.8837209302325582,1
0.8587570621468926,1
0.9127906976744186,1
0.8351648351648352,1
0.7781350482315113,1
0.8802395209580839,1
0.8305084745762712,1
0.8837209302325582,1
0.8351648351648352,1
0.8870056497175142,1
0.8837209302325582,1
0.8626373626373627,1
0.8587570621468926,1
0.8901098901098901,1
0.8516483516483516,1
0.8232189973614775,1
0.7261538461538461,1
0.8837209302325582,1
0.7302325581395349,1
0.8629032258064516,1
0.7862903225806451,1
1.0,1
0.9468822170900693,1
0.8628571428571429,1
0.9283018867924528,1
0.9686274509803922,1
0.9610894941634242,1
0.9686274509803922,1
0.9686274509803922,1
0.9610894941634242,1
0.9536679536679536,1
0.9358490566037736,1
0.2188679245283019,1
0.2188679245283019,1
0.2188679245283019,1
0.2188679245283019,1
0.9283018867924528,1
0.3463035019455253,1
0.34901960784313724,1
0.34901960784313724,1
0.3463035019455253,1
0.9613899613899614,1
0.9688715953307393,1
0.9610894941634242,1
0.9688715953307393,1
0.9536679536679536,1
0.9686274509803922,1
0.9688715953307393,1
0.9536679536679536,1
0.9610894941634242,1
0.9536679536679536,1
0.9536679536679536,1
0.7146067415730337,1
0.9491525423728814,1
0.9333333333333333,1
0.9411764705882353,1
0.9572649572649573,1
0.9491525423728814,1
0.9411764705882353,1
0.9666666666666667,1
0.9663865546218487,1
0.9745762711864406,1
0.9661016949152542,1
0.9663865546218487,1
0.9583333333333334,1
0.95,1
0.9583333333333334,1
0.9583333333333334,1
0.9663865546218487,1
0.9747899159663865,1
0.9747899159663865,1
0.9745762711864406,1
0.9663865546218487,1
0.9663865546218487,1
0.8484848484848485,1
0.8636363636363636,1
0.8484848484848485,1
0.8333333333333334,1
0.8409090909090909,1
0.8484848484848485,1
0.9658119658119658,1
0.9655172413793104,1
0.9739130434782609,1
0.9652173913043478,1
0.9655172413793104,1
0.9572649572649573,1
0.9487179487179487,1
0.9572649572649573,1
0.9572649572649573,1
0.9655172413793104,1
0.9741379310344828,1
0.9741379310344828,1
0.9739130434782609,1
0.9655172413793104,1
0.9655172413793104,1
0.9008264462809917,1
0.9173553719008265,1
0.9008264462809917,1
0.8842975206611571,1
0.8925619834710744,1
0.9008264462809917,1
0.9649122807017544,1
0.9646017699115044,1
0.9732142857142857,1
0.9642857142857143,1
0.9646017699115044,1
0.956140350877193,1
0.9473684210526315,1
0.956140350877193,1
0.956140350877193,1
0.9646017699115044,1
0.9734513274336283,1
0.9734513274336283,1
0.9732142857142857,1
0.9646017699115044,1
0.9646017699115044,1
0.8983050847457628,1
0.9152542372881356,1
0.8983050847457628,1
0.8813559322033898,1
0.8898305084745762,1
0.8983050847457628,1
0.963963963963964,1
0.9636363636363636,1
0.9724770642201835,1
0.963302752293578,1
0.9636363636363636,1
0.954954954954955,1
0.9459459459459459,1
0.954954954954955,1
0.954954954954955,1
0.9636363636363636,1
0.9727272727272728,1
0.9727272727272728,1
0.9724770642201835,1
0.9636363636363636,1
0.9636363636363636,1
0.972027972027972,1
0.972027972027972,1
0.9790209790209791,1
0.9652777777777778,1
0.9790209790209791,1
0.972027972027972,1
0.9586206896551724,1
0.9788732394366197,1
0.9790209790209791,1
0.9652777777777778,1
0.971830985915493,1
0.971830985915493,1
0.9655172413793104,1
0.972027972027972,1
0.9583333333333334,1
0.971830985915493,1
0.9788732394366197,1
0.9586206896551724,1
0.9652777777777778,1
0.972027972027972,1
0.972027972027972,1
0.9655172413793104,1
0.9583333333333334,1
0.9722222222222222,1
0.9724137931034482,1
0.971830985915493,1
0.9586206896551724,1
0.9655172413793104,1
0.9387755102040817,1
0.9336734693877551,1
0.9343434343434344,1
0.934010152284264,1
0.9384615384615385,1
0.9387755102040817,1
0.9289340101522843,1
0.9556650246305419,1
0.9289340101522843,1
0.9387755102040817,1
0.9384615384615385,1
0.934010152284264,1
0.9343434343434344,1
0.9336734693877551,1
0.9387755102040817,1
0.9795918367346939,1
0.9797979797979798,1
0.9796954314720813,1
0.9846938775510204,1
0.9795918367346939,1
0.9796954314720813,1
0.9458128078817734,1
0.9796954314720813,1
0.9795918367346939,1
0.9846938775510204,1
0.9796954314720813,1
0.9797979797979798,1
0.9795918367346939,1
1.0,1
0.9696969696969697,1
0.9796954314720813,1
0.9795918367346939,1
0.9795918367346939,1
0.9847715736040609,1
0.9408866995073891,1
0.9847715736040609,1
0.9795918367346939,1
0.9795918367346939,1
0.9796954314720813,1
0.9696969696969697,1
1.0,1
0.9795918367346939,1
0.9747474747474747,1
0.9696969696969697,1
0.9747474747474747,1
0.9747474747474747,1
0.9458128078817734,1
0.9747474747474747,1
0.9747474747474747,1
0.9696969696969697,1
0.9747474747474747,1
1.0,1
0.9696969696969697,1
0.9797979797979798,1
0.9796954314720813,1
0.9847715736040609,1
0.9847715736040609,1
0.04926108374384237,1
0.9847715736040609,1
0.9847715736040609,1
0.9796954314720813,1
1.0,1
0.9747474747474747,1
0.9796954314720813,1
0.9796954314720813,1
0.9846938775510204,1
0.9796954314720813,1
0.9408866995073891,1
0.9796954314720813,1
0.9846938775510204,1
1.0,1
0.9796954314720813,1
0.9696969696969697,1
0.9795918367346939,1
0.9846938775510204,1
0.9796954314720813,1
0.9408866995073891,1
0.9796954314720813,1
1.0,1
0.9846938775510204,1
0.9847715736040609,1
0.9747474747474747,1
0.9795918367346939,1
0.9795918367346939,1
0.9408866995073891,1
1.0,1
0.9796954314720813,1
0.9796954314720813,1
0.9847715736040609,1
0.9747474747474747,1
0.9847715736040609,1
0.9796954314720813,1
0.9458128078817734,1
0.9507389162561576,1
0.9458128078817734,1
0.9507389162561576,1
0.9556650246305419,1
0.9458128078817734,1
0.9507389162561576,1
0.9796954314720813,1
0.9796954314720813,1
0.9847715736040609,1
0.9747474747474747,1
0.9847715736040609,1
0.9796954314720813,1
0.9846938775510204,1
0.9847715736040609,1
0.9747474747474747,1
0.9795918367346939,1
0.9795918367346939,1
0.9796954314720813,1
0.9696969696969697,1
0.9795918367346939,1
0.9846938775510204,1
0.9747474747474747,1
0.9796954314720813,1
0.9796954314720813,1
0.9696969696969697,1
0.9797979797979798,1
0.9795918367346939,1
0.7417582417582418,1
0.7362637362637363,1
0.7362637362637363,1
0.7417582417582418,1
0.7472527472527473,1
0.7362637362637363,1
0.7472527472527473,1
0.7417582417582418,1
0.9712230215827338,1
0.9712230215827338,1
0.9784172661870504,1
0.9642857142857143,1
0.9784172661870504,1
0.9241379310344827,1
0.9712230215827338,1
0.9782608695652174,1
0.9712230215827338,1
0.9571428571428572,1
0.9710144927536232,1
0.9241379310344827,1
0.9782608695652174,1
0.9784172661870504,1
0.9642857142857143,1
0.9710144927536232,1
0.9310344827586207,1
0.9710144927536232,1
0.9642857142857143,1
0.9712230215827338,1
0.9310344827586207,1
0.9712230215827338,1
0.9571428571428572,1
0.9379310344827586,1
0.9714285714285714,1
0.9241379310344827,1
0.9710144927536232,1
0.9310344827586207,1
0.951310861423221,1
0.027888446215139442,0
0.0199203187250996,0
0.15196078431372548,0
0.15196078431372548,0
0.35019455252918286,0
0.4846938775510204,0
0.4311111111111111,0
0.05466237942122187,0
0.02092050209205021,0
0.5076142131979695,0
0.2833333333333333,0
0.24873096446700507,0
0.028938906752411574,0
0.1383399209486166,0
0.3299492385786802,0
0.20833333333333334,0
0.3480392156862745,0
0.0380952380952381,0
0.050397877984084884,0
0.13095238095238096,0
0.01509433962264151,0
0.004571428571428572,0
0.05942857142857143,0
0.31906614785992216,0
0.35964912280701755,0
0.3178294573643411,0
0.029288702928870293,0
0.3333333333333333,0
0.5051020408163265,0
0.23952095808383234,0
0.26666666666666666,0
0.5384615384615384,0
0.09496124031007752,0
0.9137931034482759,0
0.11284046692607004,0
0.2719665271966527,0
0.2634730538922156,0
0.2510460251046025,0
0.023872679045092837,0
0.2222222222222222,0
0.02619047619047619,0
0.2753623188405797,0
0.06591143151390319,0
0.452914798206278,0
0.015189873417721518,0
0.1830065359477124,0
0.28431372549019607,0
0.01968503937007874,0
0.019455252918287938,0
0.006920415224913495,0
0.5102040816326531,0
0.9137931034482759,0
0.11787072243346007,0
0.027888446215139442,0
0.1952054794520548,0
0.6666666666666666,0
0.7202797202797203,0
0.019455252918287938,0
0.015189873417721518,0
0.07751937984496124,0
0.06285714285714286,0
0.008620689655172414,0
0.01348314606741573,0
0.3799126637554585,0
0.24686192468619247,0
0.007874015748031496,0
0.1206896551724138,0
0.2510460251046025,0
0.2833333333333333,0
0.13095238095238096,0
0.39111111111111113,0
0.12540192926045016,0
0.9137931034482759,0
0.017467248908296942,0
0.022813688212927757,0
0.25,0
0.02287581699346405,0
0.6903553299492385,0
0.016455696202531647,0
0.16752577319587628,0
0.3832599118942731,0
0.6852791878172588,0
0.0,0
0.9122807017543859,0
0.24675324675324675,0
0.225,0
0.6666666666666666,0
0.3333333333333333,0
0.017777777777777778,0
0.08171206225680934,0
0.22981366459627328,0
0.15196078431372548,0
0.5679012345679012,0
0.007594936708860759,0
0.020785219399538105,0
0.21899736147757257,0
0.10553633217993079,0
0.9137931034482759,0
0.2827586206896552,0
0.25,0
0.019455252918287938,0
0.6852791878172588,0
0.18272425249169436,0
0.3384615384615385,0
0.6546762589928058,0
0.007874015748031496,0
0.16186252771618626,0
0.009142857142857144,0
0.6788321167883211,0
0.21372031662269128,0
0.034482758620689655,0
0.18272425249169436,0
0.37872340425531914,0
0.23952095808383234,0
0.32941176470588235,0
0.00784313725490196,0
0.8813559322033898,0
0.48484848484848486,0
0.29949238578680204,0
0.6737588652482269,0
0.6875,0
0.007782101167315175,0
0.6737588652482269,0
0.051490514905149054,0
0.17465753424657535,0
0.16666666666666666,0
0.13229571984435798,0
0.13215859030837004,0
0.18407960199004975,0
0.2391304347826087,0
0.15283842794759825,0
0.01139240506329114,0
0.5164835164835165,0
0.5025380710659898,0
0.1059001512859304,0
0.12540192926045016,0
0.5054945054945055,0
0.22085889570552147,0
0.15196078431372548,0
0.3076923076923077,0
0.1048951048951049,0
0.225,0
0.3418803418803419,0
0.0817490494296578,0
0.6620689655172414,0
0.01607717041800643,0
0.2608695652173913,0
0.5102040816326531,0
0.017509727626459144,0
0.4873096446700508,0
0.033566433566433566,0
0.27040816326530615,0
0.27419354838709675,0
0.08095238095238096,0
0.2523076923076923,0
0.08615384615384615,0
0.04607046070460705,0
0.6868686868686869,0
0.8974358974358975,0
0.011583011583011582,0
0.018461538461538463,0
0.03177004538577912,0
0.2874251497005988,0
0.01744186046511628,0
0.345679012345679,0
0.24686192468619247,0
0.0854788877445932,0
0.06488156539649846,0
0.18974358974358974,0
0.003952569169960474,0
0.1780821917808219,0
0.25870646766169153,0
0.011235955056179775,0
0.225531914893617,0
0.041666666666666664,0
0.0199203187250996,0
0.1258426966292135,0
0.48484848484848486,0
0.3229571984435798,0
0.6971830985915493,0
0.425531914893617,0
0.6046511627906976,0
0.3788546255506608,0
0.1382636655948553,0
0.18831168831168832,0
0.23430962343096234,0
0.2916666666666667,0
0.4897959183673469,0
0.5,0
0.32806324110671936,0
0.004761904761904762,0
0.16339869281045752,0
0.0149812734082397,0
0.30538922155688625,0
0.016666666666666666,0
0.15196078431372548,0
0.35344827586206895,0
0.3532934131736527,0
0.011320754716981131,0
0.27522935779816515,0
0.01139240506329114,0
0.8803418803418803,0
0.12102874432677761,0
0.15384615384615385,0
0.08089887640449438,0
0.896551724137931,0
0.01556420233463035,0
0.09379727685325265,0
0.08114285714285714,0
0.30943396226415093,0
0.95,0
0.27510917030567683,0
0.5025641025641026,0
0.9145299145299145,0
0.004761904761904762,0
0.0937062937062937,0
0.007874015748031496,0
0.25925925925925924,0
0.0196078431372549,0
0.2191780821917808,0
0.010126582278481013,0
0.1930379746835443,0
0.032167832167832165,0
0.07657142857142857,0
0.42292490118577075,0
0.27906976744186046,0
0.23837209302325582,0
0.39461883408071746,0
0.33201581027667987,0
0.6923076923076923,0
0.15196078431372548,0
0.4560669456066946,0
0.00749063670411985,0
0.3166023166023166,0
0.011428571428571429,0
0.3116279069767442,0
0.022172949002217297,0
0.9137931034482759,0
0.11328671328671329,0
0.48484848484848486,0
0.9196428571428571,0
0.9043478260869565,0
0.2696078431372549,0
0.25892857142857145,0
0.14439655172413793,0
0.011235955056179775,0
0.044715447154471545,0
0.10238095238095238,0
0.015086206896551725,0
0.3132075471698113,0
0.676056338028169,0
0.019955654101995565,0
0.13163972286374134,0
0.1791044776119403,0
0.18354430379746836,0
0.30566037735849055,0
0.015940488841657812,0
0.31225296442687744,0
0.011235955056179775,0
0.521978021978022,0
0.005836575875486381,0
0.24550898203592814,0
0.2608695652173913,0
0.2191780821917808,0
0.48205128205128206,0
0.2717948717948718,0
0.9504132231404959,0
0.10916580844490216,0
0.09496124031007752,0
0.19068736141906872,0
0.03146067415730337,0
0.38666666666666666,0
0.35135135135135137,0
0.09533073929961089,0
0.15463917525773196,0
0.18037974683544303,0
0.3028169014084507,0
0.24293785310734464,0
0.01730103806228374,0
0.2717948717948718,0
0.3197969543147208,0
0.013924050632911392,0
0.019455252918287938,0
0.030821917808219176,0
0.01990049751243781,0
0.37254901960784315,0
0.15280898876404495,0
0.4846938775510204,0
0.2542372881355932,0
0.0196078431372549,0
0.04823151125401929,0
0.028938906752411574,0
0.03506907545164718,0
0.03328290468986384,0
0.1020979020979021,0
0.0034285714285714284,0
0.5164835164835165,0
0.3163265306122449,0
0.011547344110854504,0
0.009237875288683603,0
0.896551724137931,0
0.12307692307692308,0
0.3964757709251101,0
0.6620689655172414,0
0.24725274725274726,0
0.011857707509881422,0
0.3656387665198238,0
0.3096446700507614,0
0.18670886075949367,0
0.5,0
0.23837209302325582,0
0.3849056603773585,0
0.25748502994011974,0
0.011547344110854504,0
0.10392609699769054,0
0.010309278350515464,0
0.25,0
0.025745257452574527,0
0.4896907216494845,0
0.2696078431372549,0
0.0199203187250996,0
0.2994350282485876,0
0.5274725274725275,0
0.21372031662269128,0
0.3096446700507614,0
0.01607717041800643,0
0.12933025404157045,0
0.023255813953488372,0
0.416988416988417,0
0.37745098039215685,0
0.08289054197662062,0
0.19934640522875818,0
0.4533333333333333,0
0.6666666666666666,0
0.9243697478991597,0
0.17041800643086816,0
0.19111111111111112,0
0.2701612903225806,0
0.09505703422053231,0
0.26903553299492383,0
0.44933920704845814,0
0.016260162601626018,0
0.6836734693877551,0
0.4711111111111111,0
0.2796610169491525,0
0.13577586206896552,0
0.4,0
0.3584905660377358,0
0.11748251748251748,0
0.4846938775510204,0
0.19583333333333333,0
0.15121951219512195,0
0.020618556701030927,0
0.1930379746835443,0
0.3151750972762646,0
0.01487778958554729,0
0.14058355437665782,0
0.13725490196078433,0
0.48223350253807107,0
0.011428571428571429,0
0.10043668122270742,0
0.5076142131979695,0
0.00392156862745098,0
0.17275747508305647,0
0.6690647482014388,0
0.47959183673469385,0
0.011764705882352941,0
0.07771428571428571,0
0.03571428571428571,0
0.025896414342629483,0
0.14511873350923482,0
0.31690140845070425,0
0.5025641025641026,0
0.7062937062937062,0
0.12596899224806202,0
0.6690140845070423,0
0.38461538461538464,0
0.22885572139303484,0
0.15915119363395225,0
0.011904761904761904,0
0.3469387755102041,0
0.18835616438356165,0
0.905982905982906,0
0.5649717514124294,0
0.38427947598253276,0
0.14977973568281938,0
0.39111111111111113,0
0.32432432432432434,0
0.020833333333333332,0
0.8813559322033898,0
0.6666666666666666,0
0.9137931034482759,0
0.031007751937984496,0
0.026607538802660754,0
0.48484848484848486,0
0.022026431718061675,0
0.020618556701030927,0
0.14469453376205788,0
0.09496124031007752,0
0.09505703422053231,0
0.288135593220339,0
0.00949367088607595,0
0.2236024844720497,0
0.18831168831168832,0
0.23076923076923078,0
0.8620689655172413,0
0.31137724550898205,0
0.021834061135371178,0
0.08555133079847908,0
0.012658227848101266,0
0.33532934131736525,0
0.039792387543252594,0
1.0,1
1.0,1
0.38219895287958117,1
1.0,1
0.6826086956521739,1
0.75,1
0.8907103825136612,1
0.7572815533980582,1
0.9016393442622951,1
0.7572815533980582,1
0.9016393442622951,1
0.75,1
1.0,1
0.9016393442622951,1
0.75,1
0.8907103825136612,1
0.7572815533980582,1
0.9016393442622951,1
0.9016393442622951,1
0.75,1
0.9189814814814815,1
0.9189814814814815,1
0.9189814814814815,1
0.9189814814814815,1
0.8977272727272727,1
0.8295454545454546,1
0.8806818181818182,1
0.8806818181818182,1
0.8914728682170543,1
0.8527131782945736,1
1.0,1
0.8914728682170543,1
0.8217391304347826,1
0.9402985074626866,1
0.6682027649769585,1
0.9259259259259259,1
0.7954545454545454,1
0.9119170984455959,1
0.5893719806763285,1
0.9206349206349206,1
0.7990867579908676,1
0.9114583333333334,1
0.7157360406091371,1
0.9259259259259259,1
0.7990867579908676,1
0.9166666666666666,1
0.7208121827411168,1
0.9259259259259259,1
0.7954545454545454,1
0.9119170984455959,1
0.5893719806763285,1
0.7521739130434782,1
0.14347826086956522,1
0.7608695652173914,1
0.9347826086956522,1
0.782608695652174,1
0.5347826086956522,1
0.7565217391304347,1
0.9347826086956522,1
0.7782608695652173,1
0.6217391304347826,1
0.7608695652173914,1
0.9347826086956522,1
0.782608695652174,1
0.6260869565217392,1
0.7608695652173914,1
0.9347826086956522,1
0.782608695652174,1
0.07391304347826087,1
0.6728110599078341,1
0.8706467661691543,1
0.7909090909090909,1
0.8805970149253731,1
0.5942028985507246,1
0.8656716417910447,1
0.7945205479452054,1
0.8756218905472637,1
0.7014925373134329,1
0.8706467661691543,1
0.7945205479452054,1
0.8805970149253731,1
0.7064676616915423,1
0.8706467661691543,1
0.7909090909090909,1
0.8805970149253731,1
0.5942028985507246,1
0.6774193548387096,1
0.09545454545454546,1
0.6866359447004609,1
0.9308755760368663,1
0.6728110599078341,1
0.0958904109589041,1
0.6820276497695853,1
0.8894009216589862,1
0.6774193548387096,1
0.0958904109589041,1
0.6866359447004609,1
0.8940092165898618,1
0.6774193548387096,1
0.09545454545454546,1
0.6866359447004609,1
0.9308755760368663,1
0.7836538461538461,1
0.9519230769230769,1
0.7836538461538461,1
0.9519230769230769,1
0.7932692307692307,1
0.9519230769230769,1
0.8076923076923077,1
0.8317307692307693,1
1.0,1
0.7836538461538461,1
0.9519230769230769,1
0.7836538461538461,1
0.7932692307692307,1
0.9519230769230769,1
0.9407582938388626,1
0.9407582938388626,1
0.9407582938388626,1
0.8795180722891566,1
0.9,1
0.9011627906976745,1
0.9243697478991597,1
0.8914728682170543,1
1.0,1
0.8136363636363636,1
0.927461139896373,1
0.6521739130434783,1
0.9720670391061452,1
0.7945205479452054,1
0.90625,1
0.700507614213198,1
0.9720670391061452,1
0.7945205479452054,1
0.90625,1
0.700507614213198,1
0.9776536312849162,1
0.7909090909090909,1
0.9067357512953368,1
0.0821256038647343,1
0.8363636363636363,1
0.13636363636363635,1
0.7909090909090909,1
0.9772727272727273,1
0.8136363636363636,1
0.6454545454545455,1
0.7909090909090909,1
0.9772727272727273,1
0.8136363636363636,1
0.6454545454545455,1
0.7954545454545454,1
0.9772727272727273,1
0.8181818181818182,1
0.07727272727272727,1
0.5678294573643411,1
0.6521739130434783,1
0.9015544041450777,1
0.817351598173516,1
0.9740932642487047,1
0.7157360406091371,1
0.9015544041450777,1
0.817351598173516,1
0.9740932642487047,1
0.7157360406091371,1
0.9067357512953368,1
0.8136363636363636,1
0.9792746113989638,1
0.0821256038647343,1
0.6956521739130435,1
0.0776255707762557,1
0.7101449275362319,1
0.9323671497584541,1
0.6956521739130435,1
0.0776255707762557,1
0.7101449275362319,1
0.9323671497584541,1
0.7004830917874396,1
0.07727272727272727,1
0.714975845410628,1
0.13043478260869565,1
0.7864077669902912,1
0.9649122807017544,1
0.7475728155339806,1
0.953757225433526,1
0.7403846153846154,1
0.8907103825136612,1
0.9421965317919075,1
0.7403846153846154,1
1.0,1
0.7864077669902912,1
0.9649122807017544,1
0.953757225433526,1
0.7403846153846154,1
0.8009708737864077,1
0.9611650485436893,1
0.8009708737864077,1
0.9519230769230769,1
0.8058252427184466,1
0.7912621359223301,1
0.9519230769230769,1
0.8300970873786407,1
1.0,1
0.8009708737864077,1
0.8009708737864077,1
0.9519230769230769,1
0.9520383693045563,1
0.9407582938388626,1
0.9176470588235294,1
0.9069767441860465,1
0.8127853881278538,1
0.9270833333333334,1
0.7208121827411168,1
0.9831460674157303,1
0.7945205479452054,1
0.9114583333333334,1
0.7055837563451777,1
0.9776536312849162,1
0.7909090909090909,1
0.9067357512953368,1
0.0821256038647343,1
0.8356164383561644,1
0.6666666666666666,1
0.7990867579908676,1
0.9817351598173516,1
0.821917808219178,1
0.6529680365296804,1
0.7990867579908676,1
0.9772727272727273,1
0.821917808219178,1
0.0776255707762557,1
0.7360406091370558,1
0.9114583333333334,1
0.817351598173516,1
0.984375,1
0.7208121827411168,1
0.9114583333333334,1
0.8136363636363636,1
0.9792746113989638,1
0.0821256038647343,1
0.6903553299492385,1
0.0867579908675799,1
0.7055837563451777,1
0.9847715736040609,1
0.6903553299492385,1
0.08636363636363636,1
0.7055837563451777,1
0.13043478260869565,1
0.7864077669902912,1
0.953757225433526,1
0.7403846153846154,1
0.9016393442622951,1
0.9421965317919075,1
0.7403846153846154,1
0.9649122807017544,1
0.7475728155339806,1
1.0,1
0.953757225433526,1
0.7403846153846154,1
0.10900473933649289,1
0.8009708737864077,1
0.9519230769230769,1
0.8155339805825242,1
0.7912621359223301,1
0.9519230769230769,1
0.8009708737864077,1
0.9611650485436893,1
0.8300970873786407,1
0.8009708737864077,1
0.9519230769230769,1
0.9534883720930233,1
0.8127853881278538,1
0.9270833333333334,1
0.7208121827411168,1
0.9776536312849162,1
0.7909090909090909,1
0.9067357512953368,1
0.5990338164251208,1
0.8356164383561644,1
0.6666666666666666,1
0.7990867579908676,1
0.9772727272727273,1
0.821917808219178,1
0.0867579908675799,1
0.7360406091370558,1
0.9114583333333334,1
0.8136363636363636,1
0.9792746113989638,1
0.5990338164251208,1
0.6903553299492385,1
0.08636363636363636,1
0.7055837563451777,1
0.13526570048309178,1
0.7884615384615384,1
0.9016393442622951,1
0.953757225433526,1
0.7403846153846154,1
0.953757225433526,1
0.7475728155339806,1
0.953757225433526,1
1.0,1
0.7884615384615384,1
0.8076923076923077,1
0.7932692307692307,1
0.9519230769230769,1
0.7932692307692307,1
0.9519230769230769,1
0.7932692307692307,1
0.8317307692307693,1
1.0,1
0.8527131782945736,1
0.9243697478991597,1
0.8136363636363636,1
0.927461139896373,1
0.6521739130434783,1
0.8363636363636363,1
0.13636363636363635,1
0.6521739130434783,1
1.0,1
1.0,1
1.0,1
1.0,1
1.0,1
1.0,1
0.9016393442622951,1
0.75,1
0.8907103825136612,1
0.7572815533980582,1
0.9016393442622951,1
0.9016393442622951,1
0.75,1
0.8914728682170543,1
0.7884615384615384,1
0.9421965317919075,1
0.7475728155339806,1
0.9421965317919075,1
0.953757225433526,1
0.7403846153846154,1
0.7836538461538461,1
0.9519230769230769,1
0.7836538461538461,1
0.7932692307692307,1
0.9519230769230769,1
0.7864077669902912,1
0.9649122807017544,1
0.953757225433526,1
0.7403846153846154,1
0.8009708737864077,1
0.8009708737864077,1
0.9519230769230769,1
0.953757225433526,1
0.7403846153846154,1
0.7884615384615384,1
1.0,1
0.25961538461538464,0
0.24545454545454545,0
0.4,0
0.09243697478991597,0
0.01664025356576862,0
0.007853403141361256,0
0.2278177458033573,0
0.1548223350253807,0
0.3744292237442922,0
0.08173076923076923,0
0.24727272727272728,0
0.1774580335731415,0
0.16727272727272727,0
0.0228310502283105,0
0.3352601156069364,0
0.01764705882352941,0
0.005546751188589541,0
0.024154589371980676,0
0.3352272727272727,0
0.04452054794520548,0
0.060221870047543584,0
0.05217391304347826,0
0.15736040609137056,0
0.023972602739726026,0
0.0958904109589041,0
0.4063926940639269,0
0.03785488958990536,0
0.011574074074074073,0
0.08121827411167512,0
0.03225806451612903,0
0.03470031545741325,0
0.533678756476684,0
0.09248554913294797,0
0.012618296529968454,0
0.08808290155440414,0
0.43915343915343913,0
0.0136986301369863,0
0.08564814814814815,0
0.25,0
0.07614213197969544,0
0.030821917808219176,0
0.03225806451612903,0
0.41363636363636364,0
0.04326923076923077,0
0.012690355329949238,0
0.4692737430167598,0
0.14728682170542637,0
0.013636363636363636,0
0.045563549160671464,0
0.3942307692307692,0
0.031545741324921134,0
0.04794520547945205,0
0.039619651347068144,0
0.15853658536585366,0
0.04754358161648178,0
0.24363636363636362,0
0.48148148148148145,0
0.025193798449612403,0
0.08755760368663594,0
0.009508716323296355,0
0.05092592592592592,0
0.4,0
0.20853080568720378,0
0.4129353233830846,0
0.417910447761194,0
0.45595854922279794,0
0.39634146341463417,0
0.17015706806282724,0
0.1751269035532995,0
0.008823529411764706,0
0.178743961352657,0
0.36086956521739133,0
0.06345177664974619,0
0.00966183574879227,0
0.10077519379844961,0
0.0945273631840796,0
0.582010582010582,0
0.02403846153846154,0
0.009508716323296355,0
0.18781725888324874,0
0.02877697841726619,0
0.00946372239747634,0
0.15228426395939088,0
0.06635071090047394,0
0.24545454545454545,0
0.17766497461928935,0
0.05454545454545454,0
0.0,0
0.21818181818181817,0
0.42696629213483145,0
0.17277486910994763,0
0.0410958904109589,0
0.4155251141552511,0
0.1223021582733813,0
0.04807692307692308,0
0.04807692307692308,0
0.04794520547945205,0
0.03365384615384615,0
0.038461538461538464,0
0.013636363636363636,0
0.2973621103117506,0
0.00946372239747634,0
0.37572254335260113,0
0.36086956521739133,0
0.40414507772020725,0
0.4427083333333333,0
0.08653846153846154,0
0.023972602739726026,0
0.48148148148148145,0
0.039619651347068144,0
0.3806818181818182,0
0.05454545454545454,0
0.2949640287769784,0
0.24545454545454545,0
0.21818181818181817,0
0.11990407673860912,0
0.09248554913294797,0
0.6256983240223464,0
0.17766497461928935,0
0.003961965134706815,0
0.06497622820919176,0
0.043478260869565216,0
0.23501199040767387,0
0.2235294117647059,0
0.009592326139088728,0
0.027777777777777776,0
0.1548223350253807,0
0.11374407582938388,0
0.08173076923076923,0
0.06806282722513089,0
0.28415300546448086,0
0.4260869565217391,0
0.1387434554973822,0
0.0410958904109589,0
0.0,0
0.04833597464342314,0
0.18636363636363637,0
0.07194244604316546,0
0.3391812865497076,0
0.09223300970873786,0
0.1264705882352941,0
0.005076142131979695,0
0.026148969889064975,0
0.05515587529976019,0
0.023972602739726026,0
0.4114583333333333,0
0.08771929824561403,0
0.06954436450839328,0
0.22181818181818183,0
0.3224043715846995,0
0.07727272727272727,0
0.1700507614213198,0
0.3767772511848341,0
0.4270833333333333,0
0.09550561797752809,0
0.18781725888324874,0
0.0,0
0.026148969889064975,0
0.20189274447949526,0
0.020942408376963352,0
0.026148969889064975,0
0.2637889688249401,0
0.0,0
0.04314720812182741,0
0.017391304347826087,0
0.007272727272727273,0
0.3972602739726027,0
0.041996830427892234,0
0.3988439306358382,0
0.15060240963855423,0
0.045454545454545456,0
0.0136986301369863,0
0.004754358161648178,0
0.20189274447949526,0
0.07692307692307693,0
0.19895287958115182,0
0.4581005586592179,0
0.4063926940639269,0
0.16279069767441862,0
0.18181818181818182,0
0.14388489208633093,0
0.001584786053882726,0
0.3446601941747573,0
0.06345177664974619,0
0.5729166666666666,0
0.08808290155440414,0
0.1264705882352941,0
0.06796116504854369,0
0.19289340101522842,0
0.03597122302158273,0
0.03488372093023256,0
0.3791469194312796,0
0.05687203791469194,0
0.4270833333333333,0
0.04452054794520548,0
0.04452054794520548,0
0.08121827411167512,0
0.29508196721311475,0
0.11560693641618497,0
0.001584786053882726,0
0.2403846153846154,0
0.17277486910994763,0
0.07109004739336493,0
0.35294117647058826,0
0.018957345971563982,0
0.04314720812182741,0
0.04833597464342314,0
0.45595854922279794,0
0.24545454545454545,0
0.038834951456310676,0
0.08854166666666667,0
0.038461538461538464,0
0.038834951456310676,0
0.40454545454545454,0
0.007272727272727273,0
0.04452054794520548,0
0.1548223350253807,0
0.045563549160671464,0
0.030805687203791468,0
0.0,0
0.03488372093023256,0
0.0136986301369863,0
0.43523316062176165,0
0.04794520547945205,0
0.11990407673860912,0
0.39545454545454545,0
0.04794520547945205,0
0.08808290155440414,0
0.19543147208121828,0
0.10945273631840796,0
0.023255813953488372,0
0.3411764705882353,0
0.3881278538812785,0
0.4606741573033708,0
0.37203791469194314,0
0.04452054794520548,0
0.18781725888324874,0
0.005076142131979695,0
0.0273972602739726,0
0.46368715083798884,0
0.030805687203791468,0
0.06635071090047394,0
0.20601851851851852,0
0.030821917808219176,0
0.07109004739336493,0
0.2082018927444795,0
0.5052083333333334,0
0.009508716323296355,0
0.04452054794520548,0
0.04,0
0.3614457831325301,0
0.03488372093023256,0
0.01664025356576862,0
0.178743961352657,0
0.19545454545454546,0
0.17258883248730963,0
0.047058823529411764,0
0.3352601156069364,0
0.07068062827225131,0
0.2323529411764706,0
0.178743961352657,0
0.1319796954314721,0
0.03470031545741325,0
0.38181818181818183,0
0.09497206703910614,0
0.005076142131979695,0
0.365296803652968,0
0.009508716323296355,0
0.2658959537572254,0
0.042789223454833596,0
0.06091370558375635,0
0.125,0
0.18636363636363637,0
0.030821917808219176,0
0.03365384615384615,0
0.3835616438356164,0
0.08796296296296297,0
0.22082018927444794,0
0.20558375634517767,0
0.22748815165876776,0
0.36470588235294116,0
0.07563025210084033,0
0.05909090909090909,0
0.4217391304347826,0
0.03803486529318542,0
0.02456418383518225,0
0.05515587529976019,0
0.08883248730964467,0
0.007853403141361256,0
0.18181818181818182,0
0.008823529411764706,0
0.035545023696682464,0
0.13529411764705881,0
0.09497206703910614,0
0.4270833333333333,0
0.03470031545741325,0
0.44041450777202074,0
0.6033519553072626,0
0.01664025356576862,0
0.035545023696682464,0
0.5393258426966292,0
0.16279069767441862,0
0.03470031545741325,0
0.011848341232227487,0
0.010301109350237718,0
0.08653846153846154,0
0.3352601156069364,0
0.43523316062176165,0
0.37203791469194314,0
0.5661375661375662,0
0.3333333333333333,0
0.2949640287769784,0
0.19543147208121828,0
0.273224043715847,0
0.39344262295081966,0
0.09216589861751152,0
0.15060240963855423,0
0.030821917808219176,0
0.04782608695652174,0
0.04452054794520548,0
0.031413612565445025,0
0.1826086956521739,0
0.02456418383518225,0
0.04452054794520548,0
0.05909090909090909,0
0.38181818181818183,0
0.5104166666666666,0
0.5185185185185185,0
0.4426229508196721,0
0.07727272727272727,0
0.10311750599520383,0
0.3680555555555556,0
0.1606714628297362,0
0.5561797752808989,0
0.03470031545741325,0
0.4863636363636364,0
0.027131782945736434,0
0.2744479495268139,0
0.001584786053882726,0
0.4438202247191011,0
0.5955056179775281,0
0.1751269035532995,0
0.19035532994923857,0
0.46875,0
0.05515587529976019,0
0.07727272727272727,0
0.0,0
0.2586750788643533,0
0.09223300970873786,0
0.42696629213483145,0
0.4090909090909091,0
0.3869565217391304,0
0.37203791469194314,0
