0.9319250606787794,1
0.9308968058960536,1
0.8585417450263443,1
0.8744809237173532,1
0.899707849389822,1
0.9133965966485539,1
0.9321177298241277,1
0.8748775232370302,1
0.9052650093799879,1
0.8995700245691408,1
0.866511334336819,1
0.8706327281172613,1
0.913277580761794,1
0.9269454568693227,1
0.9321177298241277,1
0.8789582755264421,1
0.9052650093799879,1
0.8424127433004214,1
0.8424127433004214,1
0.9303386927079613,1
0.9304473529835703,1
0.9177682811007285,1
0.8579239347876615,1
0.9451788540606396,1
0.9363774348602769,1
0.8460374433409494,1
0.8576386028859745,1
0.8547575639990974,1
0.842847283921082,1
0.8389124194850474,1
0.8460374433409494,1
0.8576386028859745,1
0.8785252792277684,1
0.8511288574920998,1
0.8389124194850474,1
0.957499588225616,1
0.9178913126665098,1
0.8744301807254165,1
0.9315760938886675,1
0.9316801619421323,1
0.8620547088883257,1
0.9316801619421323,1
0.8806155418775765,1
0.917647058822246,1
0.8542007105421794,1
0.9271120970195526,1
0.9068355093092504,1
0.9071608839730507,1
0.9439010627284944,1
0.8045552510438414,1
0.8856153347832445,1
0.9089802594607805,1
0.8989663304723469,1
0.9024727132224156,1
0.882971432970653,1
0.9024727132224488,1
0.8762662337653866,1
0.8483693868676624,1
0.8824992449009517,1
0.885856616472588,1
0.8704218156264621,1
0.868323191344699,1
0.8526077359402893,1
0.8862463376147345,1
0.8547443181809711,1
0.884026768410255,1
0.8064657820668553,1
0.8113892502374357,1
0.8353856999781142,1
0.7967947996310677,1
0.8130916900413814,1
0.8015989491099533,1
0.8549425385338292,1
0.8661915106944007,1
0.8947123873238297,1
0.8753418189605477,1
0.8726477557840646,1
0.855553696887778,1
0.9316344627995674,1
0.9318049703438762,1
0.9192688070729199,1
0.945443976274967,1
0.9105850393840518,1
0.9583057413345508,1
0.9194618873182273,1
0.9444076551130101,1
0.9324730574721972,1
0.9330479757437876,1
0.9433264279364612,1
0.9231154059157268,1
0.9330479757438508,1
0.920285714284886,1
0.9326964710967877,1
0.7547304603072279,1
0.9510869565217392,1
0.9885714285714285,1
0.828972146166199,1
0.8285796171042072,1
0.9027309076369452,1
0.3203733900508094,1
0.6834469272133673,1
0.6390328195892242,1
0.8272263772065255,1
0.7720835603686758,1
0.7687749624633782,1
0.803499466541992,1
0.7753200938774236,1
0.8027495865714636,1
0.8305084745762712,1
0.9,1
0.7627118644067796,1
0.75,1
0.8965517241379309,1
0.8333333333333334,1
0.6847915844838921,1
0.6840731197714087,1
0.6933483064618025,1
0.9580900287627151,1
0.9072164948453609,1
0.82,1
0.7525773195876289,1
0.73,1
0.8125,1
0.91,1
0.7437415562865283,1
0.9885827748853803,1
0.9402173913043479,1
0.7570983810709838,1
0.7336542127335113,1
0.704060236370568,1
0.7077999914379897,1
0.7815044858523119,1
0.7815044858523119,1
0.7340843023255813,1
0.6627276105536974,1
0.6722567287784679,1
0.6380008780332057,1
0.6002665245202559,1
0.6091296762938554,1
0.7196739430781984,1
0.6369810395554103,1
0.6357633213468453,1
0.6008658008658009,1
0.713968253968254,1
0.679944426283099,1
0.6990537240537241,1
0.8181818181818182,1
0.7800383243028942,1
0.7082694617791584,1
0.7531510830439033,1
0.8290603647125387,1
0.752281746031746,1
0.7474935961593919,1
0.7622193542208952,1
0.6306055646481178,1
0.6745923913043478,1
0.6745923913043478,1
0.8186380825269715,1
0.7210690544023878,1
0.6474750905797101,1
0.6659863723441309,1
0.7070970128654639,1
0.6764121170013313,1
0.7334955746287642,1
0.8802045443220887,1
0.861708407646512,1
0.8594843620970264,1
0.8636363636363636,1
0.7087362888967736,1
0.7248709248814942,1
0.7108213820078226,1
0.7266528608251286,1
0.7087362888967736,1
0.7248709248814942,1
0.71877444589309,1
0.8229607816691393,1
0.7855885549486067,1
0.7249209167923724,1
0.7167651468383455,1
0.8603555949093706,1
0.8830925466654623,1
0.8335588509012539,1
0.27586206896551724,0
0.1647400976311696,0
0.42453167196604324,0
0.1355547879640096,0
0.2982456140350877,0
0.4000716499623425,0
0.33638238722984487,0
0.25384615384615383,0
0.19969130276321712,0
0.21649484536082475,0
0.265625,0
0.6025945738659685,0
0.1694915254237288,0
0.3943430430761816,0
0.6257615337169886,0
0.08803050397877983,0
0.26857142857142857,0
0.09714285714285714,0
0.056678095820737594,0
0.31112864501130816,0
0.6251136389283785,0
0.20232138352302648,0
0.1138211382113821,0
0.13191494452295172,0
0.05280236074686619,0
0.11462229121933352,0
0.3537457912460397,0
0.11428571428571428,0
0.22177508090946205,0
0.37431077690244635,0
0.21886051951917196,0
0.19662080717800362,0
0.22596153846153844,0
0.3384756269370899,0
0.08310991957104558,0
0.11666666666666667,0
0.26436781609195403,0
0.6029560284681063,0
0.41816923260753797,0
0.10975609756097561,0
0.09142857142857143,0
0.4830229947144788,0
0.08487696297102237,0
0.49942121419091506,0
0.14583333333333334,0
0.37862947499612754,0
0.39271252833393133,0
0.14695853022048846,0
0.6187837453822108,0
0.49232304959954637,0
0.3963491893439793,0
0.18949633182535155,0
0.1274814213401127,0
0.2886657101865136,0
0.42187657114127697,0
0.16451734137752258,0
0.1935483870967742,0
0.2719583638048195,0
0.17339735791423547,0
0.1059133215395184,0
0.22262672491505442,0
0.2711864406779661,0
0.3295698606639173,0
0.3275862068965517,0
0.14503173009001827,0
0.26857142857142857,0
0.09714285714285714,0
0.18478260869565216,0
0.09142857142857143,0
0.21268656716417914,0
0.0944700460829493,0
0.3275862068965517,0
0.125,0
0.06,0
0.3846610658908651,0
0.055900621118012424,0
0.36666666666666664,0
0.5,0
0.2494637077203,0
0.1078143028165791,0
0.4226004878589084,0
0.09714285714285714,0
0.04608294930875576,0
0.6368587256361994,0
0.08968334297281665,0
0.06847379527021542,0
0.024844720496894408,0
0.21875,0
0.63911547953005,0
0.07427793926649762,0
0.5655821927614787,0
0.25,0
0.05643964916579252,0
0.18,0
0.20430107526881722,0
0.12849246672751335,0
0.20202020202020202,0
0.21649484536082475,0
0.288135593220339,0
0.1335009493265047,0
0.18941655609612265,0
0.6157911294477094,0
0.2830799220271101,0
0.4135699995743413,0
0.053763440860215055,0
0.47415467966662517,0
0.4984911896989779,0
0.203125,0
0.15625,0
0.3326278659611993,0
0.09142857142857143,0
0.07408769508311842,0
0.06406759026501786,0
0.23798962778784644,0
0.22208056476329036,0
0.5749766301745485,0
0.17239025442454597,0
0.3229166666666667,0
0.39681350125552334,0
0.1559594593813742,0
0.22413793103448276,0
0.23728813559322035,0
0.20833333333333334,0
0.4330647379960252,0
0.1247653595900356,0
0.12697696558283994,0
0.17317609781373178,0
0.17525773195876287,0
0.10309278350515463,0
0.392924177206065,0
0.11428571428571428,0
0.13370473537604458,0
0.42855611768385643,0
0.5091926596797165,0
0.15053763440860216,0
0.14328225855571744,0
0.5763044197142012,0
0.09209240798540562,0
0.07127694883937628,0
0.40750137691958793,0
0.08717584498834498,0
0.28865979381443296,0
0.28102687951852157,0
0.5885184206400216,0
0.1747884425857063,0
0.21877675840978597,0
0.34348189997907513,0
0.1935483870967742,0
0.09662803296450735,0
0.057532139241526926,0
0.09714285714285714,0
0.08399367617044962,0
0.09714285714285714,0
0.4195839675298525,0
0.3202264191552327,0
0.5571428571428572,0
0.2505474439973674,0
0.11379421910505572,0
0.5378071701066733,0
0.5284964334176486,0
0.4146107584363515,0
0.22933123214813358,0
0.1627856777088981,0
0.2620410322227999,0
0.14667148445305808,0
0.42935412026936753,0
0.09662803296450735,0
0.19791666666666666,0
0.09714285714285714,0
0.07132658848905989,0
0.14801914909686678,0
0.6069736650380742,0
0.09714285714285713,0
0.5283392324888226,0
0.23417977518685307,0
0.7815044858523119,0
0.13114754098360656,0
0.07349227107291624,0
0.38136833431529166,0
0.23816927978100794,0
0.06557377049180328,0
0.21348353306982465,0
0.875,1
1.0,1
0.7023488640739315,1
1.0,1
0.8583333333333333,1
0.8163265306122449,1
0.7006802721088435,1
0,1
0.7586206896551724,1
0.8893171002303977,1
0.9866666666666667,1
0.9117900656044986,1
0.8192622950819672,1
1.0,1
0.7910447761194029,1
0.8153846153846153,1
0.676923076923077,1
0.9253731343283582,1
1.0,1
1.0,1
1.0,1
1.0,1
1.0,1
1.0,1
1.0,1
1.0,1
1.0,1
1.0,1
1.0,1
0.8240949596211931,1
1.0,1
1.0,1
0.9403225806451613,1
1.0,1
0.8160919540229885,1
0.9466868324038189,1
0.7790697674418605,1
0.7701149425287356,1
0.9540229885057471,1
0.813953488372093,1
1.0,1
1.0,1
0.7924528301886793,1
0.7529006268088015,1
0.858549005929543,1
0.6612120457939274,1
0.7886349206349206,1
0.8492102928127773,1
0.7699190253024287,1
0.8571983875611864,1
0.8494623655913979,1
0.7023488640739315,1
0.9019607843137255,1
0.9423076923076923,1
0.9423076923076923,1
0.8490566037735849,1
0.846153846153846,1
0.846153846153846,1
0.9433962264150944,1
1.0,1
0.9056603773584906,1
0.9056603773584906,1
1.0,1
1.0,1
1.0,1
1.0,1
1.0,1
1.0,1
1.0,1
1.0,1
1.0,1
1.0,1
1.0,1
0.9169254658385093,1
0.8309859154929577,1
0.7307692307692307,1
0.8536209553158706,1
1.0000000000030294,1
0.8278510130092532,1
1.0000000000010187,1
0.797872561444305,1
0.9038461538461539,1
0.6170212765957447,1
0.6538461538461539,1
0.8461538461543482,1
1.0,1
1.0,1
0.9003576903423607,1
0.8723316157526685,1
0.9233882947118242,1
0.9711556240365663,1
0.9546604215456675,1
1.0,1
1.0,1
0.773250254019509,1
0.8167420814478212,1
0.7523209549065912,1
0.9600667577225913,1
0.9175753419666398,1
0.9492642679125417,1
0.8978927699880106,1
0.959716873114121,1
0.9006560653367983,1
0.8463241191652789,1
0.9509861923963425,1
0.9139983591988151,1
0.8657088979670917,1
0.924947374963818,1
0.9405598012915855,1
0.877852377289555,1
0.8701707543467422,1
0.9132357347585732,1
0.9597325870905216,1
0.8998156725089401,1
0.9399624001235751,1
0.9453736593516817,1
1.000000000001999,1
1.000000000001999,1
0.9453736593516817,1
0.7938656280428432,1
0.7318651365043612,1
0.7227482630392837,1
0.7688696714940471,1
0.7842922484352433,1
0.8930447330452544,1
0.9453736593571601,1
0.9453736593571601,1
1.0000000000010036,1
0.734375,1
1.0,1
0.78125,1
0.9384615384615385,1
0.734375,1
0.6603723653145893,1
0.6738765540585331,1
0.6417436279698708,1
0.6740603103816957,1
0.6421516892402248,1
0.641326945686763,1
0.6603723653145893,1
0.7050920652983244,1
0.6848237225182293,1
0.48849763807783375,1
0.5539502132225597,1
0.7230769230769231,1
0.945497391649384,1
0.9273273273288961,1
0.8213239428900281,1
0.8989262371610252,1
0.8250993072024074,1
0.9014681628786291,1
0.9242308093446931,1
0.8989262371610252,1
0.9005393617500025,1
0.8979188979484579,1
0.6996981663033084,1
0.6649787635592797,1
0.91781376518245,1
0.9468406988522797,1
0.8529672106224042,1
0.8212475508997022,1
0.8213239428774283,1
0.6514463209443161,1
0.68031903076957,1
0.621955885994604,1
0.7932016897479718,1
0.8486142346181855,1
0.9261011221589799,1
0.8989744124595973,1
0.8989262371610252,1
0.8508090426269164,1
0.8979188979474907,1
0.6996981663033147,1
0.6649787635305718,1
0.9192570869995899,1
0.8250247855516676,1
0.8250993071903091,1
0.6655481210235126,1
0.6947148313829361,1
0.6133626450195009,1
0.7983881317180902,1
0.734375,1
0.9215686274509803,1
0.7846153846153846,1
1.0,1
0.9015129015126707,1
0.901468162878629,1
0.8756742021890717,1
0.9234391734627453,1
0.6912615748227434,1
0.6777697169243464,1
0.9253731343283582,1
0.9264705882352942,1
0.9402985074626866,1
0.9253731343283582,1
0.9402985074626866,1
0.9253731343283582,1
1.0,1
0.9253731343283582,1
0.9264705882352942,1
0.9402985074626866,1
0.9253731343283582,1
0.9402985074626866,1
0.9253731343283582,1
0.9454973916503884,1
1.0,1
0.9242308093446931,1
0.850809042626493,1
0.8979188979468709,1
0.726444689642791,1
0.7021080689384046,1
0.8756742021935014,1
0.9234391734655562,1
0.7345565541029072,1
0.7634297659088171,1
0.9044117647058824,1
1.0,1
0.9044117647058824,1
0.9418604651162792,1
1.0,1
0.9418604651162792,1
0.9290577082445477,1
0.9044117647058824,1
1.0,1
0.9418604651162792,1
1.0,1
0.906720381691021,1
0.6531472392389653,1
0.5758491329305936,1
0.9264705882352942,1
0.9384615384615385,1
0.9384615384615385,1
0.9393939393939394,1
0.9538461538461539,1
0.9253731343283582,1
1.0,1
0.9264705882352942,1
0.9384615384615385,1
0.9384615384615385,1
0.9393939393939394,1
0.9538461538461539,1
0.9264705882352942,1
0.9117647058823529,1
0.9117647058823529,1
0.9117647058823529,1
0.9264705882352942,1
0.9264705882352942,1
1.0,1
0.9264705882352942,1
0.9117647058823529,1
0.9117647058823529,1
0.9117647058823529,1
0.9384615384615385,1
0.9393939393939394,1
0.9538461538461539,1
0.9402985074626866,1
0.9384615384615385,1
0.9264705882352942,1
1.0,1
0.9384615384615385,1
0.9393939393939394,1
0.9538461538461539,1
0.6758277429535325,1
0.6025884099447119,1
1.000000000001999,1
0.9453736593516817,1
0.9545454545454546,1
0.9384615384615385,1
0.9253731343283582,1
0.9384615384615385,1
0.9117647058823529,1
0.9384615384615385,1
1.0,1
0.9545454545454546,1
0.9384615384615385,1
0.9393939393939394,1
0.9402985074626866,1
0.9393939393939394,1
0.9117647058823529,1
0.9393939393939394,1
0.9545454545454546,1
1.0,1
0.9393939393939394,1
0.9253731343283582,1
0.9538461538461539,1
0.9117647058823529,1
0.9538461538461539,1
0.9384615384615385,1
0.9393939393939394,1
1.0,1
1.0,1
0.6621621621621622,1
0.8096896022660234,1
0.6853755596086885,1
1.0,1
0.6621621621621622,1
0.9016393442622951,1
0.6721311475409837,1
0.6621621621621622,1
1.0,1
0.8108108108108109,1
1.0,1
0.8108108108108109,1
0.9583714714608097,1
0.9159600820890353,1
0.9586291073949406,1
0.9146088626247931,1
0.9488473476225534,1
0.9222207651876343,1
0.9582702061958503,1
0.8108108108108109,1
1.0,1
0.864842826252443,1
0.8997984166456912,1
0.7211561743734877,1
0.8170731707317073,1
0.9489781085559965,1
0.8753246753247581,1
0.8390804597701148,1
0.9189189189189189,1
0.8135593220338984,1
0.8753246753247581,1
0.8096896022660924,1
0.9016393442622951,1
0.6853755596086885,1
0.6721311475409837,1
0.9272291466961328,1
0.9337349397611833,1
0.6865671641791045,1
0.949302266042143,1
0.9017020704525223,1
0.8547751579207523,1
1.0,1
0.9381359381359381,1
0.8832856020475649,1
1.0000000000005058,1
0.8976034858387799,1
0.9058823529411765,1
1.0000000000012177,1
1.0,1
0.78125,1
0.9384615384615385,1
0.734375,1
0.7230769230769231,1
0.9215686274509803,1
0.7846153846153846,1
0.9253731343283582,1
0.9264705882352942,1
0.9402985074626866,1
0.9253731343283582,1
0.9402985074626866,1
0.9253731343283582,1
0.9044117647058824,1
0.9418604651162792,1
0.9264705882352942,1
0.9384615384615385,1
0.9384615384615385,1
0.9393939393939394,1
0.9538461538461539,1
0.9264705882352942,1
0.9117647058823529,1
0.9117647058823529,1
0.9117647058823529,1
0.9384615384615385,1
0.9393939393939394,1
0.9538461538461539,1
0.9545454545454546,1
0.9384615384615385,1
0.9393939393939394,1
0.6621621621621622,1
0.8108108108108109,1
0.8390804597701148,1
0.3448275862068966,0
0,0
0.26436781609195403,0
0.2830188679245283,0
0.06060606060606061,0
0.22641509433962265,0
0.7121212121212122,0
0.049334811529783626,0
0,0
0.6615384615384615,0
0.1796875,0
0.1796875,0
0.12727272727272726,0
0.1576923076923077,0
0.012875536480686695,0
0,0
0.7846153846153846,0
0,0
0.17851419615836253,0
0.2537313432835821,0
0.3137254901960784,0
0.3125,0
0.12264288017684928,0
0.21026569638784418,0
0.18534389236056106,0
0.484375,0
0,0
0.2716049382716049,0
0.1075430172063931,0
0,0
0.2608695652173913,0
0.10833333333333334,0
0.6923076923076923,0
0.21305151706077882,0
0,0
0.18072289156626506,0
0.25217391304347825,0
0.15748031496062992,0
0.46938775510204084,0
0.3488372093023256,0
0,0
0.15816326530612246,0
0.44444444444444436,0
0.3203125,0
0,0
0.3090909090909091,0
0.13519607843089268,0
0.2777777777777778,0
0.1896551724137931,0
0.17567567567567569,0
0.22535211267605637,0
0.011538461538461539,0
0.5327102803738317,0
0.3091736074048581,0
0.06153846153846154,0
0.2671692638975407,0
0.7384615384615385,0
0.2,0
0.2879581151832461,0
0.12931900951549088,0
0,0
0.2124610926263819,0
0.27647475937906246,0
0.2,0
0.22352941176470592,0
0.2978723404255319,0
0.0963855421686747,0
0.2619047619047619,0
0.46167468531688255,0
0.15053763440860216,0
0.18181818181818185,0
0.18458760799756005,0
0.25287356321839083,0
0.20713668078299763,0
0,0
0.0729190862994707,0
0.10961968680036896,0
0,0
0,0
0,0
0.2009923099785551,0
0.1404494382022472,0
0.19281274034536267,0
0.28783033950904063,0
0.2727272727272727,0
0.45588235294117646,0
0.3137254901960784,0
0.32142857142857145,0
0.15384615384615385,0
0,0
0.1793478260869565,0
0,0
0,0
0.20721503697311933,0
0,0
0,0
0.24096385542168675,0
0.16216216216216217,0
0.22839506172839508,0
0.21818181818181817,0
0.17142857142857143,0
0.6216216216216216,0
0.265625,0
0,0
0.35384615384615387,0
0,0
0.017957802277409278,0
0.25,0
0,0
0.18776785044950417,0
0.9076923076923077,0
0.2976190476190476,0
0,0
0.2879581151832461,0
0.2631578947368421,0
0.2987012987012987,0
0.12365591397849462,0
0.4648981678469727,0
0.15748031496062992,0
0.3382352941176471,0
0.2,0
0,0
0.2909090909090909,0
0.20560747663551399,0
0.6119402985074627,0
0.3411764705882353,0
0,0
0.38235294117647056,0
0.36470588235294116,0
0,0
0.7377049180327869,0
0.3728813559322034,0
0.27102803738317754,0
0.18691588785046725,0
0.4,0
0.2835820895522388,0
0.21839080459770113,0
0.1358695652173913,0
0.2676056338028169,0
0,0
0.35294117647058826,0
0.1168831168831169,0
0.24742268041237114,0
0.2124610926263819,0
0.16981132075471697,0
0.29850746268656714,0
0.8484848484848485,0
0.07692307692307693,0
0.5737675388699075,0
0.17647058823529413,0
0.24675324675324675,0
0.23529411764705882,0
0.08602150537634409,0
0.325,0
0.5632183908045977,0
0.6027397260273972,0
0,0
0.6697308176189753,0
0.2298850574712644,0
0.3977846153836884,0
0.26865671641791045,0
0.5164835164835165,0
0.06584745757130551,0
0.038461538461538464,0
0.11382113821138212,0
0.2597402597402597,0
0.3116883116883117,0
0.3384615384615385,0
0.6615384615384615,0
0.44539069958199995,0
0.17687074829931973,0
0.15517241379310345,0
0.18333333333333332,0
0.28846153846153844,0
0.21568627450980393,0
0,0
0.4153846153846154,0
0.040214477211796246,0
0.2033898305084746,0
0.5588235294117647,0
0.3088235294117647,0
0.23732660781810624,0
0.5342465753424658,0
0.15294117647058825,0
0.9132969034607763,0
0.11602209944751381,0
0.4324324324324325,0
0.17587163483350418,0
0.7424242424242424,0
0.11971830985915492,0
0.23529411764705882,0
0,0
0.21839080459770116,0
0.26153846153846155,0
0.21495327102803738,0
0.22352941176470587,0
0,0
0.19767441860465115,0
0.23529411764705882,0
0.21428571428571427,0
0.0176678445229682,0
0,0
0.71875,0
0.06756756756756757,0
0.8275862068965516,0
0.18604651162790697,0
0.14659685863874344,0
0.46153846153846156,0
0,0
0.12173913043478263,0
0.5497091142936419,0
0.5327102803738317,0
0.5233644859813084,0
0.12064343163538874,0
0.4431915681915682,0
0.7596421683090987,0
0.02120141342756184,0
0.21686746987951808,0
0.25203252032520324,0
0,0
0.17615633163537142,0
0,0
0.19852941176470587,0
0.232021162123273,0
0.367816091954023,0
0.007380073800738007,0
0.11153846153846153,0
0.40229885057471265,0
0.40084949338169934,0
0.2886986301072057,0
0.2035951231834922,0
0.21153846153846154,0
0,0
0.21875,0
0.12643678160919541,0
0.18823529411764706,0
0.1267605633802817,0
0.15879828326180256,0
0.0906603255898224,0
0.23720492120234876,0
0.4666666666666667,0
0.15714285714285714,0
0.17525773195876287,0
0.1703086975641843,0
0.140625,0
0.07582938388625593,0
0.6317453354960681,0
0.2032520325203252,0
0.2625182031922012,0
0.21176470588235294,0
0.17647058823529413,0
0.08854166666666667,0
0.3176470588235294,0
0.14705882352941177,0
0.3936893202694292,0
0.2153846153846154,0
0.18450249193699883,0
0,0
0,0
0.625,0
0.20238095238095238,0
0.8235294117647058,0
0.23333333333333334,0
0.16216216216216217,0
0.2096521864600213,0
0,0
0.15833333333333333,0
0.20505966895550926,0
0.22641509433962265,0
0.2,0
0.3283582089552239,0
0.1780821917808219,0
0.27631578947368424,0
0.11290322580645161,0
0,0
0.22988505747126436,0
0.3132530120481928,0
0.2112676056338028,0
0.5849056603773585,0
0.0036900369003690036,0
0,0
0.26865671641791045,0
0.2154696132596685,0
0.5804687798488573,0
0.18382352941176472,0
0.25984251968503935,0
0.18604651162790697,0
0.1886792452830189,0
0.8805970149253731,0
0.5172413793103449,0
0.16470588235294117,0
0.20270270270270271,0
0.0176678445229682,0
0.2537313432835821,0
0.7647058823529411,0
0.25,0
0.2265625,0
0.19305032471572064,0
0.19230769230769232,0
0.16557082305212664,0
0.2328767123287671,0
0.29411764705882354,0
0.1498703237114956,0
0.08196721311475409,0
0.4725274725274725,0
0,0
0.014760147601476016,0
0,0
0.18731697955650076,0
0.2601626016260163,0
0.1591085646206021,0
0,0
0,0
0.2282608695652174,0
0.35,0
0.2413793103448276,0
0.1686746987951807,0
0.25,0
0,0
0.16883116883116883,0
0.06542056074766354,0
0.1744186046511628,0
0.18268404666306998,0
0.34889518650162205,0
0.09375,0
0.453125,0
0.11864406779661017,0
0.09230769230769231,0
0.4953271028037383,0
0.18072289156626506,0
0,0
0.6153846153846154,0
0,0
0.14634146341463414,0
0.10869565217391304,0
0.23854166665704035,0
0.11842105263157894,0
0.40625,0
0.265625,0
0.5824175824175825,0
0.11358019070194957,0
0.22762345678928853,0
0.21088435374149658,0
0.22880993643121966,0
0.8604717445005992,0
0.26153846153846155,0
0,0
0.19230769230769232,0
0.1728395061728395,0
0.22727272727272727,0
0.025830258302583023,0
0.1262135922330097,0
0.2154313547022408,0
0,0
0.3090909090909091,0
0.16326530612244897,0
0.25,0
0.19607843137254902,0
0.0989399293286219,0
0.2682926829268293,0
0.27692307692307694,0
0.2047244094488189,0
0.2987012987012987,0
0.6290322580645161,0
0.1211918068734672,0
0.07272727272727272,0
0.13259668508287292,0
0.13440860215053763,0
0.35,0
0.6151263429750079,0
0.2852570986905512,0
0.3684210526315789,0
0.48777895855472897,1
0.8617039295393908,1
0.931189368770764,1
0.9619047619047619,1
0.9717302735511765,1
0.9619489821918972,1
0.9619047619047619,1
0.9623070314015687,1
0.944050605300469,1
0.9403322259136213,1
0.9311904761904762,1
0.9311882510013351,1
0.9403322259136213,1
0.9403439153439153,1
0.9495194206714944,1
0.9623070314015687,1
0.9714617366439229,1
0.9619047619047619,1
0.9623070314015687,1
0.962700403533646,1
0.9623503202450571,1
0.9623070314015687,1
0.9716981132075472,1
0.9533230209775029,1
0.9714617366439229,1
0.9623503202450571,1
0.9441141823959676,1
0.9717302735511765,1
0.9533755044170574,1
0.9533230209775029,1
1.0000000000092957,1
0.8973817567554858,1
0.7312049433573635,1
0.6610169491525424,1
0.6864406779661016,1
1.000000000030845,1
0.8442666666956787,1
0.6898098808816137,1
0.7036945814453586,1
0.8223135028710044,1
0.6668691844567822,1
0.7163895267975471,1
0.8212927905710721,1
0.8286028334981481,1
1.000000000764867,1
0.7291816223980766,1
0.721537345903196,1
0.7457189772464493,1
0.7202976190479911,1
0.7467142857146601,1
0.7273345701921602,1
0.8959752321983725,1
0.8572510822514051,1
0.8510884629686133,1
0.8510884629686133,1
0.8297465285175092,1
0.8689165442344664,1
0.8632810095415832,1
0.8974607571562768,1
0.8103818373160174,1
0.9008071025023552,1
0.8677428033363448,1
0.8073737759571504,1
0.8620017476641959,1
0.8088532843972452,1
0.839050442311798,1
0.15420235369135885,1
0.9187063547167129,1
0.5851092494613309,1
0.5806588047969631,1
0.6067810102766845,1
0.595740250833073,1
0.59685969037844,1
0.6127530652981511,1
0.6014618613405143,1
0.5961458240222073,1
0.897059450245183,1
0.8672693032016993,1
0.8620286348054141,1
0.8620286348054141,1
0.8401190476192956,1
0.9004519774013322,1
0.8332586953279542,1
0.8679290179473574,1
0.8627459336601726,1
0.8970594502451831,1
0.8090556900728704,1
0.8679290179473574,1
0.8156784594718516,1
0.9004519774013322,1
0.8672693032016993,1
0.8393832943015772,1
0.8999736842106523,1
0.814017017465587,1
0.9629629629629629,1
0.8620286348054141,1
0.8081428571430904,1
0.8672693032016993,1
0.8148341200916187,1
0.8720952380954876,1
0.8672693032016993,1
0.8456951000763996,1
0.8393832943015772,1
0.8754839030704002,1
0.832555894235834,1
0.746400142857916,1
0.7903070857556054,1
0.8795873710534542,1
0.9154838315635505,1
0.8626350071220147,1
0.7884192925687459,1
1.0,1
0.9444823909381713,1
0.90311004784689,1
0.9314484818317571,1
0.9666666666666667,1
0.9587126607625771,1
0.9666954016946658,1
0.9666666666666667,1
0.9587126607625771,1
0.9509017628139885,1
0.9475360876057739,1
0.3920483838984732,1
0.939484206317473,1
0.9475360876057739,1
0.3920483838984732,1
0.9314505776636715,1
0.4013335810573687,1
0.9750215512709993,1
0.9666666666666667,1
0.4013335810573687,1
0.9590848023449905,1
0.9669983416252073,1
0.9669701286100617,1
0.9669421487603306,1
0.950860548561698,1
0.9750215512709993,1
0.9669983416252073,1
0.950943319093269,1
0.9587126607625771,1
0.9509017628139885,1
0.950860548561698,1
0.8762315302255832,1
0.9279123414071511,1
0.9105010601495369,1
0.9191151446398185,1
0.9368988974900304,1
0.9279123414071511,1
0.9191151446398185,1
0.9619805481874446,1
0.9615773508594541,1
0.9709038737446197,1
0.9611650485436893,1
0.9615773508594541,1
0.9524280921740087,1
0.9430284857571214,1
0.9524756852343059,1
0.9524280921740087,1
0.9616166177466697,1
0.9711830131445905,1
0.9711538461538461,1
0.9709038737446197,1
0.9616166177466697,1
0.9615773508594541,1
0.8402457757296468,1
0.8573059360730594,1
0.8402140672782875,1
0.8232060185185185,1
0.8317012288786482,1
0.8402140672782875,1
0.9608675153229608,1
0.9604387700053947,1
0.9700330922907219,1
0.96,1
0.9604387700053947,1
0.951032136992728,1
0.94136460554371,1
0.951084394153701,1
0.951032136992728,1
0.9604819277108433,1
0.970329077504046,1
0.9702970297029703,1
0.9700330922907219,1
0.9604819277108433,1
0.9604387700053947,1
0.8993335265140538,1
0.9184505021520804,1
0.899365628604383,1
0.8803145020384391,1
0.8898290350623008,1
0.899365628604383,1
0.9596875787351977,1
0.9592307692307691,1
0.9691086771168099,1
0.9587628865979382,1
0.9592307692307691,1
0.9495519207871154,1
0.9396011396011397,1
0.9496094734189972,1
0.9495519207871154,1
0.9592783505154638,1
0.9694230769230769,1
0.9693877551020408,1
0.9691086771168099,1
0.9592783505154638,1
0.9592307692307691,1
0.8963724155008048,1
0.9160436327981372,1
0.8964030549396403,1
0.8768043802887008,1
0.8865915562708927,1
0.8964030549396403,1
0.958434547908232,1
0.9579468150896722,1
0.9681255277230509,1
0.9574468085106383,1
0.9579468150896722,1
0.9479795945764532,1
0.9377289377289377,1
0.9480431848852902,1
0.9479795945764532,1
0.9579994473611494,1
0.9684601113172542,1
0.968421052631579,1
0.9681255277230509,1
0.9579994473611494,1
0.9579468150896722,1
0.9687740516767455,1
0.9687982927367724,1
0.9765625,1
0.961269635394149,1
0.9765805387575591,1
0.9687740516767455,1
0.9539150842756561,1
0.9763964501454248,1
0.9765805387575591,1
0.9612991898148149,1
0.968503937007874,1
0.968503937007874,1
0.9616249598400743,1
0.9687982927367724,1
0.95359477124183,1
0.9685286001938996,1
0.9763964501454248,1
0.9539850917431193,1
0.961269635394149,1
0.9687740516767455,1
0.9687740516767455,1
0.9615959035630467,1
0.9535590277777778,1
0.9690393518518519,1
0.9692536573270518,1
0.968503937007874,1
0.9539499518080892,1
0.9616249598400743,1
0.9211713142353969,1
0.9155815282987901,1
0.9167593622548527,1
0.9161759178052837,1
0.9206119162645905,1
0.9211713142353969,1
0.910631499812551,1
0.9514495810986747,1
0.910631499812551,1
0.9211713142353969,1
0.9206119162645905,1
0.9161759178052837,1
0.9167593622548527,1
0.9155815282987901,1
0.9211713142353969,1
0.9770114942533695,1
0.977388632872997,1
0.9772019434413817,1
0.9828039395767713,1
0.9770114942533695,1
0.9772019434413817,1
0.9553790830091766,1
0.9772019434413817,1
0.9770114942533695,1
0.9828039395767713,1
0.9772019434413817,1
0.977388632872997,1
0.9770114942533695,1
1.0000000000004958,1
0.9660829493092489,1
0.9772019434413817,1
0.9770719194355293,1
0.9770114942533695,1
0.9829014575811598,1
0.9498351813010556,1
0.9829014575811598,1
0.9770114942533695,1
0.9770719194355293,1
0.9772019434413817,1
0.9660829493092489,1
1.0000000000004958,1
0.9770114942533695,1
0.9716631437066463,1
0.9661706257514883,1
0.971735791091123,1
0.9716631437066463,1
0.9609035103407898,1
0.9716631437066463,1
0.971735791091123,1
0.9661706257514883,1
0.9716631437066463,1
1.0000000000004903,1
0.9660829493092489,1
0.977388632872997,1
0.9772613693158382,1
0.9829014575811598,1
0.9828571428576359,1
0.9553550083676855,1
0.9828571428576359,1
0.9829014575811598,1
0.9772613693158382,1
1.0000000000004932,1
0.9716631437066463,1
0.9772019434413817,1
0.9772019434413817,1
0.9828039395767713,1
0.9772613693158382,1
0.949873782907087,1
0.9772613693158382,1
0.9828039395767713,1
1.0000000000004987,1
0.9772613693158382,1
0.9661706257514883,1
0.9770719194355293,1
0.9828039395767713,1
0.9772019434413817,1
0.9553790830091766,1
0.9772019434413817,1
1.0000000000004958,1
0.9828039395767713,1
0.9829014575811598,1
0.971735791091123,1
0.9770114942533695,1
0.9770114942533695,1
0.9497967965579794,1
1.0000000000004932,1
0.9772019434413817,1
0.9772613693158382,1
0.9828571428576359,1
0.9716631437066463,1
0.9829014575811598,1
0.9772019434413817,1
0.9497967965579794,1
0.9553790830091766,1
0.949873782907087,1
0.9553550083676855,1
0.9609035103407898,1
0.9498351813010556,1
0.9553790830091766,1
0.9772019434413817,1
0.9772613693158382,1
0.9828571428576359,1
0.9716631437066463,1
0.9829014575811598,1
0.9772019434413817,1
0.9828039395767713,1
0.9829014575811598,1
0.971735791091123,1
0.9770114942533695,1
0.9770114942533695,1
0.9772613693158382,1
0.9661706257514883,1
0.9770719194355293,1
0.9828039395767713,1
0.9716631437066463,1
0.9772019434413817,1
0.9772019434413817,1
0.9660829493092489,1
0.977388632872997,1
0.9770114942533695,1
0.9543818466365716,1
0.9473995271879736,1
0.9473890851994805,1
0.9543818466365716,1
0.9614035087731295,1
0.9473890851994805,1
0.9408791208802999,1
0.9543776992552325,1
0.967845071709144,1
0.9677932948187236,1
0.9758064516129032,1
0.9600624721106649,1
0.9758449711140427,1
0.9296530241412132,1
0.9677932948187236,1
0.9756493506493507,1
0.967845071709144,1
0.9522267206477733,1
0.9675324675324676,1
0.9296180010465724,1
0.9756493506493507,1
0.9758449711140427,1
0.9601254480286738,1
0.967479674796748,1
0.9374104156712852,1
0.967479674796748,1
0.9600624721106649,1
0.9677932948187236,1
0.9374405122436619,1
0.9677932948187236,1
0.9521505376344086,1
0.9452704158586512,1
0.9681003584229392,1
0.9296355818094948,1
0.967479674796748,1
0.9374104156712852,1
1.0,1
0.05218024227735132,0
0.035533261706710756,0
0.23466354474117754,0
0.23444238642268053,0
0.31638447547210186,0
0.5560926158711538,0
0.39766334381718993,0
0.08547277426545428,0
0.1874084979414473,0
0.53440893901418,0
0.27441975222567383,0
0.15127417044741862,0
0.060081126503942456,0
0.7760605511240029,0
0.23871603202228017,0
0.19486825340246708,0
0.2777177645312322,0
0.16666666666666666,0
0.143278360795185,0
0.0,0
0.0664013097295044,0
0.004784688995215311,0
0.038139832156949924,0
0.27797519754170325,0
0.1434390435208238,0
0.2683181212506395,0
0.21871161457619934,0
0.29016161890533754,0
0.5352150513561935,0
0.2160997003756264,0
0.1802389370393396,0
0.526485009243974,0
0.09750741145112216,0
0.896493144035918,0
0.120691355701036,0
0.2583017917190934,0
0.24087537410790844,0
0.18946867601171205,0
0.022407613397602274,0
0.1492196672684174,0
1.0,0
0.15479281274914805,0
0.03604531410916581,0
0.4429851236251528,0
0.015189873417721518,0
0.07407407407407407,0
0.2399886633889074,0
0.01968503937007874,0
0.36762111439761835,0
0.04844290657439446,0
0.5376042228489861,0
0.914572864321608,0
0.13717052444301195,0
0.08594277042350298,0
0.17277281107593834,0
0.6360209767289414,0
0.6951740251369642,0
0.28084560734703773,0
0.015189873417721518,0
0.2693730560656934,0
0.03237172428980401,0
0.05972209514559116,0
0.0759903381626126,0
0.3383195706028076,0
0.2344899551627768,0
0.007874015748031496,0
0.0964800543153529,0
0.1895154181595416,0
0.2745014286049313,0
0.0,0
0.34972935177609926,0
0.14513145301770342,0
0.9054320987654321,0
0.15782098440950987,0
0.2977567177884849,0
0.1257737897418644,0
0.027559055118110236,0
0.9023265961493857,0
0.016455696202531647,0
0.08192090395480225,0
0.34145794550685393,0
0.8956521741638935,0
0.045114213059081164,0
0.8991038415742308,0
0.16199101676596786,0
0.2144668156901443,0
0.6529292929292929,0
0.2892216685669243,0
0.16018596787719477,0
0.2083670359687778,0
0.21038025701672025,0
0.24022593741520404,0
0.5666544622428035,0
0.007594936708860759,0
0.0,0
0.17820696095034705,0
0.029411764705882353,0
0.896493144035918,0
0.1670639131102676,0
0.15284917827155028,0
0.07289759580187143,0
0.8958405799593225,0
0.14658023838558581,0
0.2451630198751117,0
0.6334593279138403,0
0.007874015748031496,0
0.1386802665616244,0
0.013991684904993787,0
0.66271050521251,0
0.172152879387843,0
0.1879073058001593,0
0.14658023838558581,0
0.33878968253968256,0
0.21615244999720257,0
0.28870555400911263,0
0.1870254966329882,0
0.8768413426708525,0
0.5518677817601949,0
0.20451200179445114,0
0.6430476190476191,0
0.6589639208173691,0
0.05250247473094824,0
0.6431601731601733,0
0.024390243902439025,0
0.15317130760462466,0
0.1440329218106996,0
0.16089598271530176,0
0.061102594672206925,0
0.16303613625109226,0
0.12542302794458063,0
0.20612604958509784,0
0.01139240506329114,0
0.5794117647058655,0
0.5357544492243757,0
0.12053823101399169,0
0.14511433305084098,0
0.5634141320570053,0
0.18312803194599012,0
0.23387556878984184,0
0.19429386251490688,0
0.11486598429918089,0
0.21491100075903374,0
0.1224489795918081,0
0.20803473248985996,0
0.5696992864424058,0
0.04452583998545623,0
0.1578524056205597,0
0.5413894386187774,0
0.07297031994312889,0
0.5599650904474179,0
0.11989503262821932,0
0.17319012440461362,0
0.23540428363828034,0
0.0,0
0.20692976538151564,0
0.1216489668850895,0
0.05420054200542006,0
0.8962419537149658,0
0.8835164835164835,0
0.08459208806539742,0
0.07423823989687746,0
0.1022161597647392,0
0.2599953128661608,0
0.08521711933314637,0
0.2665040656335893,0
0.2344899551627768,0
0.046343975283213185,0
0.035015447991761074,0
0.2553355081899902,0
0.1486693349833305,0
0.15655430711610485,0
0.23188444523507182,0
0.007874015748031496,0
0.11817631919101132,0
0.15357546181593884,0
0.03541076804112565,0
0.11708661385443754,0
0.5562334424185169,0
0.28216222665741064,0
0.6692710497880474,0
0.4211421320987537,0
0.6432098765434971,0
0.3367194110678626,0
0.15903752771644283,0
0.24340096300255903,0
0.21960323365114162,0
0.1826000474494387,0
0.5681793027116185,0
0.5566938717067026,0
0.28679481139244356,0
0.16666666666666666,0
0.1440329218106996,0
0.011811023622047244,0
0.2687165775388539,0
0.16666666666666666,0
0.23488162071377222,0
0.1380286168521261,0
0.28272910885204744,0
0.07177088594821818,0
0.14407407407404402,0
0.01139240506329114,0
0.8639455782312926,0
0.09713233698041722,0
0.11733549351944167,0
0.041832020997375326,0
0.8817086527929902,0
0.1116838487972295,0
0.10084784044939867,0
0.03465984388434107,0
0.2685607653490328,0
0.9430284857571214,0
0.2370828247985888,0
0.5212078208766727,0
0.902818270165209,0
0,0
0.12992116126557685,0
0.007874015748031496,0
0.18820157163175413,0
0.01968503937007874,0
0.19814847743694522,0
0.010126582278481013,0
0.15482504524157764,0
0.11792800681398244,0
0.032377557269391434,0
0.4203518886105268,0
0.2317330195265276,0
0.22208472400510545,0
0.3528767056051831,0
0.29114912842193014,0
0.9078078080603528,0
0.23433063088939743,0
0.4373289041645965,0
0.007874015748031496,0
0.2728454896975475,0
0.005980861244019139,0
0.25382475378209335,0
0.2808469015495674,0
0.914572864321608,0
0.1373344550571838,0
0.554799466289871,0
0.9073260313504296,0
0.8904927824788452,0
0.22467670993180647,0
0.13343821510293494,0
0.12097181820505536,0
0.007874015748031496,0
0.052845528455284556,0
0.0,0
0.0657231373848635,0
0.2724675736641759,0
0.5841915357438171,0
0.033084761463640575,0
0.0,0
0.15670411338234436,0
0.1464639086587704,0
0.2644878753700832,0
0.01487778958554729,0
0.26595877693424974,0
0.007874015748031496,0
0.5881846278562938,0
0.2925371917668197,0
0.22616879174254007,0
0.14887273715857643,0
0.19816833574561954,0
0.5518518518517938,0
0.1723344017007059,0
0.9435969603152266,0
0.055612770339855816,0
0.09749404859104034,0
0.16953296007001095,0
0.10774772727645435,0
0.3445764203117144,0
0.3233661293137005,0
0.18136961805429155,0
0.14689265536723164,0
0.14293026997201227,0
0.12513951628530082,0
0.22755505364096243,0
0.15051903114186851,0
0.1739726627842427,0
0.22642355436481826,0
0.013924050632911392,0
0.01968503937007874,0
0.08272698774109456,0
0.2271635035470663,0
0.3750452987211887,0
0.13517370584596414,0
0.5604712976553545,0
0.1363045596482818,0
0.11868868955480641,0
0.053332089093591,0
0.060081126503942456,0
0.03719447396386823,0
0.1020415082593534,0
0.11184534106193013,0
0.03464897101864697,0
0.5837000449034411,0
0.22240096495333353,0
0.16666666666666666,0
0.0,0
0.8814457831325301,0
0.13804248993622384,0
0.35598394133481853,0
0.6236842105263158,0
0.2268035322764711,0
0.14472074826765716,0
0.32223129992737837,0
0.21520021610848664,0
0.14779570097174452,0
0.5791208791208199,0
0.23261858334407476,0
0.358183482639116,0
0.2432732559039026,0
0.0,0
0.0,0
0.025423728813559324,0
0.2091487578778303,0
0.0867208672086721,0
0.5802060970372959,0
0.22406645536089995,0
0.035259982691357175,0
0.24352240884120938,0
0.5462105952127722,0
0.1722250265516778,0
0.2148516480103032,0
0.1973363864180173,0
0.0,0
0.20964638505188962,0
0.4154439363068557,0
0.31328602587373705,0
0.05100956429330499,0
0.07407407407407407,0
0.4439291478971431,0
0.6523944805194805,0
0.9138166894664843,0
0.18300472731465467,0
0.1110498475866935,0
0.2318205126361922,0
0.17219304926448023,0
0.17076073126695415,0
0.3987973967177817,0
0.09620596205962059,0
0.8950530953047895,0
0.46018629819908186,0
0.15815552990867363,0
0.12544100415189546,0
0.3574559714295718,0
0.3637281409297784,0
0.11531248935780894,0
0.5545896482698854,0
0.1805093895034599,0
0.11780053471137139,0
0.1440677966101695,0
0.15485599723000254,0
0.2738353351585269,0
0.08607863974495218,0
0.10980883340797135,0
0.7742058506819813,0
0.5538181818181228,0
0.01393611264590067,0
0.27767409146023536,0
0.5307350192295075,0
0.13368156572334244,0
0.13097641475342697,0
0.6548813982521848,0
0.5527870680044006,0
0.10682886895311429,0
0.03353148963982617,0
0.16666666666666666,0
0.03740549092698037,0
0.11317071382978397,0
0.15566379631948593,0
0.5285085354896452,0
0.6750601967106068,0
0.10382662150699695,0
0.6381798002219756,0
0.27057698460908386,0
0.185922186876854,0
0.12285399397055607,0
0.16666666666666666,0
0.3062884591297632,0
0.16734903288697348,0
0.879193056532958,0
0.5578091684437156,0
0.3409424331541764,0
0.07504660700740831,0
0.3476831773567679,0
0.2839657295736368,0
0.20502447981680363,0
0.8652406417112299,0
0.6523944805194805,0
0.9054320987654321,0
0.31981080247990246,0
0.011764705882352941,0
0.5583458588660921,0
0.42667366052142663,0
0.0423728813559322,0
0.17822359381464326,0
0.11186139149789102,0
0.18435183689176585,0
0.23312045538399545,0
0.07761795897631296,0
0.20680430209160147,0
0.2440534232779378,0
0.20731668401801348,0
0.8543367346938775,0
0.27174291938873446,0
0.29231119163487934,0
0.2141247150899097,0
0.09901254091761544,0
0.2712126771645026,0
0.02422145328719723,0
1.0000000000049425,1
1.0,1
0.8462676605690741,1
0.9999999999999812,1
0.7318181818181818,1
0.8997316607089675,1
0.9372072161864402,1
0.8933592507639042,1
0.9497657729491232,1
0.9049413785793227,1
0.9496855345910516,1
0.8997316607089675,1
0.9999999999998593,1
0.9496855345910516,1
0.8997316607089675,1
0.9372072161864402,1
0.8933592507639042,1
0.9497657729491232,1
0.9496855345910516,1
0.8997316607089675,1
0.9387254901959438,1
0.9387734942876614,1
0.9387734942876614,1
0.9387254901959438,1
0.9470198675496688,1
0.8423000394011032,1
0.8984262735827191,1
0.8930795232165096,1
0.9619047619040269,1
0.9232004759060304,1
0.9999999999992853,1
0.9619047619040269,1
0.902491558073814,1
0.9211576846303188,1
0.7118083834319854,1
0.974683544303695,1
0.8788324071438992,1
0.8887334887340212,1
0.683922377434763,1
0.9684407096170775,1
0.8781652169166199,1
0.8824950602177473,1
0.6526724395423091,1
0.9747525676936414,1
0.8837069531173817,1
0.8885383285889255,1
0.6585916356328865,1
0.974683544303695,1
0.8788324071438992,1
0.8887334887340212,1
0.683922377434763,1
0.8935819680771402,1
0.6956321931673554,1
0.8788324071700312,1
0.979166666670957,1
0.8759961471092031,1
0.6700970243908538,1
0.873346315898686,1
0.9740322397590977,1
0.8707138272365851,1
0.6306989193429143,1
0.8788278158363962,1
0.9792257918081385,1
0.8759839194631991,1
0.635986017641591,1
0.8788324071700312,1
0.979166666670957,1
0.8759961471092031,1
0.6700970243908538,1
0.7189631153488881,1
0.8953252032520123,1
0.8634615128303028,1
0.899235267656221,1
0.6921376724512954,1
0.8890687773580176,1
0.862773922016912,1
0.8932471702869188,1
0.6589062245648826,1
0.8951490076152581,1
0.8681314453799753,1
0.8990777723224543,1
0.6646201306176365,1
0.8953252032520123,1
0.8634615128303028,1
0.899235267656221,1
0.6921376724512954,1
0.6580841799903254,1
0.6598668452888277,1
0.6702168998846949,1
0.9784946236558133,1
0.6517865192375806,1
0.6586021791948115,1
0.6642001914300811,1
0.9347345064983245,1
0.6574849024869843,1
0.6638197732718221,1
0.6696751086697044,1
0.9402279771161045,1
0.6580841799903254,1
0.6598668452888277,1
0.6702168998846949,1
0.9784946236558133,1
0.8880658564107846,1
0.946656586024478,1
0.8880658564107846,1
0.946656586024478,1
0.8997316607089881,1
0.9572192513398552,1
0.8997316607089881,1
0.9457937994373119,1
1.0000000000029567,1
0.8880658564107846,1
0.946656586024478,1
0.8880658564107846,1
0.8997316607089881,1
0.9572192513398552,1
0.9387734942876614,1
0.9387734942876614,1
0.9387254901959438,1
0.8423000394011032,1
0.8856508521454286,1
0.8930795232165096,1
0.9232004759060304,1
0.9619047619040269,1
0.9999999999992649,1
0.9008199847836508,1
0.9129759129764455,1
0.7067817854685897,1
0.9684407096170775,1
0.8781652169166199,1
0.8824950602177473,1
0.6526724395423091,1
0.9684407096170775,1
0.8781652169166199,1
0.8824950602177473,1
0.6526724395423091,1
0.974683544303695,1
0.8788324071438992,1
0.8887334887340212,1
0.683922377434763,1
0.8971380486858874,1
0.6908009581382658,1
0.873346315898686,1
0.9740322397590977,1
0.8707138272365851,1
0.6306989193429143,1
0.873346315898686,1
0.9740322397590977,1
0.8707138272365851,1
0.6306989193429143,1
0.8788324071700312,1
0.979166666670957,1
0.8759961471092031,1
0.6700970243908538,1
0.7133488138570938,1
0.7181436411867382,1
0.8824950602166441,1
0.8753468753477885,1
0.9710169782197708,1
0.6625797492254873,1
0.8824950602166441,1
0.8753468753477885,1
0.9710169782197708,1
0.6625797492254873,1
0.8887334887329217,1
0.8759961471090979,1
0.9767441860464234,1
0.6961781764838433,1
0.6517865192375806,1
0.6586021791948115,1
0.6642001914300811,1
0.9347345064983245,1
0.6517865192375806,1
0.6586021791948115,1
0.6642001914300811,1
0.9347345064983245,1
0.6580841799903254,1
0.6598668452888277,1
0.6702168998846949,1
0.9784946236558133,1
0.9451601713837405,1
0.9617834394903007,1
0.9102116890668371,1
0.9497657729491232,1
0.8995574988526243,1
0.9372072161864402,1
0.9372072161864402,1
0.8880658564107637,1
0.9999999999998548,1
0.9451601713837405,1
0.9617834394903007,1
0.9497657729491232,1
0.8995574988526243,1
0.910211689066858,1
0.9675675675705563,1
0.9049413785793436,1
0.957325268820177,1
0.8933592507639252,1
0.8933592507639252,1
0.946656586024478,1
0.9451601713837614,1
1.0000000000029887,1
0.910211689066858,1
0.9049413785793436,1
0.957325268820177,1
0.6997518610420472,1
0.691418411210361,1
0.9126144164759724,1
0.9014445377879123,1
0.9002668032100205,1
0.9124452782994726,1
0.6755844033074597,1
0.9808917197451198,1
0.8836885538731505,1
0.8941525953726434,1
0.6578770407725111,1
0.9747525676936414,1
0.8788278158101892,1
0.8885383285889255,1
0.6833321696827839,1
0.8965859186863877,1
0.6559170173472713,1
0.8836885538994328,1
0.9842931937215903,1
0.8806488171139271,1
0.6399275572161217,1
0.8837069531435887,1
0.9792257918081385,1
0.8806748806758993,1
0.6740492068863136,1
0.6845958623190849,1
0.894152595371537,1
0.8806488171138214,1
0.9824561403507884,1
0.6676029178691197,1
0.8885383285878222,1
0.8759839194630936,1
0.9768135825757989,1
0.6956454441032277,1
0.6319710748368657,1
0.6301107190602496,1
0.6415727053087297,1
0.9829545454544703,1
0.6326944046079853,1
0.6261676171379607,1
0.6422393447141379,1
0.9402279771164116,1
0.9451601713837405,1
0.9497657729491232,1
0.8995574988526243,1
0.9497657729491232,1
0.9372072161864402,1
0.8880658564107637,1
0.9617834394903007,1
0.9102116890668371,1
0.9999999999998548,1
0.9497657729491232,1
0.8995574988526243,1
0.152625160942974,1
0.9049413785793436,1
0.957325268820177,1
0.9049413785793436,1
0.8933592507639252,1
0.946656586024478,1
0.910211689066858,1
0.9675675675705563,1
0.9451601713837614,1
0.9049413785793436,1
0.957325268820177,1
0.9491663490497649,1
0.9002668032100205,1
0.9124452782994726,1
0.6755844033074597,1
0.9747525676936414,1
0.8788278158101892,1
0.8885383285889255,1
0.6833321696827839,1
0.8965859186863877,1
0.6559170173472713,1
0.8837069531435887,1
0.9792257918081385,1
0.8806748806758993,1
0.6740492068863136,1
0.6845958623190849,1
0.8885383285878222,1
0.8759839194630936,1
0.9768135825757989,1
0.6956454441032277,1
0.6326944046079853,1
0.6261676171379607,1
0.6422393447141379,1
0.9402279771164116,1
0.9457937994372911,1
0.9496855345910516,1
0.9496855345910516,1
0.8997316607089675,1
0.9497657729491232,1
0.9049413785793227,1
0.9497657729491232,1
0.9999999999998567,1
0.9457937994372911,1
0.8997316607089881,1
0.8997316607089881,1
0.9572192513398552,1
0.899557498852645,1
0.957325268820177,1
0.899557498852645,1
0.9457937994373119,1
1.0000000000029567,1
0.9232004759060153,1
0.9232004759060153,1
0.9008199847836508,1
0.9129759129764455,1
0.7067817854685897,1
0.8971380486858874,1
0.6908009581382658,1
0.7181436411867382,1
1.0,1
1.0,1
1.0,1
1.0,1
1.0,1
1.0,1
0.9496855345910516,1
0.8997316607089675,1
0.9372072161864402,1
0.8933592507639042,1
0.9497657729491232,1
0.9496855345910516,1
0.8997316607089675,1
0.9619047619040269,1
0.9457937994372911,1
0.9372072161864402,1
0.8933592507639042,1
0.9372072161864402,1
0.9496855345910516,1
0.8997316607089675,1
0.8880658564107846,1
0.946656586024478,1
0.8880658564107846,1
0.8997316607089881,1
0.9572192513398552,1
0.9451601713837405,1
0.9617834394903007,1
0.9497657729491232,1
0.8995574988526243,1
0.910211689066858,1
0.9049413785793436,1
0.957325268820177,1
0.9497657729491232,1
0.8995574988526243,1
0.9457937994372911,1
1.0,1
0.2569623886508913,0
0.06818181818181818,0
0.4903367003367874,0
0.10256410256410256,0
0.014827018121911038,0
0.22194656860405793,0
0.2631518807366056,0
0.14481176020390638,0
0.4253744597718395,0
0.0859375,0
0.199034600542253,0
0.17597213755968305,0
0.21703414492489537,0
0.49548262548269184,0
0.27589788743133886,0
0.0836453789578294,0
0.03706754530477759,0
0.2380121005758832,0
0.4323080594222757,0
0.033962264150943396,0
0.05683690280065897,0
0.10344827586206896,0
0.16607306790488224,0
0.011320754716981131,0
0.4302788467233602,0
0.5373817967444172,0
0.05,0
0.10321756339022213,0
0.09195402298850575,0
0.24259003237753468,0
0.22542757266520738,0
0.6128625787550219,0
0.06299212598425197,0
0.007547169811320755,0
0.08235294117647059,0
0.4720000000059074,0
0.5003088803089466,0
0.3135918685366817,0
0.17540480821692436,0
0.10344827586206896,0
0.011320754716981131,0
0.24259003237753468,0
0.541071954902854,0
0.1797136214815402,0
0.15998668885674547,0
0.4681437691009794,0
0.11319650779647669,0
0.1590909090909091,0
0.03361344537815126,0
0.40566076998474493,0
0.2573553423460302,0
0.03773584905660377,0
0.03459637561779242,0
0.16111111111111112,0
0.022240527182866558,0
0.20476090162203678,0
0.48696935808542025,0
0.13237558761545623,0
0.289331974596783,0
0.05518945634266887,0
0.18018962569409003,0
0.5328990765708319,0
0.4018774530638039,0
0.3935631715534498,0
0.39863700540932423,0
0.47565937566365196,0
0.3996751766582194,0
0.16831782820538738,0
0.17002447245056782,0
0.16633233521963287,0
0.25585254684527986,0
0.42961380839577057,0
0.05293406294403967,0
0.25497613534126384,0
0.10256410256410256,0
0.08235294117647059,0
0.6363112700490362,0
0.24097362398485803,0
0.05518945634266887,0
0.2442356447857457,0
0.025210084033613446,0
0.4027634714509631,0
0.17085746065286853,0
0.10985511060881921,0
0.06818181818181818,0
0.1792763526476088,0
0.031818181818181815,0
0.0,0
0.06818181818181818,0
0.462191082807166,0
0.16711421574851992,0
0.03773584905660377,0
0.5602836879811586,0
0.14677004670006616,0
0.3628867079215323,0
0.36454810605601956,0
0.03773584905660377,0
0.18446402483489255,0
0.353222193253076,0
0.45601806443525106,0
0.19945285806648394,0
0.4027634714509631,0
0.1599911638809812,0
0.4378802593880889,0
0.38880308732111774,0
0.4078583489428472,0
0.09375,0
0.011320754716981131,0
0.48696935808542025,0
0.03459637561779242,0
0.14417645231208415,0
0.031818181818181815,0
0.3088858319132316,0
0.06818181818181818,0
0.06818181818181818,0
0.14677004670006616,0
0.06299212598425197,0
0.6910961690832769,0
0.1792763526476088,0
0.0032948929159802307,0
0.060955518945634266,0
0.10919540229885058,0
0.2699943438289574,0
0.15810008267970363,0
0.04297504773181668,0
0.07684592766256919,0
0.16600772641346323,0
0.14280536133024457,0
0.0859375,0
0.08624811108425948,0
0.16564416690529596,0
0.4585212452162215,0
0.20978612316190537,0
0.03773584905660377,0
0.1171875,0
0.026359143327841845,0
0.17727272727272728,0
0.2035644093800561,0
0.29816495927950737,0
0.0873015873015873,0
0.16319749994348887,0
0.005865102639296188,0
0.04036243822075782,0
0.030812324929971994,0
0.011320754716981131,0
0.38938476215027024,0
0.104,0
0.24257956576314096,0
0.16430411202404813,0
0.1709294996005998,0
0.07608695652173914,0
0.17468366613599004,0
0.36994572923337166,0
0.3742809683503518,0
0.09523809523809525,0
0.2442356447857457,0
0.0,0
0.04118616144975288,0
0.23766576926122815,0
0.03636363636363636,0
0.04036243822075782,0
0.33931133429320576,0
0.1171875,0
0.18783336208274667,0
0.23563218390804597,0
0.25045484415623065,0
0.4730501930502804,0
0.03706754530477759,0
0.1716075825510809,0
0.14882959147718125,0
0.06818181818181818,0
0.011320754716981131,0
0.014827018121911038,0
0.23766576926122815,0
0.28219755565722343,0
0.22179223833743467,0
0.42894153237016247,0
0.5511229314961903,0
0.1640455026667865,0
0.16818181818181818,0
0.13429587311273736,0
0.03706754530477759,0
0.2994513196362431,0
0.05293406294403967,0
0.6837232453970571,0
0.08235294117647059,0
0.16682753200875844,0
0.16560307217669445,0
0.25637908010957294,0
0.03627917620355251,0
0.07651558286280594,0
0.3697418807920991,0
0.03591160220994475,0
0.38435016424631935,0
0.033962264150943396,0
0.033962264150943396,0
0.09195402298850575,0
0.16561381801330832,0
0.10236220472440945,0
0.0,0
0.16504405587981938,0
0.173794956268991,0
0.31594625409830035,0
0.4258225058880918,0
0.08454107285348035,0
0.18783336208274667,0
0.026359143327841845,0
0.47565937566365196,0
0.06818181818181818,0
0.3657709361457959,0
0.09523809523809525,0
0.36771007748674966,0
0.37454764564962895,0
0.5374340369929955,0
0.24595694149286582,0
0.033962264150943396,0
0.16600772641346323,0
0.03361344537815126,0
0.051005084977585935,0
0.253925457541177,0
0.04794307584593257,0
0.011320754716981131,0
0.3938462636145121,0
0.03773584905660377,0
0.14671327674319182,0
0.44926519812590054,0
0.03773584905660377,0
0.08235294117647059,0
0.18557350185364965,0
0.6341278950609166,0
0.0703122786421836,0
0.70042194092827,0
0.4484718693288593,0
0.45846207515788717,0
0.3651835916496431,0
0.033962264150943396,0
0.25886415975823124,0
0.17291504040105515,0
0.022641509433962263,0
0.46287786582469326,0
0.08073347366244787,0
0.10985511060881921,0
0.4018774530638039,0
0.011320754716981131,0
0.2016383114495933,0
0.23011701454498995,0
0.6038602048371767,0
0.05518945634266886,0
0.033962264150943396,0
0.19877152949463703,0
0.4398778658923178,0
0.04794307584593257,0
0.014003294892915982,0
0.21876456784798184,0
0.09545454545454546,0
0.1699534656164887,0
0.07679078138586451,0
0.2903222636323768,0
0.22210478077217913,0
0.16433272363606521,0
0.2386362879645999,0
0.13725857011698267,0
0.22542757266520738,0
0.43290604735370497,0
0.08235294117647059,0
0.17291504040105515,0
0.4137132486392041,0
0.05518945634266886,0
0.16564416690529596,0
0.023887973640856673,0
0.08223711726644867,0
0.30351940987320686,0
0.17727272727272728,0
0.011320754716981131,0
0.18446402483489255,0
0.41556568586857745,0
0.31594625409830035,0
0.23011701454498995,0
0.18555914116517752,0
0.2629446873828681,0
0.4114144061996182,0
0.15384615384615385,0
0.663437633866353,0
0.47693212799549356,0
0.036243822075782535,0
0.013179571663920921,0
0.030812324929971994,0
0.07725919675259879,0
0.17462736994957073,0
0.18181818181818182,0
0.16633233521963287,0
0.016574585635359115,0
0.17035770963534413,0
0.08235294117647059,0
0.3742809683503518,0
0.22542757266520738,0
0.3888030873650175,0
0.6700670073459813,0
0.014003294892915982,0
0.1930272358707156,0
0.6117396683002414,0
0.16407444047522837,0
0.2183985976709333,0
0.10321756339022213,0
0.03047775947281713,0
0.09375,0
0.2903222636323768,0
0.3919803600402853,0
0.3651835916496431,0
0.6600185922614957,0
0.43432248200989126,0
0.3088858319132316,0
0.18557350185364965,0
0.17578129017239805,0
0.30651223009034495,0
0.5218089990321059,0
0.14882959147718125,0
0.011320754716981131,0
0.10344827586206896,0
0.033962264150943396,0
0.18060274190160086,0
0.24712643678160923,0
0.013179571663920921,0
0.033962264150943396,0
0.592059019511705,0
0.4428544714224729,0
0.6103970013739732,0
0.4935277053274256,0
0.44794677564627544,0
0.07608695652173914,0
0.3231688427767483,0
0.3697418807920991,0
0.13504644002046198,0
0.6255145269026862,0
0.2183985976709333,0
0.6106650502410667,0
0.047065087896515444,0
0.4179204780224321,0
0.03706754530477759,0
0.44268912589046966,0
0.665124604703926,0
0.1916693819918827,0
0.18032755592291644,0
0.5052380952382045,0
0.030812324929971994,0
0.07608695652173914,0
0.11904761904761904,0
0.293504031031143,0
0.0873015873015873,0
0.49414012739315316,0
0.48074806031336476,0
0.5328990765708319,0
0.3651835916496431,0
