0.9560718181543337,1
0.9462562081343084,1
0.8660921189071027,1
0.8714581709886817,1
0.926178445506118,1
0.9324811917370966,1
0.9414099447964193,1
0.9158522560167633,1
0.9320070070063239,1
0.9260942409064565,1
0.8714581710754918,1
0.8714581710754918,1
0.9349239854823514,1
0.9437335883676435,1
0.9438825045193975,1
0.9098543430341279,1
0.9295265854082201,1
0.8468776654184682,1
0.8468776654184682,1
0.9549896236833512,1
0.9550452686710242,1
0.9406662339515649,1
0.9045833917383921,1
0.9643705615082038,1
0.9554504728767811,1
0.848969572950825,1
0.856387804763446,1
0.8553857657141831,1
0.847661824133816,1
0.844830547836112,1
0.848969572950825,1
0.856387804763446,1
0.871400440563289,1
0.8531524977832111,1
0.844830547836112,1
0.9727036075921576,1
0.9407434338085479,1
0.9155283560754993,1
0.9555167812558621,1
0.9496345660917411,1
0.907271851679364,1
0.9555708833520414,1
0.9197580835211692,1
0.9342452024663773,1
0.9021073584961071,1
0.952499004935038,1
0.9332310603472725,1
0.9333714106135845,1
0.9458713655377512,1
0.8604624601699064,1
0.9207505177816315,1
0.9365741957641526,1
0.9298326894747774,1
0.9324289527648865,1
0.918441214295606,1
0.9324289527648579,1
0.913509403181194,1
0.8917557180595824,1
0.9038406545126824,1
0.9194877139326929,1
0.909040436753334,1
0.9031583681801643,1
0.8958022211233396,1
0.9093592247593822,1
0.8955412906344526,1
0.9108551100765078,1
0.86328148567071,1
0.8674846015852792,1
0.8846963979042413,1
0.8559028671741541,1
0.8690958269219324,1
0.8600470106244602,1
0.8986740169971802,1
0.9067903042784317,1
0.926955784400132,1
0.9123124415844237,1
0.9116727477318642,1
0.899032374712847,1
0.9528921314502532,1
0.9529988766334803,1
0.9440869658073758,1
0.9623991013066366,1
0.9380847981943129,1
0.971420370673514,1
0.9442098066309477,1
0.9618938275648636,1
0.9533660948028785,1
0.9536114947617897,1
0.961372561642399,1
0.9470172251927476,1
0.9536114947616778,1
0.9446215646257271,1
0.9534932741515141,1
0.7749977011495619,1
0.966542750929368,1
0.9884615384615385,1
0.8672527472527473,1
0.8724369747899158,1
0.9265646837875611,1
0.8480738336801475,1
0.7311043902958054,1
0.5065805471838575,1
0.8843294499323688,1
0.8396106933740147,1
0.7595008023889176,1
0.8063593427851466,1
0.8353935520927883,1
0.8099044203945939,1
0.8969072164948454,1
0.9387755102040817,1
0.8367346938775512,1
0.816326530612245,1
0.9387755102040817,1
0.8979591836734694,1
0.6842148994429232,1
0.713971849178962,1
0.7182064258242415,1
0.9670114702325815,1
0.923728813559322,1
0.8512396694214878,1
0.7966101694915255,1
0.7768595041322314,1
0.8461538461538461,1
0.9256198347107438,1
0.7643215301992214,1
0.9898263645954861,1
0.9553903345724907,1
0.7789400863695443,1
0.7187853513565332,1
0.7388721119739239,1
0.7822973531844499,1
0.847844930655189,1
0.847844930655189,1
0.75912981939099,1
0.7375266327411034,1
0.7575757575757576,1
0.7284378437843785,1
0.6958898899374807,1
0.7033066298999215,1
0.7871396669344626,1
0.7007569875776397,1
0.6645865683229814,1
0.6961968536733845,1
0.7839216530348687,1
0.7575782986038321,1
0.7707868821999256,1
0.8765432098765432,1
0.8336395807812713,1
0.7251367115575609,1
0.7413051402894691,1
0.8785386805662619,1
0.820560319587763,1
0.809522247857168,1
0.813065748765546,1
0.7244385060762232,1
0.7161437844217151,1
0.7161437844217151,1
0.8766785477453581,1
0.7949185140196376,1
0.7388721119739239,1
0.749156746031746,1
0.7489512416588314,1
0.7266786876122681,1
0.798615611562369,1
0.910808952455558,1
0.8960601942331887,1
0.894789007048247,1
0.9021739130434783,1
0.7415078484015574,1
0.7545061921452242,1
0.744365762341881,1
0.770449522544343,1
0.7415078484015574,1
0.7545061921452242,1
0.7499110070270341,1
0.8419486838443442,1
0.8396233663334641,1
0.792359283246506,1
0.784886359607134,1
0.8953245019537801,1
0.9124134638840521,1
0.874403601596584,1
0.2653061224489796,0
0.15915515605945588,0
0.37629515286792914,0
0.13493827160473185,0
0.1958762886597938,0
0.3335443954717377,0
0.337078278829847,0
0.21348314606741572,0
0.2101749254364638,0
0.18644067796610173,0
0.23711340206185563,0
0.616963513436448,0
0.27835051546391754,0
0.3294056488014672,0
0.6347270620645304,0
0.05071977320961406,0
0.20430107526881722,0
0.017921146953405017,0
0.0435303803423443,0
0.2647176740059882,0
0.6651266992424612,0
0.28655004571127096,0
0.16524216524216523,0
0.11427261473035945,0
0.05000809861853243,0
0.1106903549807375,0
0.3864027650966637,0
0.07692307692307693,0
0.2165376393866958,0
0.18088958961272694,0
0.1872265484089052,0
0.17029344729340432,0
0.215547703180212,0
0.29135409412069324,0
0.1234991423670669,0
0.20408163265306123,0
0.26548672566371684,0
0.6197337665944458,0
0.34054611712392685,0
0.10256410256410256,0
0.007692307692307693,0
0.49094503446456034,0
0.05690030903337806,0
0.3929540467577032,0
0.10256410256410256,0
0.3695130904473651,0
0.4131842549749147,0
0.13077161628373754,0
0.7084381143132673,0
0.5518305623158086,0
0.33534945508354824,0
0.19356665709053245,0
0.14761672938898465,0
0.30643809666509697,0
0.43033662970732195,0
0.11700708846447012,0
0.14035087719298245,0
0.2398772990438624,0
0.22105688527077968,0
0.09850176777400496,0
0.24859869471396337,0
0.2268041237113402,0
0.32757139472553565,0
0.19387755102040816,0
0.14539499800955055,0
0.20430107526881722,0
0.07307692307692308,0
0.03717472118959108,0
0.007692307692307692,0
0.18579234972677597,0
0.06646971935007386,0
0.20408163265306123,0
0.0176678445229682,0
0.11570247933884298,0
0.41133428981296916,0
0.07173913043478261,0
0.38775510204081637,0
0.4477907884465261,0
0.2791441662581438,0
0.09817374634244778,0
0.37089594676407933,0
0.011538461538461539,0
0.09453471196454949,0
0.6545955236146739,0
0.13880036446874236,0
0.09107918291894712,0
0.015217391304347825,0
0.15384615384615385,0
0.7108108304298869,0
0.055428638678033805,0
0.5452492002062613,0
0.21487603305785127,0
0.0396644591611479,0
0.17355371900826447,0
0.18421052631578946,0
0.1509709129406039,0
0.16412213740458015,0
0.2033898305084746,0
0.23711340206185563,0
0.12361900587871912,0
0.2189729755614794,0
0.6229759883545555,0
0.25708902847641213,0
0.37302131603336425,0
0.08771929824561403,0
0.5374748247879125,0
0.5186675366101203,0
0.23711340206185563,0
0.15384615384615385,0
0.35188817284642443,0
0.007692307692307693,0
0.06558168773005206,0
0.05495669107997122,0
0.24181875855619292,0
0.2553252255279812,0
0.6107740513634355,0
0.1814135916676841,0
0.27049180327868855,0
0.44803641747569467,0
0.13031325809513764,0
0.2448979591836735,0
0.21649484536082475,0
0.19658119658119658,0
0.501964012244196,0
0.14413079052812452,0
0.12001118187397436,0
0.21397312054867784,0
0.11016949152542373,0
0.11864406779661017,0
0.32574198428448103,0
0.015384615384615384,0
0.08739495798319327,0
0.3781401117125085,0
0.5318795790530416,0
0.18421052631578946,0
0.1542772980084477,0
0.5969839610351065,0
0.07298481132727691,0
0.06368123151015902,0
0.4187409200968523,0
0.048920628322000184,0
0.2711864406779661,0
0.2794588396454308,0
0.5591613252032969,0
0.1883674084697102,0
0.13589379679811261,0
0.34011895633784284,0
0.14035087719298245,0
0.0612250116421828,0
0.03674640452898394,0
0.011538461538461537,0
0.11053185432600156,0
0.011538461538461539,0
0.3899193519196941,0
0.33187753837945716,0
0.6576306842034849,0
0.3079153274437229,0
0.13093439200601134,0
0.5337270722007629,0
0.5599484056476338,0
0.4521154945683248,0
0.2738403397200155,0
0.16505333555555735,0
0.19110901027777552,0
0.20365374136356473,0
0.37140950956264407,0
0.0676513272088396,0
0.18803418803418806,0
0.011538461538461539,0
0.059599156118143454,0
0.12127349832267864,0
0.6494085779725446,0
0.011538461538461539,0
0.5467808352849337,0
0.25507676719523686,0
0.847844930655189,0
0.008559201141226819,0
0.049923594299212795,0
0.3698325752232005,0
0.2433049134373279,0
0.05135520684736091,0
0.10380415884161404,0
0.9230769230769231,1
1.0,1
0.7186021113942482,1
1.0,1
0.8882978723404255,1
0.7829787234042553,1
0.6936170212765956,1
0,1
0.6710526315789473,1
0.9026664442432988,1
0.9880597014925373,1
0.8955696202531646,1
0.8729811320754717,1
1.0,1
0.8764044943820224,1
0.896551724137931,1
0.7530864197530864,1
0.9438202247191011,1
1.0,1
1.0,1
1.0,1
1.0,1
1.0,1
1.0,1
1.0,1
1.0,1
1.0,1
1.0,1
1.0,1
0.8406756642052079,1
1.0,1
1.0,1
0.9170337738619678,1
1.0,1
0.8359375,1
0.9557667103538663,1
0.8110236220472441,1
0.8046875,1
0.96875,1
0.8346456692913385,1
1.0,1
1.0,1
0.6931818181818182,1
0.7515363907055161,1
0.8240372240372241,1
0.6620317912525494,1
0.7414693281402142,1
0.8689770481836145,1
0.7634735166380737,1
0.8828114377751979,1
0.8846153846153846,1
0.7186021113942482,1
0.9027777777777778,1
0.9594594594594593,1
0.9220779220779222,1
0.8767123287671232,1
0.8648648648648649,1
0.8311688311688312,1
0.958904109589041,1
0.961038961038961,1
0.9054054054054054,1
0.8701298701298701,1
1.0,1
1.0,1
1.0,1
1.0,1
1.0,1
1.0,1
1.0,1
1.0,1
1.0,1
1.0,1
1.0,1
0.9445182724252491,1
0.9119170984455959,1
0.7155963302752294,1
0.8647578089633319,1
1.0000000000031808,1
0.8260665517580167,1
1.0000000000037244,1
0.7957024583128716,1
0.8518518518518517,1
0.7307692307692307,1
0.7407407407407407,1
0.8484152597151539,1
1.0,1
0.9977578475336323,1
0.9260436533163807,1
0.905799062049062,1
0.9444668008048289,1
0.9798491241525935,1
0.9685476410730804,1
1.0,1
1.0,1
0.7955722266131241,1
0.80766632894295,1
0.7448027214835161,1
0.9514581632037183,1
0.9152639054336484,1
0.9462850011253743,1
0.901801688014547,1
0.9653387665522226,1
0.8897182947768544,1
0.8451299863190771,1
0.9580462353283694,1
0.8968080852556278,1
0.854476489825582,1
0.9204549852672781,1
0.9359883168092638,1
0.8819930772061424,1
0.8495607904952748,1
0.8961715966134122,1
0.9511725423331645,1
0.8880820276299892,1
0.935538718995019,1
0.9334750382538431,1
1.000000000009494,1
1.000000000009494,1
0.9334750382538431,1
0.8172220935235132,1
0.7633515536358632,1
0.761575418103988,1
0.7688384124861417,1
0.785134941142693,1
0.8951987067794795,1
0.9334750382547671,1
0.9334750382547671,1
1.00000000000093,1
0.7403846153846153,1
0.9903846153846154,1
0.7692307692307693,1
0.9615384615384616,1
0.7403846153846153,1
0.6639381047815808,1
0.6956165985038951,1
0.6505684599351256,1
0.6958087866704175,1
0.6509874295286942,1
0.6501431900469169,1
0.6639381047815808,1
0.7099818396510704,1
0.6944014511005816,1
0.49651825054908405,1
0.5554978164394068,1
0.7403846153846153,1
0.9591813788024962,1
0.945557480991757,1
0.8303638972147507,1
0.9270777270775601,1
0.8329017638456048,1
0.9284776694137706,1
0.9453796049699064,1
0.9270777270775601,1
0.9232703022019721,1
0.9216192125623506,1
0.732563261826863,1
0.6509002471541098,1
0.9017976396410999,1
0.9599850577831421,1
0.853651890990622,1
0.830224821050723,1
0.8303638972139618,1
0.6964293713096158,1
0.7191790685078809,1
0.6180596458808869,1
0.7993676022157642,1
0.8503979945809917,1
0.9463582520603603,1
0.9271728066265118,1
0.9270777270775601,1
0.8849054533052153,1
0.9216192125623506,1
0.7325632618268906,1
0.6509002471735829,1
0.9030802139050951,1
0.8327644040600837,1
0.832901763844928,1
0.7074300338234321,1
0.7304037572961287,1
0.6123434705630495,1
0.8035812805752259,1
0.7475728155339807,1
0.9506172839506174,1
0.7788461538461537,1
1.0,1
0.9285676586060926,1
0.9284776694137709,1
0.9040635496780519,1
0.9411990713133872,1
0.7265778954748976,1
0.6609413055273758,1
0.9541284403669725,1
0.9545454545454546,1
0.9633027522935781,1
0.9541284403669725,1
0.963302752293578,1
0.9541284403669725,1
1.0,1
0.9541284403669725,1
0.9545454545454546,1
0.9633027522935781,1
0.9541284403669725,1
0.963302752293578,1
0.9541284403669725,1
0.9591813788035146,1
1.0,1
0.9453796049699064,1
0.8849350423954407,1
0.9216399422486573,1
0.7519488958590262,1
0.6767101496851486,1
0.9040878777531746,1
0.9412144094218259,1
0.7584724236812356,1
0.7218849498767264,1
0.9310344827586207,1
1.0,1
0.9310344827586207,1
0.9586776859504132,1
1.0,1
0.9586776859504132,1
0.9441621337825251,1
0.9359605911330049,1
1.0,1
0.9586776859504132,1
1.0,1
0.9268356122147214,1
0.6618695315484725,1
0.5700073169453563,1
0.9545454545454546,1
0.9626168224299065,1
0.9626168224299065,1
0.962962962962963,1
0.9719626168224299,1
0.9541284403669725,1
1.0,1
0.9545454545454546,1
0.9626168224299065,1
0.9626168224299065,1
0.962962962962963,1
0.9719626168224299,1
0.9545454545454546,1
0.9454545454545454,1
0.9454545454545454,1
0.9454545454545454,1
0.9545454545454546,1
0.9545454545454546,1
1.0,1
0.9545454545454546,1
0.9454545454545454,1
0.9454545454545454,1
0.9454545454545454,1
0.9626168224299065,1
0.962962962962963,1
0.9719626168224299,1
0.9633027522935781,1
0.9626168224299065,1
0.9545454545454546,1
1.0,1
0.9626168224299065,1
0.962962962962963,1
0.9719626168224299,1
0.6783872535640051,1
0.5897896153944033,1
1.000000000009494,1
0.9334750382538431,1
0.9722222222222222,1
0.9626168224299065,1
0.9541284403669725,1
0.9626168224299065,1
0.9454545454545454,1
0.9626168224299065,1
1.0,1
0.9722222222222222,1
0.9626168224299065,1
0.962962962962963,1
0.963302752293578,1
0.962962962962963,1
0.9454545454545454,1
0.962962962962963,1
0.9722222222222222,1
1.0,1
0.962962962962963,1
0.9541284403669725,1
0.9719626168224299,1
0.9454545454545454,1
0.9719626168224299,1
0.9626168224299065,1
0.962962962962963,1
1.0,1
1.0,1
0.6525423728813561,1
0.7859054415702279,1
0.7098048484029982,1
1.0,1
0.6525423728813561,1
0.9320388349514563,1
0.6893203883495146,1
0.6525423728813561,1
1.0,1
0.8145161290322582,1
1.0,1
0.8145161290322582,1
0.9645171487168129,1
0.9068628519887596,1
0.9502276465468343,1
0.9151138716424491,1
0.9459707394464009,1
0.9184258251791344,1
0.951973019918812,1
0.8145161290322582,1
1.0,1
0.8479461447188679,1
0.8910647735219368,1
0.739050517858543,1
0.813953488372093,1
0.9568006967628527,1
0.8627471751414759,1
0.847682119205298,1
0.8839285714285714,1
0.8333333333333334,1
0.8472479901053646,1
0.7859054415702279,1
0.9320388349514563,1
0.7098048484029982,1
0.6893203883495146,1
0.8808766092938752,1
0.9121986658828363,1
0.75,1
0.9370849198989835,1
0.895345784771281,1
0.6411485736223076,1
0.9882352941176472,1
0.9593605259226057,1
0.9524511861330497,1
0.995618760324633,1
0.8755639097744361,1
0.875,1
1.0000000000007345,1
1.0,1
0.7766990291262136,1
0.9615384615384616,1
0.7475728155339807,1
0.7403846153846153,1
0.9506172839506174,1
0.7788461538461537,1
0.9541284403669725,1
0.9545454545454546,1
0.9633027522935781,1
0.9541284403669725,1
0.963302752293578,1
0.9541284403669725,1
0.9310344827586207,1
0.9586776859504132,1
0.9545454545454546,1
0.9626168224299065,1
0.9626168224299065,1
0.962962962962963,1
0.9719626168224299,1
0.9545454545454546,1
0.9454545454545454,1
0.9454545454545454,1
0.9454545454545454,1
0.9626168224299065,1
0.962962962962963,1
0.9719626168224299,1
0.9722222222222222,1
0.9626168224299065,1
0.962962962962963,1
0.6525423728813561,1
0.8145161290322582,1
0.847682119205298,1
0.2890625,0
0,0
0.2251655629139073,0
0.23750000000000002,0
0.19444444444444445,0
0.2191780821917808,0
0.6574074074074074,0
0.07927933596313812,0
0,0
0.6605504587155964,0
0.15789473684210525,0
0.18274111675126903,0
0.3191489361702128,0
0.17737003058103976,0
0.008086253369272238,0
0,0
0.7788461538461537,0
0,0
0.11398809523744202,0
0.29457364341085274,0
0.1744186046511628,0
0.2830188679245283,0
0.20081200040319028,0
0.17645735232564225,0
0.2253254717091557,0
0.5096153846153846,0
0,0
0.23129251700680273,0
0.23130106824404933,0
0,0
0.14012738853503184,0
0.14361702127659576,0
0.7289719626168224,0
0.16192095874351572,0
0,0
0.20661157024793392,0
0.22929936305732485,0
0.2737430167597765,0
0.43137254901960786,0
0.45454545454545453,0
0,0
0.010676156583629894,0
0.4540229885057471,0
0.2583732057416268,0
0,0
0.2857142857142857,0
0.218854294578802,0
0.20512820512820512,0
0.3,0
0.15254237288135594,0
0.24352331606217614,0
0.02346041055718475,0
0.5491329479768786,0
0.2954963597008635,0
0.18691588785046728,0
0.3337263557155753,0
0.7358490566037735,0
0.15286624203821655,0
0.3553113553113554,0
0.19317505138360502,0
0,0
0.19136685232575645,0
0.25288204504548906,0
0.16814159292035402,0
0.3,0
0.2125,0
0.176056338028169,0
0.25862068965517243,0
0.4381499725869151,0
0.16923076923076924,0
0.03524229074889868,0
0.24315232959813513,0
0.2251655629139073,0
0.2735843446070546,0
0,0
0.10342700993610573,0
0.11665150907896664,0
0,0
0,0
0,0
0.1463304779090521,0
0.016,0
0.13240028745917293,0
0.2833144796379603,0
0.3904761904761905,0
0.5123152709359606,0
0.18421052631578946,0
0.3116883116883117,0
0.24675324675324678,0
0,0
0.1877256317689531,0
0,0
0,0
0.05568795619661197,0
0,0
0,0
0.2644628099173554,0
0.3333333333333333,0
0.25129032258064515,0
0.2553191489361702,0
0.20560747663551399,0
0.6209677419354839,0
0.02392344497607655,0
0,0
0.3269230769230769,0
0,0
0.0180212280274852,0
0.24161073825503357,0
0,0
0.2326199014185517,0
0.9423076923076924,0
0.3161764705882353,0
0,0
0.3553113553113553,0
0.25806451612903225,0
0.29357798165137616,0
0.12546125461254612,0
0.36450670183482814,0
0.25139664804469275,0
0.39408866995073893,0
0.27522935779816515,0
0,0
0.2446808510638298,0
0.21965317919075145,0
0.6513761467889908,0
0.4,0
0,0
0.09852216748768473,0
0.4666666666666666,0
0,0
0.6534653465346535,0
0.15151515151515152,0
0.2023121387283237,0
0.18497109826589594,0
0.34579439252336447,0
0.3258426966292135,0
0.15894039735099338,0
0.1299638989169675,0
0.1833333333333333,0
0,0
0.4083333333333333,0
0.04405286343612335,0
0.31645569620253167,0
0.19136685232575645,0
0.2191780821917808,0
0.2696629213483146,0
0.8990825688073395,0
0.29906542056074764,0
0.545504194492458,0
0.2,0
0.27722772277227725,0
0.18181818181818182,0
0.014760147601476014,0
0.3274336283185841,0
0.5364238410596026,0
0.5859375,0
0,0
0.6083755789188637,0
0.18543046357615894,0
0.3692767626921541,0
0.14814814814814814,0
0.5743243243243243,0
0.07639454354987642,0
0.04281345565749236,0
0.11049723756906077,0
0.24175824175824176,0
0.32710280373831774,0
0.3372093023255814,0
0.7102803738317757,0
0.4566168102882788,0
0.1574468085106383,0
0.10526315789473685,0
0.17272727272727273,0
0.2823529411764706,0
0.16455696202531647,0
0,0
0.308411214953271,0
0.051470588235294115,0
0.2323232323232323,0
0.5654761904761905,0
0.3,0
0.207553853800448,0
0.5390625,0
0.1484375,0
0.9274376417233076,0
0.16205533596837945,0
0.43548387096774194,0
0.15222110881466078,0
0.7592592592592593,0
0.09844559585492228,0
0.2396694214876033,0
0,0
0.2631578947368421,0
0.308411214953271,0
0.2774566473988439,0
0.21666666666666667,0
0,0
0.24793388429752067,0
0.19767441860465115,0
0.2894736842105263,0
0.02696629213483146,0
0,0
0.7766990291262136,0
0.25806451612903225,0
0.8079470198675497,0
0.14173228346456693,0
0.029304029304029304,0
0.49693251533742333,0
0,0
0.14012738853503184,0
0.5630643448489491,0
0.5722543352601156,0
0.5664739884393064,0
0.13602941176470587,0
0.42605038803403994,0
0.7431475752658181,0
0.004484304932735426,0
0.23140495867768596,0
0.23204419889502761,0
0,0
0.1709699286894116,0
0,0
0.11822660098522166,0
0.35231098867438276,0
0.37748344370860926,0
0.012919896640826873,0
0.13761467889908258,0
0.38410596026490074,0
0.3970936262543406,0
0.2808137364588493,0
0.2654763177590078,0
0.2823529411764706,0
0,0
0.04784688995215311,0
0.152317880794702,0
0.256198347107438,0
0.1774193548387097,0
0.13746630727762804,0
0.12416722337783904,0
0.10302294700959318,0
0.451923076923077,0
0.21100917431192662,0
0.189873417721519,0
0.15660635802846484,0
0.3037974683544304,0
0.059602649006622516,0
0.5998229801861705,0
0.19337016574585636,0
0.3014214927754867,0
0.2903225806451613,0
0.1916666666666667,0
0.021897810218978103,0
0.25833333333333336,0
0.14285714285714285,0
0.4396408375188776,0
0.26595744680851063,0
0.166118408135031,0
0,0
0,0
0.5943396226415094,0
0.1911764705882353,0
0.7727272727272727,0
0.14361702127659576,0
0.21774193548387097,0
0.26069819819824963,0
0,0
0.1223404255319149,0
0.20942299681035856,0
0.22093023255813957,0
0.23076923076923078,0
0.2696629213483146,0
0.171875,0
0.30275229357798167,0
0.014760147601476014,0
0,0
0.028340080971659923,0
0.3591549295774648,0
0.1651376146788991,0
0.5454545454545454,0
0.00516795865633075,0
0,0
0.20224719101123595,0
0.03557312252964427,0
0.5814667554208813,0
0.19704433497536947,0
0.1787709497206704,0
0.2066115702479339,0
0.29069767441860467,0
0.8532110091743119,0
0.44370860927152317,0
0.25833333333333336,0
0.19491525423728814,0
0.026905829596412557,0
0.2234042553191489,0
0.775,0
0.16911764705882354,0
0.023923444976076555,0
0.24977834124680806,0
0.25766871165644173,0
0.10970303243025521,0
0.2265625,0
0.35,0
0.14455946292727348,0
0.30097087378640774,0
0.5135135135135135,0
0,0
0.01550387596899225,0
0,0
0.15266534914321925,0
0.2712765957446808,0
0.08676908004614488,0
0,0
0,0
0.2953020134228188,0
0.2920353982300885,0
0.1953125,0
0.2066115702479339,0
0.2903225806451613,0
0,0
0.02643171806167401,0
0.13872832369942195,0
0.19008264462809918,0
0.213713191399787,0
0.3582019665990128,0
0.06698564593301436,0
0.33962264150943394,0
0.024096385542168676,0
0.11314984709480122,0
0.48554913294797686,0
0.19834710743801653,0
0,0
0.6666666666666666,0
0,0
0.1270718232044199,0
0.01444043321299639,0
0.23534378290785474,0
0.13725490196078433,0
0.3490566037735849,0
0.18518518518518517,0
0.6216216216216216,0
0.14306434599143852,0
0.24379392571834002,0
0.1829787234042553,0
0.2199102580917302,0
0.8659560886402833,0
0.2523364485981308,0
0,0
0.22699386503067484,0
0.1836734693877551,0
0.16666666666666666,0
0.025839793281653745,0
0.16167664670658682,0
0.21851708835833394,0
0,0
0.2978723404255319,0
0.15319148936170213,0
0.2549019607843137,0
0.13690476190476192,0
0.08089887640449438,0
0.23204419889502761,0
0.2524271844660194,0
0.14375,0
0.1702127659574468,0
0.5544554455445545,0
0.1728391449144188,0
0.17346938775510204,0
0.007905138339920948,0
0.05166051660516605,0
0.3181818181818182,0
0.6091944847546317,0
0.2729660938807536,0
0.2542372881355932,0
0.5729335494327391,1
0.8580245932418012,1
0.9314704944178628,1
0.9673469387755103,1
0.9595478881618084,1
0.9673746265040781,1
0.9673469387755103,1
0.9595478881618084,1
0.9518864049756498,1
0.9393556618819776,1
0.9314766452531182,1
0.9314642941783081,1
0.9314704944178628,1
0.9314766452531182,1
0.9393812814865447,1
0.9595478881618084,1
0.9673746265040781,1
0.9673469387755103,1
0.9595478881618084,1
0.9679242699837666,1
0.9676655052264808,1
0.9595478881618084,1
0.9676113360323887,1
0.951846657316503,1
0.9673746265040781,1
0.9676655052264808,1
0.9519264757864969,1
0.9595478881618084,1
0.9518864049756498,1
0.951846657316503,1
1.000000000011537,1
0.9173433583948181,1
0.7509238728750924,1
0.708779443254818,1
0.721627408993576,1
1.0000000000009592,1
0.8460732476243885,1
0.7756174680854158,1
0.7842251204844931,1
0.8192565434228585,1
0.7426653552700286,1
0.7921967659997688,1
0.8664192694096723,1
0.8711727453384581,1
1.00000000030169,1
0.7198469476863408,1
0.7428504371300569,1
0.7567254935680937,1
0.7422070048924854,1
0.7631186740895596,1
0.7481276290145017,1
0.9102760809681903,1
0.8796828908559307,1
0.8680866965625242,1
0.8680866965625242,1
0.855574563729485,1
0.8969345238100548,1
0.8935351328865423,1
0.9201513496650762,1
0.8478962115329937,1
0.9222026431723792,1
0.8962701908962768,1
0.8461341752485239,1
0.89282479296113,1
0.8470038982863712,1
0.8711650805672776,1
0.6813957569153338,1
0.9467754467756436,1
0.5041372818242654,1
0.5133835952532568,1
0.5125873478645745,1
0.512980905920219,1
0.5218245300161607,1
0.5211741896562575,1
0.5125873478645745,1
0.5134122155631105,1
0.9244859654070288,1
0.9017757749878054,1
0.8989743589746818,1
0.8989743589746818,1
0.8805175621680844,1
0.9263318312409522,1
0.8836296789042721,1
0.9020956301661262,1
0.8993146205425697,1
0.9244859654070288,1
0.8570728246541075,1
0.9020956301661262,1
0.8607816253732995,1
0.9263318312409522,1
0.9017757749878054,1
0.8801502633622198,1
0.9260978485120013,1
0.8599398446383245,1
0.9792899408284024,1
0.8989743589746818,1
0.8566210746016072,1
0.9017757749878054,1
0.8603556146850397,1
0.9044140497345483,1
0.9017757749878054,1
0.8836296789042721,1
0.8801502633622198,1
0.9063559669099331,1
0.8832832038653433,1
0.8466866299403388,1
0.7878236387024755,1
0.883893902105551,1
0.9416145937442968,1
0.8774630783092412,1
0.6029747526368757,1
1.0,1
0.7289432098150959,1
0.9309338521400778,1
0.939785255488448,1
0.9645610913404509,1
0.9577984877791454,1
0.9714285714285714,1
0.9645610913404509,1
0.9577984877791454,1
0.9511382726061519,1
0.9467308647636516,1
0.9398050303688049,1
0.939785255488448,1
0.9397951775000957,1
0.9398050303688049,1
0.9398148148148149,1
0.9648103261980551,1
0.9716488730723605,1
0.9716312056737588,1
0.9648103261980551,1
0.9650773493419533,1
0.9718656585194303,1
0.9648103261980551,1
0.971830985915493,1
0.958067299396031,1
0.9716488730723605,1
0.9718656585194303,1
0.9581185193767014,1
0.9648103261980551,1
0.958092819210344,1
0.958067299396031,1
0.861081177248175,1
0.9200829588662288,1
0.9067654986522911,1
0.9133701883701885,1
0.9269066461236782,1
0.9200829588662288,1
0.9133701883701885,1
0.9706349206349206,1
0.9703941860075691,1
0.9776302349336057,1
0.9701492537313433,1
0.9703941860075691,1
0.9632643647865051,1
0.955987785448752,1
0.9632936507936508,1
0.9632643647865051,1
0.9704181793734031,1
0.9777956395056767,1
0.9777777777777777,1
0.9776302349336057,1
0.9704181793734031,1
0.9703941860075691,1
0.8691721935642349,1
0.8829776856480918,1
0.8691549899039345,1
0.8553836671802774,1
0.8622635716040286,1
0.8691549899039345,1
0.9699749791492911,1
0.969722574285312,1
0.9771189171769256,1
0.9694656488549618,1
0.969722574285312,1
0.9624372511684266,1
0.9550005232497297,1
0.9624687239366139,1
0.9624372511684266,1
0.969748374328527,1
0.9772919307139839,1
0.9772727272727273,1
0.9771189171769256,1
0.969748374328527,1
0.969722574285312,1
0.9164487686226818,1
0.9300423985463355,1
0.9164748637189583,1
0.9010836385836386,1
0.9087716631194892,1
0.9164748637189583,1
0.9615510204081632,1
0.967511853226139,1
0.9754346182917611,1
0.9672131147540983,1
0.967511853226139,1
0.9534552845528455,1
0.9454098360655737,1
0.953469387755102,1
0.9534552845528455,1
0.9675442954131479,1
0.9756338899196042,1
0.975609756097561,1
0.9754346182917611,1
0.9675442954131479,1
0.967511853226139,1
0.9144746863350304,1
0.9302715813750049,1
0.9145001596933888,1
0.8987523142558159,1
0.906618030224075,1
0.9145001596933888,1
0.9670103092783505,1
0.9667015341701535,1
0.9748167888074617,1
0.9663865546218487,1
0.9667015341701535,1
0.9587201095093467,1
0.9505672259845577,1
0.9587628865979381,1
0.9587201095093467,1
0.9667366946778712,1
0.9750261506276151,1
0.975,1
0.9748167888074617,1
0.9667366946778712,1
0.9667015341701535,1
0.9806833467850417,1
0.9806903991370011,1
0.9855072463768116,1
0.9759701790587765,1
0.9855125100887813,1
0.9806833467850417,1
0.9713123415046492,1
0.985442237899115,1
0.9855125100887813,1
0.9759788613980303,1
0.9805825242718447,1
0.9805825242718447,1
0.97610221104197,1
0.9806903991370011,1
0.9711851029390125,1
0.9805896505321535,1
0.985442237899115,1
0.9713330148112758,1
0.9759701790587765,1
0.9806833467850417,1
0.9806833467850417,1
0.976093617920541,1
0.9711746336776362,1
0.9807830891184242,1
0.9808680528104987,1
0.9805825242718447,1
0.971322653250364,1
0.97610221104197,1
0.9337922828495916,1
0.9292027876940586,1
0.9300067860463759,1
0.9296078431379581,1
0.9334121355405016,1
0.9337922828495916,1
0.9250490196085464,1
0.9313501144171599,1
0.8968369446963822,1
0.9050685748367118,1
0.9045226803854461,1
0.901221702256648,1
0.9017792302112946,1
0.9006559332147679,1
0.9050685748367118,1
0.9812206572776969,1
0.9814738235057848,1
0.9813482770164244,1
0.9859459459466493,1
0.9812206572776969,1
0.9813482770164244,1
0.9321943811700051,1
0.9506987121782454,1
0.9503798670472257,1
0.9591367309391686,1
0.9506987121782454,1
0.9510126631304567,1
0.9503798670472257,1
0.968423551757577,1
0.972210735258328,1
0.9813482770164244,1
0.9812612612619647,1
0.9812206572776969,1
0.9860112077624934,1
0.92780941533857,1
0.9551806474348313,1
0.9503798670472257,1
0.9545963677101104,1
0.9506987121782454,1
0.9421058746085965,1
0.968423551757577,1
0.9503798670472257,1
0.9767931183867354,1
0.9722700047674406,1
0.9768422793820564,1
0.9767931183867354,1
0.9364512471662105,1
0.9504967855062395,1
0.9547047934151596,1
0.9544078999767993,1
0.9504967855062395,1
0.9686994063687374,1
0.9501752727566067,1
0.9592343140737126,1
0.981388329980581,1
0.9860112077624934,1
0.9859813084119132,1
0.9321212121218915,1
0.9550886510980878,1
0.9593178184409106,1
0.959051724138623,1
0.9685620557688681,1
0.9464503042603221,1
0.9547975760453795,1
0.9547975760453795,1
0.9859459459466493,1
0.981388329980581,1
0.9278919330296017,1
0.9508003766485262,1
0.9549844329433632,1
0.9682838813158515,1
0.9508003766485262,1
0.9422244648443646,1
0.9504828762376301,1
0.9549844329433632,1
0.9813482770164244,1
0.9321943811700051,1
0.9506987121782454,1
0.968423551757577,1
0.9591367309391686,1
0.9551806474348313,1
0.9465592688695266,1
0.9503798670472257,1
0.9503798670472257,1
0.927727272727952,1
0.9685620557688681,1
0.9547975760453795,1
0.959051724138623,1
0.9550886510980878,1
0.9464503042603221,1
0.9593178184409106,1
0.9547975760453795,1
0.9583707025417763,1
0.9628277153564768,1
0.9584084084090816,1
0.9628176382667389,1
0.9672632363914219,1
0.9583895131092858,1
0.9628277153564768,1
0.9818539824724002,1
0.9818899465992429,1
0.9863636363643157,1
0.9774195392449468,1
0.9863904868544703,1
0.9818539824724002,1
0.9863286979998626,1
0.9863904868544703,1
0.9774637127585097,1
0.9817351598180339,1
0.9817351598180339,1
0.9818899465992429,1
0.9730097050216413,1
0.9817715973329222,1
0.9863286979998626,1
0.9774195392449468,1
0.9818539824724002,1
0.9818539824724002,1
0.9729564553100758,1
0.9819709702069437,1
0.9817351598180339,1
0.960513636754921,1
0.9605283638881397,1
0.9554750506751584,1
0.960513636754921,1
0.9655696202533746,1
0.9605209815847195,1
0.9567717086836809,1
0.9644586648220725,1
0.9753676275415407,1
0.9753380434494986,1
0.9814814814814815,1
0.9693611473272491,1
0.9815035325871239,1
0.9437399202105082,1
0.9706030684291554,1
0.9813889784079923,1
0.9753676275415407,1
0.9633205646219238,1
0.9751853045439897,1
0.9437043109926898,1
0.9766433189655173,1
0.9815035325871239,1
0.96939736346516,1
0.9751552795031055,1
0.9497245706793356,1
0.9704049844236761,1
0.9693611473272491,1
0.9753380434494986,1
0.9497495968084203,1
0.9706030684291554,1
0.9632768361581922,1
0.9557913799961071,1
0.9707981319200293,1
0.9437221697189513,1
0.9704049844236761,1
0.9485550317688052,1
0.9972067039106146,1
0.0477858650939162,0
0.03288432859923999,0
0.29844558447115077,0
0.30374165214137433,0
0.3384013194112542,0
0.5739176337642109,0
0.39922480620155043,0
0.08312795867321442,0
0.0773513824269574,0
0.4527651261579052,0
0.25946739633840776,0
0.1793594069171326,0
0.030221917312218318,0
0.49882352941176467,0
0.23208322580227725,0
0.22140808917746893,0
0.2566340960626249,0
0.1111111111111111,0
0.1177172361188776,0
0.0,0
0.07204325891641185,0
0.006809338521400778,0
0.05825684905693589,0
0.3155349564440474,0
0.17969900549011536,0
0.26133100988039415,0
0.19031407314625273,0
0.3485264044268014,0
0.45244118292408536,0
0.24965014414845693,0
0.22997356331029545,0
0.5455616729452096,0
0.10655907004343572,0
0.895823148813803,0
0.14767499456050515,0
0.23908992960950962,0
0.26523959857577956,0
0.20130340880253003,0
0.03911137954619687,0
0.22785089857693766,0
1.0,0
0.16350915055349058,0
0.03399852180339985,0
0.4150552655544175,0
0.0641158221302999,0
0.12462908011869436,0
0.249342192199335,0
0.03081232492997199,0
0.403186178061784,0
0.08171206225680934,0
0.454442109964831,0
0.9073996265172736,0
0.1630586443214142,0
0.06001170425251514,0
0.17676257897141537,0
0.5056989787376528,0
0.5726120857699805,0
0.16900145013513143,0
0.06514994829369183,0
0.10100171982017318,0
0.06485816213442672,0
0.05084701204032243,0
0.0766292767721174,0
0.39489330138080564,0
0.24006680460634378,0
0.01680672268907563,0
0.12114787322927446,0
0.2012575886889094,0
0.2594157221371852,0
0.0,0
0.40134651317766656,0
0.10848808949922693,0
0.9054621848739496,0
0.21173913043447612,0
0.26204233209605177,0
0.18058881061496862,0
0.0504201680672269,0
0.8857589155280123,0
0.0641158221302999,0
0.08137044967880086,0
0.39403183023872684,0
0.8851681934534561,0
0.06696885208276482,0
0.8700499664404505,0
0.1909538846543001,0
0.221330214086585,0
0.6647089068185413,0
0.3299375487900078,0
0.2144471581733052,0
0.2164240513790417,0
0.15651191672777653,0
0.29115735235784357,0
0.5663564213567882,0
0.020038167938931296,0
0.0,0
0.171650949066594,0
0.020752269779507133,0
0.895823148813803,0
0.21159556547161087,0
0.19831809073630954,0
0.0578665520346481,0
0.8811744038720029,0
0.17321876118868598,0
0.24222220965969815,0
0.6427322031973195,0
0.01680672268907563,0
0.13387312014814345,0
0.01487787070842062,0
0.6647031010176692,0
0.16490836837816647,0
0.17176997859710566,0
0.1790305917465419,0
0.3848609577556946,0
0.25765547659544147,0
0.34200721153846153,0
0.07428191486819072,0
0.8647579347667106,0
0.5867257717999108,0
0.23931099737708325,0
0.5049671142778843,0
0.5512487480210656,0
0.0823552399070013,0
0.5130600638091275,0
0.061068702290076333,0
0.15856669123065584,0
0.09495548961424331,0
0.18596486349540778,0
0.12251819537120597,0
0.2432597590935406,0
0.16681302612757232,0
0.19786080534825168,0
0.0062047569803516025,0
0.5721545487941067,0
0.4526142745476101,0
0.11563027224032668,0
0.11067739543430176,0
0.5661675014599865,0
0.15659704180574974,0
0.30997424120912914,0
0.20003112328202777,0
0.1476029966085787,0
0.22462786006321267,0
0.1694460047305292,0
0.21504361939409827,0
0.49421579240070446,0
0.034038050069749935,0
0.20411455980638113,0
0.4729220001378814,0
0.09696980903893715,0
0.5710811576084731,0
0.10559371185219338,0
0.1728926609358267,0
0.26141798430508123,0
0.0,0
0.20573841013161123,0
0.13946125874977777,0
0.04580152671755725,0
0.8775399943817523,0
0.8664424869330019,0
0.10271873776833132,0
0.06814324346574145,0
0.09061451976456089,0
0.28501948757798234,0
0.08371146804408017,0
0.22995138886266273,0
0.2452435610109924,0
0.04360679970436068,0
0.03695491500369549,0
0.2720045513721318,0
0.07190782868607995,0
0.15558508955129421,0
0.2536377368435406,0
0.01675977653631285,0
0.18838163292275534,0
0.10719446746977733,0
0.03270135056940191,0
0.14663173240682506,0
0.5977851572784345,0
0.3326921933527558,0
0.5566467184987485,0
0.3959130661429214,0
0.6063693744929478,0
0.36813777191825975,0
0.10344455231667926,0
0.30032552771335247,0
0.24371899908821149,0
0.18256823292588234,0
0.6015716630879929,0
0.5852698317641639,0
0.32348435633605066,0
0.1111111111111111,0
0.09495548961424333,0
0.019553072625698324,0
0.2562199558243098,0
0.1111111111111111,0
0.298213259506667,0
0.20183545791308832,0
0.21984087788694565,0
0.09041303047175876,0
0.1999640251105015,0
0.0062047569803516025,0
0.8514635211882918,0
0.1273617274936552,0
0.13487141522051585,0
0.12484854452188847,0
0.8573199183435404,0
0.10393646858095887,0
0.1239006970536098,0
0.06013352996051717,0
0.307297000489554,0
0.955987785448752,0
0.24149613265975964,0
0.46114577161560855,0
0.8811708169506335,0
0,0
0.1557155264787658,0
0.014005602240896359,0
0.22923217129361098,0
0.036414565826330535,0
0.23603796033463556,0
0.0062047569803516025,0
0.18447386476246802,0
0.10424982484435603,0
0.054508151064736166,0
0.41431633383057465,0
0.24159333061456578,0
0.25798672556151186,0
0.3881298984529407,0
0.34441298258433806,0
0.8862163933412093,0
0.30385263490565195,0
0.43784697652924326,0
0.01675977653631285,0
0.33035945865061683,0
0.0048638132295719845,0
0.26101977505299373,0
0.23691845401979544,0
0.9073996265172736,0
0.12317059343678567,0
0.5830288547748922,0
0.9263038548752834,0
0.8638184245660881,0
0.2418041189078371,0
0.16188084175973105,0
0.12004821965065954,0
0.01675977653631285,0
0.046755725190839696,0
0.0,0
0.06774924214992158,0
0.31069695398401875,0
0.501295253373703,0
0.18218496914959506,0
0.0,0
0.24330489770946878,0
0.12805091631308116,0
0.3038962679324053,0
0.01539708265802269,0
0.31115962277331477,0
0.01675977653631285,0
0.5729893906772432,0
0.17785138169847897,0
0.24450506581891246,0
0.1579538073278373,0
0.24161550797888506,0
0.5674993798917127,0
0.2027975835261606,0
0.9543362043362043,0
0.03621581670362158,0
0.105119474092873,0
0.1792653534238865,0
0.16679694871688155,0
0.38093151901800854,0
0.3456687144610446,0
0.2039611679541054,0
0.1349036402569593,0
0.13046583623970487,0
0.17818359474195847,0
0.24801817852473482,0
0.03631647211413749,0
0.17350740672435444,0
0.23956152409785342,0
0.011375387797311272,0
0.025210084033613446,0
0.1064540040385451,0
0.2777033006752255,0
0.41409282401775616,0
0.14606457098683254,0
0.5898063445023297,0
0.18669166496944647,0
0.10126511210327954,0
0.05340143479177476,0
0.03014137569499361,0
0.03808752025931929,0
0.08131306772541487,0
0.1444824248769305,0
0.06856229446865442,0
0.5928378355112542,0
0.23627936714589887,0
0.1111111111111111,0
0.0,0
0.8506172839506173,0
0.1262810972120388,0
0.4061935855579028,0
0.6631833207315171,0
0.23632713172736786,0
0.06913743860915038,0
0.3618652538984406,0
0.22222791151703247,0
0.14359839369705743,0
0.6168947779636232,0
0.22894286999934596,0
0.38365569534460114,0
0.23268739624175222,0
0.0,0
0.0,0
0.019271948608137045,0
0.2584821061243978,0
0.060114503816793896,0
0.5975610640491541,0
0.24149762366021246,0
0.0311507756447123,0
0.25525558068330356,0
0.5355075154732121,0
0.16902503133460717,0
0.23956152409785342,0
0.15389183377714546,0
0.0,0
0.1362741155438618,0
0.3926725004418532,0
0.30181035330534883,0
0.03808752025931929,0
0.12759643916913946,0
0.4159436410928798,0
0.664744702354143,0
0.9335500914448283,0
0.18216516174884864,0
0.13978146814255546,0
0.28409163298930323,0
0.190360456703958,0
0.19797323310492157,0
0.42126452230167705,0
0.012404580152671756,0
0.8762782448618343,0
0.429675556320732,0
0.20723952603371795,0
0.1417220632100648,0
0.40888552247264487,0
0.3989847022565202,0
0.13711040647302472,0
0.5784381371628652,0
0.1524636631992942,0
0.1309636318796874,0
0.017130620985010708,0
0.18701450959829757,0
0.31212427303336393,0
0.041329011345218804,0
0.12389766532743417,0
0.49599999999999994,0
0.5959331558104972,0
0.016649106953905916,0
0.2722401976133319,0
0.4509311851381422,0
0.06148538009182678,0
0.1432065095655251,0
0.672885254280603,0
0.5893937411201127,0
0.08013254370686074,0
0.06485925140620692,0
0.1111111111111111,0
0.03266529181828956,0
0.11162395987921604,0
0.18224122934189854,0
0.448404762776848,0
0.5518849206349207,0
0.10200853354281901,0
0.5107107864202837,0
0.24170148353779866,0
0.22607980013253606,0
0.13484736962333105,0
0.1111111111111111,0
0.29625784038911857,0
0.1556578082449056,0
0.8825758106309967,0
0.5692100145228327,0
0.3937547673531655,0
0.11627284219701021,0
0.3963026880604677,0
0.3407441299014836,0
0.07653131385395091,0
0.8525411596277739,0
0.664744702354143,0
0.9026152837473593,0
0.06894141954302381,0
0.11885245901639344,0
0.5880763572446435,0
0.4005323472241626,0
0.139186295503212,0
0.11555088120884777,0
0.11333074358719833,0
0.19981895389944462,0
0.240442319941995,0
0.06388518465976262,0
0.15761042618500806,0
0.2876468741918711,0
0.2036176342683192,0
0.8605716985589417,0
0.2557118026526527,0
0.2600294764910826,0
0.22062852188857343,0
0.09306278927578146,0
0.2411576411427787,0
0.028534370946822308,0
1.0000000000074916,1
1.0,1
0.8455411991234558,1
0.9999999999999875,1
0.39274924471299094,1
0.9268170858978817,1
0.9543890742282709,1
0.9222533436718408,1
0.9635112593825662,1
0.930757898818187,1
0.9634703196344514,1
0.9268170858978817,1
0.9999999999997516,1
0.9634703196344514,1
0.9268170858978817,1
0.9543890742282709,1
0.9222533436718408,1
0.9635112593825662,1
0.9634703196344514,1
0.9268170858978817,1
0.6978417266185889,1
0.8166583706652226,1
0.6980255516839715,1
0.6978417266185889,1
0.9572135173463387,1
0.8347626141447166,1
0.9214266766838364,1
0.9173373697305008,1
0.9733333333325352,1
0.9389190917801266,1
0.9999999999992175,1
0.9733333333325352,1
0.923209430175077,1
0.8932690197968264,1
0.7430432914647074,1
0.9813084112148783,1
0.9056735858054589,1
0.853862515332852,1
0.7230378535462905,1
0.9766800301670349,1
0.9052790864990364,1
0.8534172860850259,1
0.6980368769339003,1
0.981344024133613,1
0.9094418273983939,1
0.8577667012897041,1
0.7023205342413157,1
0.9813084112148783,1
0.9056735858054589,1
0.853862515332852,1
0.7230378535462905,1
0.8742164804550775,1
0.7278000135143426,1
0.9056735858127494,1
0.9842519685110042,1
0.8304710231387242,1
0.7092951897639838,1
0.9015458347473948,1
0.9803544034384076,1
0.8263849912153288,1
0.6785944518268108,1
0.9056755380205671,1
0.9842835227521423,1
0.8303212431354517,1
0.6824759248931743,1
0.9056735858127494,1
0.9842519685110042,1
0.8304710231387242,1
0.7092951897639838,1
0.7255426473161576,1
0.8741183195098635,1
0.8456010839027694,1
0.8903315625250223,1
0.7058554144261514,1
0.8695453473984454,1
0.8450926521660937,1
0.8859679631085131,1
0.6773744745777227,1
0.8739654421147608,1
0.8491503841248567,1
0.8901699368156651,1
0.6815152969003634,1
0.8741183195098635,1
0.8456010839027694,1
0.8903315625250223,1
0.7058554144261514,1
0.7145994934131237,1
0.6972036210317779,1
0.7132642123160444,1
0.9844961240310489,1
0.7100104624907497,1
0.6963705153294515,1
0.7088890878481146,1
0.9506601943599294,1
0.7141865604711326,1
0.700221787345107,1
0.7128725589224946,1
0.9545886668198704,1
0.7145994934131237,1
0.6972036210317779,1
0.7132642123160444,1
0.9844961240310489,1
0.9182653319359967,1
0.960384450902024,1
0.9182653319359967,1
0.960384450902024,1
0.9268170858973321,1
0.9682539682589951,1
0.9268170858973321,1
0.9606914006741624,1
1.0000000000050269,1
0.9182653319359967,1
0.960384450902024,1
0.9182653319359967,1
0.9268170858973321,1
0.9682539682589951,1
0.9550633261433489,1
0.9550633261433489,1
0.9604316546761429,1
0.8380389872203091,1
0.9164541054610147,1
0.9171159029649596,1
0.9389190917801266,1
0.9733333333325352,1
0.999999999999202,1
0.9222249356901421,1
0.8711509758279963,1
0.7397768926273943,1
0.9766800301670349,1
0.9052790864990364,1
0.8534172860850259,1
0.6980368769339003,1
0.9766800301670349,1
0.9052790864990364,1
0.8534172860850259,1
0.6980368769339003,1
0.9813084112148783,1
0.9056735858054589,1
0.853862515332852,1
0.7230378535462905,1
0.8462482260386637,1
0.7246101699227139,1
0.9015458347473948,1
0.9803544034384076,1
0.8263849912153288,1
0.6785944518268108,1
0.9015458347473948,1
0.9803544034384076,1
0.8263849912153288,1
0.6785944518268108,1
0.9056735858127494,1
0.9842519685110042,1
0.8304710231387242,1
0.7092951897639838,1
0.7078602717682215,1
0.7265811681477882,1
0.8370972258290932,1
0.8299433629405726,1
0.9794666439463913,1
0.6818467638682242,1
0.8370972258290932,1
0.8299433629405726,1
0.9794666439463913,1
0.6818467638682242,1
0.8416311288559243,1
0.8304710231281981,1
0.9835390946501033,1
0.7106131042755327,1
0.7100104624907497,1
0.6963705153294515,1
0.7088890878481146,1
0.9506601943599294,1
0.7100104624907497,1
0.6963705153294515,1
0.7088890878481146,1
0.9506601943599294,1
0.7145994934131237,1
0.6972036210317779,1
0.7132642123160444,1
0.9844961240310489,1
0.9603548485781359,1
0.9723502304144924,1
0.9347323340476983,1
0.9635112593825662,1
0.9267218387487346,1
0.9543890742282709,1
0.9543890742282709,1
0.9182653319365486,1
0.9999999999997459,1
0.9603548485781359,1
0.9723502304144924,1
0.9635112593825662,1
0.9267218387487346,1
0.9347323340471441,1
0.9760000000050671,1
0.9307578988176352,1
0.9683075607226286,1
0.922253343671289,1
0.922253343671289,1
0.960384450902024,1
0.9603548485775817,1
1.000000000005067,1
0.9347323340471441,1
0.9307578988176352,1
0.9683075607226286,1
0.9691470054445289,1
0.9550633261433489,1
0.8903293750226967,1
0.8824517700542686,1
0.9218998570709227,1
0.870585968765066,1
0.7146812568984037,1
0.9859154929576712,1
0.909436337757618,1
0.8575639907430881,1
0.7018565815737284,1
0.981344024133613,1
0.905675538013261,1
0.8536689051464534,1
0.7226428364432234,1
0.8456321374217283,1
0.6972180985246255,1
0.9094363377649398,1
0.9881422924972136,1
0.8337533495429404,1
0.6855049511142669,1
0.9094418274057,1
0.9842835227521423,1
0.8339111048866038,1
0.7123370186384326,1
0.7013634099174079,1
0.8452788399299982,1
0.8337533495323717,1
0.9876033057850211,1
0.6891434506506054,1
0.8455084915968183,1
0.8303212431249044,1
0.9835733151570925,1
0.710216148665902,1
0.693531573248614,1
0.6735448146758158,1
0.6917649974677489,1
0.9879518072289577,1
0.6940135064957372,1
0.670539566061957,1
0.6885112252999467,1
0.9545886668198581,1
0.9603548485781359,1
0.9635112593825662,1
0.9267218387487346,1
0.9635112593825662,1
0.9543890742282709,1
0.9182653319365486,1
0.9723502304144924,1
0.9347323340476983,1
0.9999999999997459,1
0.9635112593825662,1
0.9267218387487346,1
0.9550633261433489,1
0.9307578988176352,1
0.9683075607226286,1
0.9307578988176352,1
0.922253343671289,1
0.960384450902024,1
0.9347323340471441,1
0.9760000000050671,1
0.9603548485775817,1
0.9307578988176352,1
0.9683075607226286,1
0.962849625831641,1
0.9218998570709227,1
0.870585968765066,1
0.7146812568984037,1
0.981344024133613,1
0.905675538013261,1
0.8536689051464534,1
0.7226428364432234,1
0.8456321374217283,1
0.6972180985246255,1
0.9094418274057,1
0.9842835227521423,1
0.8339111048866038,1
0.7123370186384326,1
0.7013634099174079,1
0.8455084915968183,1
0.8303212431249044,1
0.9835733151570925,1
0.710216148665902,1
0.6940135064957372,1
0.670539566061957,1
0.6885112252999467,1
0.9545886668198581,1
0.9606914006747118,1
0.9634703196344514,1
0.9634703196344514,1
0.9268170858978817,1
0.9635112593825662,1
0.930757898818187,1
0.9635112593825662,1
0.9999999999997482,1
0.9606914006747118,1
0.9268170858973321,1
0.9268170858973321,1
0.9682539682589951,1
0.9267218387481828,1
0.9683075607226286,1
0.9267218387481828,1
0.9606914006741624,1
1.0000000000050269,1
0.9389190917801358,1
0.9389190917801358,1
0.9222249356901421,1
0.8711509758279963,1
0.7397768926273943,1
0.8462482260386637,1
0.7246101699227139,1
0.7265811681477882,1
1.0,1
1.0,1
1.0,1
1.0,1
1.0,1
1.0,1
0.9634703196344514,1
0.9268170858978817,1
0.9543890742282709,1
0.9222533436718408,1
0.9635112593825662,1
0.9634703196344514,1
0.9268170858978817,1
0.9733333333325352,1
0.9606914006747118,1
0.9543890742282709,1
0.9222533436718408,1
0.9543890742282709,1
0.9634703196344514,1
0.9268170858978817,1
0.9182653319359967,1
0.960384450902024,1
0.9182653319359967,1
0.9268170858973321,1
0.9682539682589951,1
0.9603548485781359,1
0.9723502304144924,1
0.9635112593825662,1
0.9267218387487346,1
0.9347323340471441,1
0.9307578988176352,1
0.9683075607226286,1
0.9635112593825662,1
0.9267218387487346,1
0.9606914006747118,1
1.0,1
0.2622023517779497,0
0.13595166163141995,0
0.4470804693254825,0
0.03389830508474576,0
0.03160762942779292,0
0.2561755798770077,0
0.23289079617741631,0
0.14318466084252052,0
0.43838549691859235,0
0.06779661016949153,0
0.20646384875982962,0
0.17646048102970815,0
0.2197668793792889,0
0.4556716729794445,0
0.2860865478460772,0
0.06204115359035338,0
0.02997275204359673,0
0.23674540682431194,0
0.3851249827335825,0
0.03498542274052478,0
0.051771117166212535,0
0.025735294117647058,0
0.1642072669764108,0
0.03498542274052478,0
0.44563222265112806,0
0.5228628231402315,0
0.02114803625377644,0
0.14421187109411107,0
0.1,0
0.23674540682431194,0
0.24157691720664642,0
0.5823748339728474,0
0.06818181818181818,0
0.014577259475218658,0
0.09090909090909091,0
0.45878336934795066,0
0.4556716729794445,0
0.2672892265486222,0
0.22263198644106116,0
0.09166666666666666,0
0.014577259475218658,0
0.23674540682431194,0
0.5290476191089852,0
0.17652044644922585,0
0.08145652103282032,0
0.45604136049877086,0
0.13819341140069433,0
0.2084592145015106,0
0.026804123711340205,0
0.34660171557572045,0
0.3113946113942751,0
0.03206997084548105,0
0.03160762942779292,0
0.14775470366271315,0
0.020163487738419618,0
0.2349661395153277,0
0.43656015037613516,0
0.14383010344687155,0
0.252856744704593,0
0.05231607629427793,0
0.18402511343957245,0
0.5195953641834478,0
0.39019434125530705,0
0.37392333285246904,0
0.37392333285246904,0
0.4567594760511805,0
0.40704300877500077,0
0.20010137565229602,0
0.18179420309226457,0
0.23632217127377148,0
0.22816789288397005,0
0.4378791082070597,0
0.051618326676564685,0
0.24509935315745193,0
0.05084745762711864,0
0.09090909090909091,0
0.6383610887920238,0
0.24390315414370406,0
0.05231607629427793,0
0.24011698178366178,0
0.041237113402061855,0
0.39638357464256063,0
0.16605977138114272,0
0.09909390696857709,0
0.1268882175226586,0
0.18351084812611995,0
0.01812688821752266,0
0.008746355685131196,0
0.13293051359516617,0
0.46716118686019986,0
0.18181365723471948,0
0.029154518950437316,0
0.5296790685079522,0
0.11091851368040034,0
0.36787540152381426,0
0.33703929725780524,0
0.023323615160349854,0
0.22268033352432498,0
0.3329656281696601,0
0.42094478168319255,0
0.177761706141297,0
0.39638357464256063,0
0.1588847660260213,0
0.44034995241258584,0
0.37171509046512485,0
0.3531299542118303,0
0.06779661016949153,0
0.03498542274052478,0
0.43656015037613516,0
0.032152588555858314,0
0.16017518546460036,0
0.01812688821752266,0
0.15925669976759552,0
0.1268882175226586,0
0.13595166163141995,0
0.11091851368040034,0
0.06818181818181818,0
0.6786446701808214,0
0.18351084812611995,0
0.005994550408719346,0
0.051771117166212535,0
0.01838235294117647,0
0.2427762391421328,0
0.15149055489936397,0
0.0658112164303439,0
0.06581234148976708,0
0.164158910148105,0
0.11001511709188651,0
0.06779661016949153,0
0.07134882952333556,0
0.2095725214104719,0
0.44492028848004017,0
0.19791195042824505,0
0.029154518950437316,0
0.0847457627118644,0
0.019618528610354225,0
0.2084592145015106,0
0.18740308811942938,0
0.29907472518219175,0
0.06857142857142857,0
0.2291244553202755,0
0.020689655172413793,0
0.03651226158038147,0
0.026804123711340205,0
0.03498542274052478,0
0.372065389419003,0
0.09195402298850575,0
0.2175362045199032,0
0.2274618254847276,0
0.1862347968459857,0
0.0873015873015873,0
0.1835811247574824,0
0.3719729335222296,0
0.3510029377708974,0
0.10256410256410256,0
0.24011698178366178,0
0.008746355685131196,0
0.037057220708446865,0
0.2602493104370795,0
0.027190332326283987,0
0.03651226158038147,0
0.3393221617012303,0
0.0847457627118644,0
0.19159817351580616,0
0.23897058823529413,0
0.20374108090751547,0
0.4483664620612147,0
0.032152588555858314,0
0.1588847660260213,0
0.12540251513986986,0
0.13595166163141995,0
0.02040816326530612,0
0.03160762942779292,0
0.2602493104370795,0
0.2558757535560642,0
0.17864444258050616,0
0.40423165971912833,0
0.5228628231402315,0
0.19769326519291966,0
0.2084592145015106,0
0.14178047359472562,0
0.02997275204359673,0
0.3022359270816662,0
0.051618326676564685,0
0.6462383406971055,0
0.09090909090909091,0
0.22914097657603813,0
0.17778798475831759,0
0.2489878808908192,0
0.03883285006988855,0
0.05156083057546882,0
0.37186619626126377,0
0.026530612244897958,0
0.3510029377708974,0
0.037900874635568516,0
0.03498542274052478,0
0.1,0
0.20955878625510294,0
0.08522727272727272,0
0.0016348773841961854,0
0.22268033356651992,0
0.2126920689493788,0
0.2720973083856314,0
0.3763859171370237,0
0.07515697840114376,0
0.19159817351580616,0
0.019618528610354225,0
0.4567594760511805,0
0.13595166163141995,0
0.37003578400164683,0
0.1,0
0.36787540152381426,0
0.33487033893595536,0
0.5195953641834478,0
0.20374108090751547,0
0.03498542274052478,0
0.164158910148105,0
0.026804123711340205,0
0.0642227622090801,0
0.23528082419424873,0
0.037781059303315545,0
0.02040816326530612,0
0.35067363192369555,0
0.03206997084548105,0
0.11087480860511899,0
0.4378791082070597,0
0.023323615160349854,0
0.09090909090909091,0
0.1817440081414015,0
0.6176759196662633,0
0.05691872705383153,0
0.7220543806646526,0
0.44085888970434167,0
0.45663667930463925,0
0.3684668480349946,0
0.03498542274052478,0
0.24730423898094894,0
0.16986455309170825,0
0.037900874635568516,0
0.45604136049877086,0
0.11207588630206412,0
0.09750692656735144,0
0.39019434125530705,0
0.01749271137026239,0
0.18609268282812785,0
0.2591937603546712,0
0.5851361432301401,0
0.05231607629427793,0
0.03498542274052478,0
0.20202598128708368,0
0.3851249827335825,0
0.037781059303315545,0
0.032152588555858314,0
0.22971087445352384,0
0.1027190332326284,0
0.18172321047641332,0
0.0850876159043129,0
0.3005605562316867,0
0.1952253063074199,0
0.1415610606621331,0
0.22971087445352384,0
0.14071963847457378,0
0.24157691720664642,0
0.44034995241258584,0
0.09322033898305085,0
0.16986455309170825,0
0.44085888970434167,0
0.05231607629427793,0
0.2095725214104719,0
0.017438692098092644,0
0.13441458593934472,0
0.3018764996691146,0
0.2084592145015106,0
0.014577259475218658,0
0.22268033352432498,0
0.43838549691859235,0
0.2720973083856314,0
0.2591937603546712,0
0.18171034948550377,0
0.23614737471588373,0
0.3763859171370237,0
0.06779661016949153,0
0.6444162130082116,0
0.4551719746524267,0
0.03106267029972752,0
0.009264305177111716,0
0.026804123711340205,0
0.1346746375657268,0
0.21512312345849563,0
0.2084592145015106,0
0.23632217127377148,0
0.012244897959183673,0
0.2291244553202755,0
0.09322033898305085,0
0.3510029377708974,0
0.24157691720664642,0
0.35067363192369555,0
0.6632510748672935,0
0.032152588555858314,0
0.30951472018481146,0
0.6103102561365744,0
0.19770923405647384,0
0.24063708434570563,0
0.14421187109411107,0
0.0032697547683923707,0
0.06779661016949153,0
0.3005605562316867,0
0.35279956175764665,0
0.3684668480349946,0
0.6708506555820479,0
0.389528278150597,0
0.15748671717287066,0
0.1817440081414015,0
0.21981862779684638,0
0.25478189035326726,0
0.5305306024675465,0
0.12540251513986986,0
0.02040816326530612,0
0.03308823529411765,0
0.03498542274052478,0
0.21502879970205935,0
0.23529411764705882,0
0.009264305177111716,0
0.03498542274052478,0
0.5865335257876814,0
0.44034995241258584,0
0.5851361432301401,0
0.4634758749338674,0
0.45663667930463925,0
0.0873015873015873,0
0.28028561483722164,0
0.37186619626126377,0
0.14143796197318262,0
0.6153563713521812,0
0.24063708434570563,0
0.6304874212839576,0
0.03455399821575309,0
0.46626158481757846,0
0.02997275204359673,0
0.45663667930463925,0
0.6643619308729842,0
0.19984589304973344,0
0.1817440081414015,0
0.4657321716280686,0
0.026804123711340205,0
0.0873015873015873,0
0.08571428571428572,0
0.3625322046431805,0
0.06857142857142857,0
0.46716118686019986,0
0.4470804693254825,0
0.5195953641834478,0
0.3684668480349946,0
