0.9540112416957631,1
0.9531765665757391,1
0.8666052831783143,1
0.8779504821323582,1
0.9321731381317488,1
0.941410139667361,1
0.9508150995004555,1
0.9133083783386753,1
0.9357207897685497,1
0.9320879130677195,1
0.8722778826397326,1
0.8751813343314203,1
0.9413357141726135,1
0.9505610596056632,1
0.9508150995004555,1
0.9160144513478142,1
0.9357207897685497,1
0.8550245360206049,1
0.8550245360206049,1
0.9533024011059366,1
0.9533632134544616,1
0.9385106194356769,1
0.901496704986738,1
0.9630493766244498,1
0.9528535980189731,1
0.8571697322865576,1
0.8649642764178784,1
0.8641827552932042,1
0.8562830976554526,1
0.8529276150445573,1
0.8571697322865576,1
0.8649642764178784,1
0.881181920119259,1
0.8621225138662582,1
0.8529276150445573,1
0.9716691353109103,1
0.9385948229023284,1
0.912859202934322,1
0.9538702018169533,1
0.947816084987454,1
0.9043200316187802,1
0.9539292725779321,1
0.9170809446386196,1
0.9318751855621447,1
0.8989041869851391,1
0.39647072915555404,1
0.3892287363689354,1
0.4396877735085788,1
0.9591372963150707,1
0.8591467373314969,1
0.9173320225567735,1
0.9338488228151126,1
0.9267951447115452,1
0.9294862659132259,1
0.9149476904097141,1
0.9294862659131964,1
0.9098475886115522,1
0.8914688589669499,1
0.9154960246527053,1
0.9171700499836356,1
0.9063467403198843,1
0.9051756474179672,1
0.8927633058474795,1
0.9181325845433894,1
0.8947239054644901,1
0.9189068314721682,1
0.8594717034045105,1
0.8637024578049434,1
0.8814474782592477,1
0.8518928264929785,1
0.8654012351001855,1
0.8561787424137177,1
0.8943932443261924,1
0.9028086234488268,1
0.9237968369060807,1
0.9086645396270302,1
0.9078523754585609,1
0.894765153681138,1
0.9508138110780638,1
0.9509309438339951,1
0.9416479149777844,1
0.9607447550670459,1
0.9353841344304363,1
0.970144997653641,1
0.9417824526917272,1
0.9601933302050343,1
0.9513143368090102,1
0.9515985858072833,1
0.9596236219361055,1
0.9446705067089125,1
0.9515985858071637,1
0.9422314510342961,1
0.9514531941257682,1
0.773510347352759,1
0.96484375,1
0.9878542510121457,1
0.8396125300814982,1
0.8392643049946081,1
0.9191361232319925,1
0.2898105588485768,1
0.6876381451518264,1
0.5165849394711031,1
0.8827408384906779,1
0.802978747457838,1
0.7686700295854364,1
0.7900881632029724,1
0.8058922379328803,1
0.6810955142338676,1
0.8947368421052632,1
0.9375,1
0.8333333333333335,1
0.8125,1
0.9375,1
0.8958333333333334,1
0.6789717007565144,1
0.5013889085998823,1
0.5088948645913431,1
0.9648021552987122,1
0.9134615384615384,1
0.8317757009345794,1
0.7692307692307692,1
0.7476635514018691,1
0.8252427184466019,1
0.9158878504672897,1
0.7355428732757926,1
0.991320781131177,1
0.953125,1
0.806420972644377,1
0.7964523281596453,1
0.7738359201773836,1
0.7713856081579,1
0.8301124163193129,1
0.8301124163193129,1
0.7966329966329967,1
0.7394820384294067,1
0.7451686244789693,1
0.7151009243538954,1
0.6811079545454546,1
0.6887913223140495,1
0.7767955410207226,1
0.7104837927802735,1
0.7097243318359565,1
0.6814449917898193,1
0.7732319078947368,1
0.7456936948582878,1
0.7597643097643098,1
0.868421052631579,1
0.82572301114674,1
0.7683061273789502,1
0.8039513385514194,1
0.8716188491040219,1
0.8059599999147529,1
0.8003770392031706,1
0.810827843917995,1
0.7102131694169533,1
0.7462474645030426,1
0.7462474645030426,1
0.8685815066767448,1
0.7838644229621673,1
0.7251014198782961,1
0.7364740875176446,1
0.7681175231205798,1
0.7439216587754385,1
0.7890040223197003,1
0.9063567254639936,1
0.8910204057051843,1
0.8896291096877703,1
0.8922155688622755,1
0.7685306326949478,1
0.7830169752745784,1
0.7716894977168949,1
0.7827970403384966,1
0.7685306326949478,1
0.7830169752745784,1
0.7779161477791614,1
0.8592861564454931,1
0.8317115813588954,1
0.7824068521294908,1
0.7747908232118759,1
0.8902036889021314,1
0.9081246248355662,1
0.868391103124576,1
0.2916666666666667,0
0.167408559730015,0
0.3599533206893085,0
0.13112422050355632,0
0.2631578947368421,0
0.33269748905757335,0
0.3490652732920958,0
0.20481927710843373,0
0.2797136489906232,0
0.23076923076923078,0
0.25263157894736843,0
0.6204373830655271,0
0.30526315789473685,0
0.3310493981001819,0
0.6359628580043161,0
0.06001987919565717,0
0.15294117647058825,0
0.0196078431372549,0
0.039524308624925064,0
0.26746240091291745,0
0.6502800683062455,0
0.3188080388080388,0
0.1574074074074074,0
0.13107675918775713,0
0.053770891562090875,0
0.11906134889906206,0
0.3813198923635639,0
0.08097165991902834,0
0.23106741199626787,0
0.1512505105820603,0
0.2133990831949789,0
0.19955676077000778,0
0.2260536398467433,0
0.33675905745074364,0
0.07312614259597806,0
0.22916666666666666,0
0.24324324324324326,0
0.6233067136786495,0
0.34429560499806056,0
0.12037037037037036,0
0.020242914979757085,0
0.49060851429236163,0
0.06696731379127023,0
0.4585324119006095,0
0.1262135922330097,0
0.3692864711281718,0
0.414191122149239,0
0.13766665514317566,0
0.6945498343872327,0
0.5379921397578911,0
0.333867996178391,0
0.1965920380793576,0
0.13123998916653637,0
0.30040385212799003,0
0.43132978965062924,0
0.11929846985274384,0
0.18,0
0.25697748058349223,0
0.22187617783261657,0
0.11218507791676767,0
0.2677136596055515,0
0.23157894736842105,0
0.30818081177352963,0
0.2708333333333333,0
0.14127400500531154,0
0.20392156862745098,0
0.06882591093117409,0
0.03515625,0
0.012145748987854251,0
0.18208955223880596,0
0.08240887480190175,0
0.2708333333333333,0
0.019157088122605363,0
0.18691588785046728,0
0.39582757107351885,0
0.03981264637002342,0
0.34375,0
0.4382951563718885,0
0.2363664075831813,0
0.11339159709314327,0
0.35953396380111263,0
0.008097165991902834,0
0.06814580031695722,0
0.6451993787973586,0
0.05340962312167432,0
0.08257071432504642,0
0.01873536299765808,0
0.18446601941747573,0
0.7322809183645028,0
0.06747413444427995,0
0.5486501528575116,0
0.21495327102803738,0
0.03580721453141018,0
0.18691588785046728,0
0.2,0
0.13890666932864243,0
0.21487603305785127,0
0.23076923076923078,0
0.25263157894736843,0
0.12648197574386413,0
0.23228228228228232,0
0.623750488661624,0
0.2524674631698602,0
0.3855459250483258,0
0.11999999999999998,0
0.5231504349439516,0
0.5194805194805194,0
0.25263157894736843,0
0.1941747572815534,0
0.3345943062224162,0
0.008097165991902834,0
0.08316225860697435,0
0.06491026635785867,0
0.24002210732689358,0
0.2602618243243243,0
0.5995003647005704,0
0.1738323326118141,0
0.225,0
0.4533417347721518,0
0.1459027327132454,0
0.21875,0
0.22105263157894736,0
0.18446601941747573,0
0.4471764275873436,0
0.11410991929764422,0
0.16649259501744063,0
0.25569780306622414,0
0.17307692307692307,0
0.1346153846153846,0
0.326784955457991,0
0.03643724696356275,0
0.10683012259194394,0
0.3911269944408346,0
0.5467865601434891,0
0.22,0
0.1415470283906861,0
0.6022856170591868,0
0.07194724506052994,0
0.07171558217346799,0
0.4303936641043559,0
0.057609805924412665,0
0.2692307692307692,0
0.2923460267834745,0
0.5630239897808189,0
0.17616611909830157,0
0.10922471270924071,0
0.34858648621934674,0
0.17,0
0.08518610299794664,0
0.03519019313523532,0
0.012145748987854251,0
0.052673108478183704,0
0.012145748987854251,0
0.4001247242799973,0
0.3372286452038007,0
0.642248505196309,0
0.31055888095012135,0
0.13799251469979745,0
0.5380776925872132,0
0.573110665654642,0
0.45067181268103307,0
0.28015985894798706,0
0.1648044888522336,0
0.20429928041884926,0
0.20561550950243532,0
0.3620209207930852,0
0.08518610299794664,0
0.21359223300970873,0
0.012145748987854251,0
0.05687405478127487,0
0.141384158434279,0
0.6254793411469283,0
0.012145748987854251,0
0.5641921073231301,0
0.2607445558416881,0
0.8301124163193129,0
0.006015037593984963,0
0.0578497154483912,0
0.37247040855176944,0
0.23823810259375763,0
0.05864661654135338,0
0.10655484773432972,0
0.9183673469387755,1
1.0,1
0.6929552503322995,1
1.0,1
0.8947368421052632,1
0.7731481481481481,1
0.6481481481481481,1
0,1
0.6944444444444444,1
0.9018850574710705,1
0.9875776397515528,1
0.8947701658857793,1
0.8622062923138192,1
1.0,1
0.8705882352941176,1
0.891566265060241,1
0.7692307692307693,1
0.9411764705882353,1
1.0,1
1.0,1
1.0,1
1.0,1
1.0,1
1.0,1
1.0,1
1.0,1
1.0,1
1.0,1
1.0,1
0.8288671854699031,1
1.0,1
1.0,1
0.9142834254586237,1
1.0,1
0.8220338983050848,1
0.9604041647432939,1
0.7948717948717948,1
0.788135593220339,1
0.9661016949152542,1
0.8205128205128205,1
1.0,1
1.0,1
0.6904761904761905,1
0.7595644319550382,1
0.842922216456207,1
0.6581847715530545,1
0.7629955947136563,1
0.8699944842801985,1
0.7644834990021993,1
0.8756062517401272,1
0.889763779527559,1
0.6929552503322995,1
0.8985507246376812,1
0.9577464788732394,1
0.9315068493150684,1
0.8591549295774648,1
0.8591549295774648,1
0.8356164383561644,1
0.9577464788732394,1
0.9726027397260274,1
0.9014084507042254,1
0.8767123287671232,1
1.0,1
1.0,1
1.0,1
1.0,1
1.0,1
1.0,1
1.0,1
1.0,1
1.0,1
1.0,1
1.0,1
0.9405674846625767,1
0.8950276243093923,1
0.5115511551155115,1
0.86414708886619,1
1.0000000000072333,1
0.8293127352049007,1
1.000000000004121,1
0.799231217239716,1
0.8481012658227848,1
0.7432432432432432,1
0.7341772151898734,1
0.8457844478425293,1
1.0,1
1.0,1
0.9203239289446186,1
0.8984264374464012,1
0.9399099628107261,1
0.978892714035456,1
0.9669893960350392,1
1.0,1
1.0,1
0.7806125885896773,1
0.8147196261682633,1
0.7539540410712837,1
0.952897790839309,1
0.8825713734683976,1
0.916506417029435,1
0.6700145694440083,1
0.9328420867452156,1
0.8541942211000729,1
0.5132196912999578,1
0.9185379837552872,1
0.8113300433079319,1
0.5280534924654728,1
0.8876600879339746,1
0.9009760081186433,1
0.5057588591517223,1
0.6421502127475135,1
0.6549059079840014,1
0.9526047787021523,1
0.6520943844885279,1
0.7739124628582547,1
0.9296142787828483,1
1.0000000001371072,1
1.0000000001371072,1
0.9296142787828483,1
0.8072669826224328,1
0.7797690078420467,1
0.7814317146000315,1
0.7979633180752235,1
0.8172829994863893,1
0.8848854961834535,1
0.9296142787825414,1
0.9296142787825414,1
1.0000000000009635,1
0.7474747474747475,1
1.0,1
0.7777777777777778,1
0.96,1
0.7474747474747475,1
0.6778409695930838,1
0.7239769321203069,1
0.6629399451544604,1
0.7241519383367727,1
0.6634082555326458,1
0.6624638727258079,1
0.6778409695930838,1
0.727457492398795,1
0.7101179593229993,1
0.492023950480343,1
0.5686972725756106,1
0.74,1
0.9560430498410233,1
0.9413730404481057,1
0.8225239166394539,1
0.9210141582026871,1
0.8253915153689066,1
0.9226391436842571,1
0.940837110666019,1
0.9210141582026871,1
0.9175035045301748,1
0.9156112152807311,1
0.7118515387727301,1
0.6251966965862077,1
0.8995897435925085,1
0.9569686520466382,1
0.8476680791216953,1
0.8223790743048438,1
0.8225239166436632,1
0.6875064215172092,1
0.7118409519363165,1
0.5939368617290484,1
0.7842455702215108,1
0.8442407745596608,1
0.9419793577632901,1
0.9211161475545726,1
0.9210141582026871,1
0.8762552567943179,1
0.9156112152768351,1
0.7118515387727844,1
0.6251966965798685,1
0.9009900990130018,1
0.8252486243378329,1
0.8253915153728348,1
0.6993589777838345,1
0.7239471217864111,1
0.5882221801794796,1
0.7890636256857955,1
0.7474747474747475,1
0.9487179487179487,1
0.78,1
1.0,1
0.9227352705037853,1
0.9226391436842571,1
0.8968560222788545,1
0.9366936316162945,1
0.7058060134548624,1
0.636314042450474,1
0.9509803921568627,1
0.9423076923076923,1
0.9607843137254902,1
0.9509803921568627,1
0.9607843137254901,1
0.9509803921568627,1
1.0,1
0.9509803921568627,1
0.9423076923076923,1
0.9607843137254902,1
0.9509803921568627,1
0.9607843137254901,1
0.9509803921568627,1
0.956043049841432,1
1.0,1
0.940837110666019,1
0.8762836970653565,1
0.9156312122525491,1
0.7325845325837634,1
0.6526475619203382,1
0.8968793806636762,1
0.9367084114596864,1
0.740216336367851,1
0.7015393638073426,1
0.9312169312169313,1
1.0,1
0.9312169312169313,1
0.954954954954955,1
1.0,1
0.954954954954955,1
0.9402986802223804,1
0.9312169312169313,1
1.0,1
0.954954954954955,1
1.0,1
0.9215279890524937,1
0.637696335207001,1
0.5532139084955776,1
0.9519230769230768,1
0.9504950495049505,1
0.9504950495049505,1
0.9603960396039604,1
0.9702970297029703,1
0.9509803921568627,1
1.0,1
0.9519230769230768,1
0.9504950495049505,1
0.9504950495049505,1
0.9603960396039604,1
0.9702970297029703,1
0.9423076923076923,1
0.9326923076923077,1
0.9326923076923078,1
0.9423076923076923,1
0.9423076923076923,1
0.9519230769230768,1
1.0,1
0.9423076923076923,1
0.9326923076923077,1
0.9326923076923078,1
0.9423076923076923,1
0.96,1
0.9603960396039604,1
0.97,1
0.9607843137254902,1
0.9504950495049505,1
0.9423076923076923,1
1.0,1
0.96,1
0.9603960396039604,1
0.97,1
0.6550453823912322,1
0.5741356618649213,1
1.0000000001371072,1
0.9296142787828483,1
0.9702970297029703,1
0.96,1
0.9509803921568627,1
0.9504950495049505,1
0.9326923076923077,1
0.96,1
1.0,1
0.9702970297029703,1
0.96,1
0.9603960396039604,1
0.9607843137254901,1
0.9603960396039604,1
0.9326923076923078,1
0.9603960396039604,1
0.9702970297029703,1
1.0,1
0.9603960396039604,1
0.9509803921568627,1
0.9702970297029703,1
0.9423076923076923,1
0.97,1
0.96,1
0.9603960396039604,1
1.0,1
1.0,1
0.6851851851851852,1
0.8056698673984999,1
0.7303094233473979,1
1.0,1
0.6851851851851852,1
0.9387755102040817,1
0.673469387755102,1
0.6851851851851852,1
1.0,1
0.8135593220338984,1
1.0,1
0.8135593220338984,1
0.9507838821523009,1
0.8578695696722296,1
0.950297414783485,1
0.7273992653010246,1
0.9159853300357879,1
0.7309027525643722,1
0.9499708454853383,1
0.8135593220338984,1
1.0,1
0.6392268527671952,1
0.7291211452447347,1
0.7391099700503445,1
0.8125,1
0.9396371330705707,1
0.8637981736575995,1
0.8493150684931506,1
0.875,1
0.849112426035503,1
0.8403508771932523,1
0.8056698673984999,1
0.9387755102040817,1
0.7303094233473979,1
0.673469387755102,1
0.8706723431669071,1
0.9131166239045561,1
0.7590361445783133,1
0.9337201125205155,1
0.8972423328614376,1
0.9076852418857466,1
1.0,1
0.9576509511993383,1
0.887902765265929,1
1.0000000000001052,1
0.9059995142093757,1
0.868421052631579,1
1.0000000000003264,1
1.0,1
0.7777777777777778,1
0.96,1
0.7474747474747475,1
0.74,1
0.9487179487179487,1
0.78,1
0.9509803921568627,1
0.9423076923076923,1
0.9607843137254902,1
0.9509803921568627,1
0.9607843137254901,1
0.9509803921568627,1
0.9312169312169313,1
0.954954954954955,1
0.9519230769230768,1
0.9504950495049505,1
0.9504950495049505,1
0.9603960396039604,1
0.9702970297029703,1
0.9423076923076923,1
0.9326923076923077,1
0.9326923076923078,1
0.9423076923076923,1
0.96,1
0.9603960396039604,1
0.97,1
0.9702970297029703,1
0.96,1
0.9603960396039604,1
0.6851851851851852,1
0.8135593220338984,1
0.8493150684931506,1
0.2796610169491525,0
0,0
0.2328767123287671,0
0.2948717948717949,0
0.19801980198019803,0
0.2535211267605634,0
0.6435643564356436,0
0.08419545701928592,0
0,0
0.6800000000000002,0
0.25,0
0.19889502762430938,0
0.36470588235294116,0
0.1485148514851485,0
0.005747126436781609,0
0,0
0.78,0
0,0
0.13009618481510474,0
0.2711864406779661,0
0.2948717948717949,0
0.32,0
0.15573515860659312,0
0.17779785214192476,0
0.1651769075367459,0
0.4848484848484849,0
0,0
0.2357142857142857,0
0.2332422227706667,0
0,0
0.2808219178082192,0
0.15789473684210525,0
0.72,0
0.16582677687691114,0
0,0
0.1875,0
0.2517985611510791,0
0.2235294117647059,0
0.46938775510204084,0
0.4864864864864865,0
0,0
0.015625,0
0.48427672955974843,0
0.27,0
0,0
0.30434782608695654,0
0.2331649828473235,0
0.22857142857142856,0
0.34285714285714286,0
0.23148148148148148,0
0.2265193370165746,0
0.012698412698412698,0
0.569620253164557,0
0.31445139285057866,0
0.2,0
0.30708440866936587,0
0.75,0
0.2589928057553957,0
0.3629032258064516,0
0.1737557644460151,0
0,0
0.22047280029207741,0
0.260963631694286,0
0.16666666666666666,0
0.2982456140350877,0
0.20512820512820512,0
0.18248175182481752,0
0.3018867924528302,0
0.442895152861723,0
0.2204724409448819,0
0.03482587064676617,0
0.25187793730129565,0
0.21232876712328766,0
0.2534984982673755,0
0,0
0.10375715824770568,0
0.10727507759319625,0
0,0
0,0
0,0
0.14754616269116255,0
0.021645021645021644,0
0.13438527284638702,0
0.34741606940743985,0
0.3838383838383838,0
0.5132275132275133,0
0.3188405797101449,0
0.3287671232876712,0
0.273972602739726,0
0,0
0.18867924528301888,0
0,0
0,0
0.05788861851494221,0
0,0
0,0
0.26785714285714285,0
0.3333333333333333,0
0.24576834588987329,0
0.27058823529411763,0
0.22916666666666666,0
0.5847457627118644,0
0.045,0
0,0
0.34,0
0,0
0.016822590041465333,0
0.2706766917293233,0
0,0
0.1679614944717714,0
0.94,0
0.3203125,0
0,0
0.22580645161290322,0
0.2627118644067797,0
0.31,0
0.1415929203539823,0
0.37558748918107177,0
0.27058823529411763,0
0.3862433862433862,0
0.19,0
0,0
0.2619047619047619,0
0.15822784810126583,0
0.6666666666666666,0
0.45454545454545453,0
0,0
0.38095238095238093,0
0.5,0
0,0
0.6701030927835051,0
0.1702127659574468,0
0.189873417721519,0
0.18354430379746836,0
0.36,0
0.2823529411764706,0
0.136986301369863,0
0.1320754716981132,0
0.1875,0
0,0
0.4636363636363636,0
0.009950248756218905,0
0.24832214765100669,0
0.22047280029207741,0
0.22535211267605634,0
0.34523809523809523,0
0.900990099009901,0
0.29,0
0.5281623612620874,0
0.2909090909090909,0
0.25773195876288657,0
0.19230769230769232,0
0.017699115044247787,0
0.3333333333333333,0
0.5616438356164384,0
0.5564516129032258,0
0,0
0.6123746282285314,0
0.1780821917808219,0
0.38540059347099004,0
0.16831683168316833,0
0.6212121212121212,0
0.0930574063483944,0
0.0429042904290429,0
0.10778443113772457,0
0.24096385542168675,0
0.33,0
0.3,0
0.7,0
0.45358702590996103,0
0.16203703703703703,0
0.11210762331838565,0
0.1619047619047619,0
0.35064935064935066,0
0.2597402597402597,0
0,0
0.33,0
0.056367432150313146,0
0.22340425531914893,0
0.5789473684210527,0
0.3076923076923077,0
0.20617897727241288,0
0.5241935483870968,0
0.1693548387096774,0
0.9299509343354472,0
0.1752136752136752,0
0.3983050847457627,0
0.13692787276798646,0
0.7524752475247525,0
0.09944751381215469,0
0.25892857142857145,0
0,0
0.26905829596412556,0
0.32673267326732675,0
0.2468354430379747,0
0.23636363636363636,0
0,0
0.26126126126126126,0
0.19230769230769232,0
0.2876712328767123,0
0.009478672985781991,0
0,0
0.7575757575757575,0
0.2966101694915254,0
0.8082191780821918,0
0.10256410256410256,0
0.036290322580645164,0
0.5234899328859061,0
0,0
0.14388489208633093,0
0.5237172861772301,0
0.5822784810126582,0
0.5759493670886076,0
0.16701461377870563,0
0.4110940008949959,0
0.732824772050148,0
0.018957345971563982,0
0.25,0
0.23952095808383234,0
0,0
0.18477735921886296,0
0,0
0.2275132275132275,0
0.3666914406043356,0
0.3904109589041096,0
0.005633802816901409,0
0.16501650165016502,0
0.410958904109589,0
0.3745967612633109,0
0.2964038556596742,0
0.2606833159902879,0
0.3246753246753247,0
0,0
0.025,0
0.13013698630136986,0
0.26785714285714285,0
0.18644067796610167,0
0.12931034482758622,0
0.1248918364345721,0
0.12128749293665944,0
0.4842105263157895,0
0.21999999999999997,0
0.19463087248322147,0
0.14764552003834705,0
0.2702702702702703,0
0.07171314741035857,0
0.5987718417468169,0
0.19760479041916168,0
0.27277872095338046,0
0.288135593220339,0
0.15454545454545454,0
0.011857707509881422,0
0.3090909090909091,0
0.18421052631578946,0
0.4091394319406842,0
0.22619047619047622,0
0.1648966298496523,0
0,0
0,0
0.61,0
0.1875,0
0.8076923076923077,0
0.21052631578947367,0
0.211864406779661,0
0.20338447992462155,0
0,0
0.1286549707602339,0
0.2154411798323566,0
0.24358974358974358,0
0.18947368421052632,0
0.34523809523809523,0
0.1693548387096774,0
0.31,0
0.017699115044247787,0
0,0
0.03139013452914798,0
0.3722627737226277,0
0.30927835051546393,0
0.5625,0
0.014084507042253521,0
0,0
0.25,0
0.017094017094017096,0
0.5947901077143198,0
0.2222222222222222,0
0.19411764705882353,0
0.2702702702702703,0
0.275,0
0.9117647058823529,0
0.4589041095890411,0
0.2545454545454545,0
0.21296296296296297,0
0.009478672985781991,0
0.2823529411764706,0
0.7767857142857144,0
0.2109375,0
0.015,0
0.19925782807676584,0
0.22818791946308725,0
0.11990452685133068,0
0.18548387096774194,0
0.3090909090909091,0
0.13773809938470868,0
0.2653061224489796,0
0.5454545454545454,0
0,0
0.014084507042253521,0
0,0
0.1752349364288882,0
0.25146198830409355,0
0.07552259988628489,0
0,0
0,0
0.3308270676691729,0
0.35185185185185186,0
0.17796610169491525,0
0.22321428571428573,0
0.29213483146067415,0
0,0
0.024875621890547265,0
0.13924050632911392,0
0.15315315315315314,0
0.24183415579967676,0
0.35762483130901124,0
0.07,0
0.35,0
0.02654867256637168,0
0.1419141914191419,0
0.5189873417721519,0
0.20535714285714285,0
0,0
0.6746987951807228,0
0,0
0.15568862275449105,0
0.01509433962264151,0
0.2394539716050675,0
0.25773195876288657,0
0.36,0
0.23232323232323235,0
0.6515151515151515,0
0.15987759661296988,0
0.23473929630762022,0
0.25,0
0.26325682411251705,0
0.8601802626530455,0
0.25,0
0,0
0.21476510067114093,0
0.16428571428571428,0
0.25742574257425743,0
0.022535211267605635,0
0.17647058823529413,0
0.2362348178130313,0
0,0
0.15294117647058825,0
0.20833333333333337,0
0.25773195876288657,0
0.15789473684210525,0
0.08767772511848342,0
0.24550898203592814,0
0.24242424242424243,0
0.16774193548387098,0
0.26136363636363635,0
0.5773195876288659,0
0.18990704920479798,0
0.1956521739130435,0
0.01282051282051282,0
0.01327433628318584,0
0.3047619047619048,0
0.6230820560867163,0
0.3307723029517442,0
0.28703703703703703,0
0.48324514991181655,1
0.8569268724697354,1
0.9369439071566731,1
0.9652173913043478,1
0.9741598607577989,1
0.9652474526928676,1
0.9652173913043478,1
0.9655464810103986,1
0.9488036593947924,1
0.9453255963894261,1
0.9369542886492039,1
0.936933436933437,1
0.9453255963894261,1
0.9453432631398733,1
0.9537569790734348,1
0.9655464810103986,1
0.9739355895196506,1
0.9652173913043478,1
0.9655464810103986,1
0.9658691062631949,1
0.9655759748991484,1
0.9655464810103986,1
0.9741379310344828,1
0.957300516773233,1
0.9739355895196506,1
0.9655759748991484,1
0.948847071296051,1
0.9741598607577989,1
0.9573363828289937,1
0.957300516773233,1
1.000000000012388,1
0.9185283924274475,1
0.7656123276561233,1
0.6832151300236406,1
0.6973995271867612,1
1.0000000000006632,1
0.8430867233943611,1
0.7698252222824581,1
0.7785476349152127,1
0.8163866400381885,1
0.7374749532057958,1
0.7866331168041758,1
0.8725163022707605,1
0.8769894144674186,1
1.000000000314995,1
0.7325679542207739,1
0.7345705967981282,1
0.7576068376073567,1
0.7351010101014732,1
0.7582106782111931,1
0.7404322949782327,1
0.9037483458495986,1
0.8769010556455472,1
0.864884996599008,1
0.864884996599008,1
0.8593917710202,1
0.8858510305292207,1
0.8817391304352857,1
0.9113043478266133,1
0.8343152266379559,1
0.9139774859292895,1
0.8853033145721426,1
0.824069325736455,1
0.8811489844641246,1
0.8250535692793809,1
0.8513422414836136,1
0.11407136770639428,1
0.9445692883897177,1
0.6017927887270176,1
0.6066265366252839,1
0.6157070707073774,1
0.5973735018306733,1
0.6116094980194607,1
0.6209534986067309,1
0.6201262626265693,1
0.6025845351406041,1
0.9145901357624635,1
0.8892571112955315,1
0.885691699605009,1
0.885691699605009,1
0.8657374338627309,1
0.9169428334717541,1
0.8591394450301634,1
0.8896565582757908,1
0.8861201810165029,1
0.9145901357624635,1
0.8394446680083483,1
0.8896565582757908,1
0.8440940170942833,1
0.9169428334717539,1
0.8892571112955315,1
0.8652837573388512,1
0.9166515700486031,1
0.8430602910605611,1
0.9796610169491525,1
0.885691699605009,1
0.838884920635223,1
0.8892571112955315,1
0.8435700737621228,1
0.8925899470902774,1
0.8892571112955315,1
0.8696417281351864,1
0.8652837573388512,1
0.8950427350430767,1
0.8587063987067083,1
0.8376700707156934,1
0.8105648952274719,1
0.8869982246201379,1
0.9359355212710639,1
0.8743295019157088,1
0.8161686217427291,1
1.0,1
0.9588168923275308,1
0.874328678839957,1
0.9377046574471467,1
0.969811320754717,1
0.9625701809107923,1
0.9698304632225337,1
0.969811320754717,1
0.9625701809107923,1
0.9554453037599104,1
0.9450166905102526,1
0.35237476838287696,1
0.35311198685323164,1
0.35274201239866476,1
0.35237476838287696,1
0.9377209038121687,1
0.35995009357454766,1
0.3626685355760246,1
0.3622641509433962,1
0.35995009357454766,1
0.9628710864665919,1
0.9700749773420121,1
0.9625701809107923,1
0.9700374531835206,1
0.9554177166117465,1
0.9698304632225337,1
0.9700749773420121,1
0.9554730983302412,1
0.9625701809107923,1
0.9554453037599104,1
0.35727208115267817,1
0.8204096702524706,1
0.916137280754325,1
0.901846452866861,1
0.9089296973518285,1
0.9234726948630693,1
0.916137280754325,1
0.9089296973518285,1
0.9683047619047619,1
0.9680259499536609,1
0.9758264219173775,1
0.967741935483871,1
0.9680259499536609,1
0.9603490798709922,1
0.9524956970740104,1
0.9603809523809523,1
0.9603490798709922,1
0.9680521091811415,1
0.9760194624652456,1
0.976,1
0.9758264219173775,1
0.9680521091811415,1
0.9680259499536609,1
0.8700358521787094,1
0.8847837985769019,1
0.8700206043956044,1
0.8553086932447398,1
0.8626585769442912,1
0.8700206043956044,1
0.9680521091811415,1
0.9677685625565033,1
0.9756302521008403,1
0.967479674796748,1
0.9677685625565033,1
0.9600324374420759,1
0.9521177203363438,1
0.9600651364764268,1
0.9600324374420759,1
0.9677954061094008,1
0.9758264219173775,1
0.9758064516129032,1
0.9756302521008403,1
0.9677954061094008,1
0.9677685625565033,1
0.9119950444670589,1
0.9287124369379249,1
0.9120186800599172,1
0.8953519374333453,1
0.9036768284589177,1
0.9120186800599172,1
0.9649823960414883,1
0.9646376811594203,1
0.9732420046321392,1
0.9642857142857143,1
0.9646376811594203,1
0.9561839799156838,1
0.9475268817204301,1
0.9562279950518604,1
0.9561839799156838,1
0.9646739130434783,1
0.9734782608695651,1
0.9734513274336283,1
0.9732420046321392,1
0.9646739130434783,1
0.9646376811594203,1
0.9112554112554112,1
0.9281115879828327,1
0.9112787356321839,1
0.8944746376811595,1
0.9028679653679653,1
0.9112787356321839,1
0.9646739130434783,1
0.9643226728428522,1
0.9730015082956259,1
0.963963963963964,1
0.9643226728428522,1
0.9557971014492753,1
0.9470657048157536,1
0.9558423913043478,1
0.9557971014492753,1
0.9643599643599644,1
0.9732420046321392,1
0.9732142857142857,1
0.9730015082956259,1
0.9643599643599644,1
0.9643226728428522,1
0.9798050341917649,1
0.9798121243946555,1
0.9848484848484849,1
0.9748830514573588,1
0.9848537756438237,1
0.9798050341917649,1
0.9700205573321151,1
0.9847769492123725,1
0.9848537756438237,1
0.9748917748917749,1
0.9796954314720813,1
0.9796954314720813,1
0.97502576139226,1
0.9798121243946555,1
0.9698806509945751,1
0.9797025989498301,1
0.9847769492123725,1
0.9700413223140496,1
0.9748830514573588,1
0.9798050341917649,1
0.9798050341917649,1
0.9750171311100959,1
0.9698701298701299,1
0.9799134199134198,1
0.9800068352699931,1
0.9796954314720813,1
0.9700309136707123,1
0.97502576139226,1
0.9319422305953178,1
0.927112012752493,1
0.9280056577093425,1
0.9275625119304738,1
0.9315192411136237,1
0.9319422305953178,1
0.9227667493803688,1
0.9280550774533632,1
0.8933096243616748,1
0.9019158121971457,1
0.9013104013111105,1
0.8979106468111081,1
0.8985277960894756,1
0.8972836841165556,1
0.9019158121971457,1
0.9801980198026947,1
0.9804832277745791,1
0.9803418803425931,1
0.9851839360145928,1
0.9801980198026947,1
0.9803418803425931,1
0.9303699897231998,1
0.9481751824824541,1
0.947818303871816,1
0.9570089649558808,1
0.9481751824824541,1
0.9485261960997121,1
0.947818303871816,1
0.9667934661005025,1
0.9707248416615131,1
0.9803418803425931,1
0.9802452480192182,1
0.9801980198026947,1
0.985256410257123,1
0.9257665296341283,1
0.9528865295295675,1
0.947818303871816,1
0.9522321832842338,1
0.9481751824824541,1
0.9391673226631689,1
0.9667934661005025,1
0.947818303871816,1
0.9755469755476848,1
0.9707936507943635,1
0.9756040347180461,1
0.9755469755476848,1
0.9348150358002115,1
0.9479418886205536,1
0.9523470205760992,1
0.952014057854176,1
0.9479418886205536,1
0.9670975323156207,1
0.947581722633639,1
0.9571123185185593,1
0.9803884234584449,1
0.985256410257123,1
0.9852216748775583,1
0.9302802460704103,1
0.9527802294799591,1
0.9572088662700388,1
0.9569105691063949,1
0.9669461606361817,1
0.943720960670812,1
0.9524542958555204,1
0.9524542958555204,1
0.9851839360145928,1
0.9803884234584449,1
0.9258671016490454,1
0.9482926829275332,1
0.9526704201348436,1
0.9666394335519056,1
0.9482926829275332,1
0.9393042677721233,1
0.9479374621482572,1
0.9526704201348436,1
0.9803418803425931,1
0.9303699897231998,1
0.9481751824824541,1
0.9667934661005025,1
0.9570089649558808,1
0.9528865295295675,1
0.9438467593814405,1
0.947818303871816,1
0.947818303871816,1
0.925666438825024,1
0.9669461606361817,1
0.9524542958555204,1
0.9569105691063949,1
0.9527802294799591,1
0.943720960670812,1
0.9572088662700388,1
0.9524542958555204,1
0.9577998652297912,1
0.9624915569071328,1
0.9578537576174747,1
0.9624747304589016,1
0.9671428571435362,1
0.9578267477210469,1
0.9624915569071328,1
0.9809025506874155,1
0.9809440559447496,1
0.9856459330150447,1
0.9762411576260946,1
0.9856769130157347,1
0.9809025506874155,1
0.9856084890025746,1
0.9856769130157347,1
0.9762920815559298,1
0.9807692307699246,1
0.9807692307699246,1
0.9809440559447496,1
0.9716118996701457,1
0.9808113186698676,1
0.9856084890025746,1
0.9762411576260946,1
0.9809025506874155,1
0.9809025506874155,1
0.9715504978669778,1
0.981033665244882,1
0.9807692307699246,1
0.9648673063310458,1
0.959496281022493,1
0.9594839404625269,1
0.9648673063310458,1
0.9702702702705941,1
0.9594839404625269,1
0.9542523809527006,1
0.9648697610657387,1
0.9739234449760765,1
0.9738897168405364,1
0.9803921568627451,1
0.9675734366288113,1
0.9804172876304023,1
0.942651098901099,1
0.9738897168405364,1
0.9802888545735309,1
0.9739234449760765,1
0.9611874169251219,1
0.9737184727647078,1
0.9426267281105989,1
0.9802888545735309,1
0.9804172876304023,1
0.9676146734970265,1
0.9736842105263158,1
0.9489836931557188,1
0.9736842105263158,1
0.9675734366288113,1
0.9738897168405364,1
0.9490041208791209,1
0.9738897168405364,1
0.9611376081964318,1
0.9553856686444545,1
0.9740917387976211,1
0.9426389526871841,1
0.9736842105263158,1
0.9489836931557188,1
1.0,1
0.04749741394319893,0
0.027708253372759523,0
0.3042956640628934,0
0.3096259019099511,0
0.3970155235146932,0
0.5017619935015125,0
0.395091233482922,0
0.08898249071392547,0
0.21582669267152232,0
0.4324620942904393,0
0.32736657245261863,0
0.1615814693365583,0
0.061954460606193106,0
0.18047329276538202,0
0.22589952220748546,0
0.20005517202216477,0
0.32142295339841137,0
0.16129032258064516,0
0.14166026824417075,0
0.0,0
0.062283311432689364,0
0.00322234156820623,0
0.060235735981391515,0
0.29664258604732063,0
0.1811886979301522,0
0.28448718983335053,0
0.18120721961073682,0
0.3652884944060161,0
0.4319583882635164,0
0.2979923747305895,0
0.23097134237924904,0
0.5683894230772885,0
0.10616302567674267,0
0.8915491816561336,0
0.15730827110076312,0
0.2504947097209876,0
0.30600055741368526,0
0.2049083607198113,0
0.05910271269776284,0
0.20634393729421197,0
1.0,0
0.16042775158409114,0
0.034874290348742905,0
0.4066180004836051,0
0.005747126436781609,0
0.06779661016949153,0
0.26227391467275896,0
0.021212121212121213,0
0.38650478356462364,0
0.04252400548696845,0
0.4341056034482626,0
0.9020871143375682,0
0.1859572784795868,0
0.057646963035712866,0
0.1821862167310572,0
0.49389067524115754,0
0.5541439806412584,0
0.1785684105318476,0
0.01264367816091954,0
0.3774325088663324,0
0.06962256138685584,0
0.046076636506718956,0
0.07107690977500468,0
0.35116377065698695,0
0.18901800326213944,0
0.01818181818181818,0
0.14726971035302067,0
0.2048965530716357,0
0.3273769839003173,0
0.0,0
0.36166781187967634,0
0.14210519099929736,0
0.9021007454257962,0
0.24047086828089947,0
0.2648550487511018,0
0.18837696898905992,0
0.027272727272727268,0
0.8907303389681429,0
0.013793103448275862,0
0.09929078014184398,0
0.34555956445699587,0
0.8901537685313302,0
0.06388597256911159,0
0.8617653254687171,0
0.20756190854496306,0
0.2117316784856296,0
0.6401922236784623,0
0.31400603147447487,0
0.2437465119891225,0
0.21944831321362662,0
0.19368391168451815,0
0.2479602524871035,0
0.5498287580666142,0
0.00720164609053498,0
0.0,0
0.18327228327185602,0
0.024691358024691357,0
0.8915491816561336,0
0.21863954307815728,0
0.18170521442564624,0
0.06124876032576935,0
0.885972751462168,0
0.16875779587643996,0
0.2317254405532714,0
0.6308659654667258,0
0.01818181818181818,0
0.13815722669222502,0
0.01411283622681507,0
0.6542703075270125,0
0.18597657486504174,0
0.17953903880746108,0
0.1905862499082838,0
0.34307832116051296,0
0.3104145601618637,0
0.30260610655387726,0
0.08724125789497306,0
0.8584403894934948,0
0.5735638699924246,0
0.2186588539158587,0
0.4958552138034509,0
0.5318708536045998,0
0.06233512897889991,0
0.4962124081508976,0
0.06481481481481481,0
0.16485839086938142,0
0.10508474576271186,0
0.20086423854098623,0
0.09934748942102213,0
0.2643001730074871,0
0.15552991175076392,0
0.18737362998694967,0
0.01264367816091954,0
0.5630827417948914,0
0.43215016859343564,0
0.12342690802866348,0
0.11344207425024885,0
0.5575450940554088,0
0.17534242436042366,0
0.28888985983417803,0
0.21327882669230158,0
0.15693262433729438,0
0.2032907982791367,0
0.17777963460405768,0
0.21776442349931507,0
0.4646125479458813,0
0.0402093009710579,0
0.20677100997770365,0
0.4532190347058553,0
0.10006338054470314,0
0.49936438690307017,0
0.09552793022057458,0
0.19091228092461263,0
0.2461596793413498,0
0.0,0
0.22043260900550038,0
0.08166762627818021,0
0.051440329218107,0
0.891431488593528,0
0.8578559738134206,0
0.11240079661063425,0
0.0842004784115422,0
0.0825431414296907,0
0.34545872854061416,0
0.0886509200982081,0
0.2638892247395281,0
0.23658794696418714,0
0.047039740470397405,0
0.043795620437956206,0
0.27984732031888254,0
0.07235344933863262,0
0.16460758755808869,0
0.2152279423959756,0
0.01818181818181818,0
0.16792196469578508,0
0.17863079182626643,0
0.027497328846150425,0
0.13697544774687664,0
0.5861547983107454,0
0.30407091433292305,0
0.5421062138728324,0
0.3881871167056272,0
0.6288318144163733,0
0.3496014636888244,0
0.14210519099929736,0
0.28422560762082894,0
0.2366225498293972,0
0.17422092408091844,0
0.572531953265882,0
0.560263454494208,0
0.30482728718022833,0
0.16129032258064516,0
0.13898305084745763,0
0.030303030303030304,0
0.2525821539838208,0
0.16129032258064516,0
0.3042427117821475,0
0.19516051152704245,0
0.26124268928292804,0
0.08013520157616759,0
0.19093862101783618,0
0.011494252873563216,0
0.8552036199095023,0
0.12521663662105062,0
0.14679591309323833,0
0.03391994091106151,0
0.848362678953431,0
0.12444897044458018,0
0.12158608486714523,0
0.07045041663881062,0
0.28416286292044,0
0.9682792638967939,0
0.2518272441255968,0
0.44117816091952716,0
0.8735332464146024,0
0,0
0.14007024021089456,0
0.021212121212121213,0
0.20761985018316675,0
0.04242424242424243,0
0.26568881397891353,0
0.01264367816091954,0
0.20743717624898325,0
0.09411869887522825,0
0.062340725763989815,0
0.3996864568458833,0
0.31859315638767477,0
0.3145358014289609,0
0.36003137812735336,0
0.3048890751216332,0
0.8957987292254177,0
0.3096442996299087,0
0.46568638880817087,0
0.030303030303030304,0
0.3521014548851808,0
0.0053705692803437165,0
0.31821418480909586,0
0.23903949507415678,0
0.9020871143375682,0
0.13298879123104485,0
0.5628548895898886,0
0.9292753623188406,0
0.8552036199095023,0
0.2537121908907338,0
0.18632513203967774,0
0.11311231073048512,0
0.024242424242424242,0
0.050411522633744855,0
0.0,0
0.05994530016492685,0
0.28771441948297116,0
0.4717124768982738,0
0.025667045682158093,0
0.0,0
0.2643455452327615,0
0.1269750300483161,0
0.28775783659417126,0
0.014991181657848324,0
0.28605254469128816,0
0.021212121212121213,0
0.5696545436328808,0
0.2428556022850084,0
0.3099507182730067,0
0.16566407953703458,0
0.26570721563506483,0
0.5025265356820073,0
0.20235569966914133,0
0.9669760876074774,0
0.038929440389294405,0
0.10610938011861253,0
0.19584488443011142,0
0.16787826176312728,0
0.34823799239121817,0
0.3821503120790532,0
0.22450791969791287,0
0.12529550827423167,0
0.12969963985437874,0
0.15002302531752296,0
0.2940875678984358,0
0.013717421124828532,0
0.1875427548006068,0
0.24863870037994162,0
0.013793103448275862,0
0.03939393939393939,0
0.09904025248344371,0
0.28645252386849335,0
0.40579990725985104,0
0.1522084513310241,0
0.50650653070998,0
0.19411916336097323,0
0.13389397511411394,0
0.0806143843758099,0
0.061954460606193106,0
0.04409171075837742,0
0.0836816388349837,0
0.15577081146662075,0
0.07563352220935071,0
0.5689817502173635,0
0.24525211824377377,0
0.16129032258064516,0
0.0,0
0.8480868075385495,0
0.13949556769894858,0
0.3542170834102955,0
0.5457304277643261,0
0.2917657213852536,0
0.06428733365955983,0
0.34523531977771404,0
0.21973306307325854,0
0.1581889125806202,0
0.606652974856842,0
0.2998841659933943,0
0.388563263200165,0
0.30275220992846724,0
0.0,0
0.0,0
0.018912529550827423,0
0.24790568557171974,0
0.07510288065843622,0
0.5740729783037312,0
0.2535896432719516,0
0.02904471004869411,0
0.2839963857444631,0
0.5459551012819475,0
0.186483014875724,0
0.22386655735587058,0
0.1657479603817132,0
0.0,0
0.17673560280934072,0
0.4109888525877801,0
0.28208926177937915,0
0.042328042328042326,0
0.06779661016949153,0
0.4040195520150935,0
0.6616727132283574,0
0.9440911910669976,0
0.16623860826855769,0
0.13169764364015724,0
0.37666299478592935,0
0.18827952440907605,0
0.20953778658561564,0
0.40794958447277213,0
0.08333333333333333,0
0.8902777796462747,0
0.4113275304443517,0
0.21026114351243372,0
0.1643481638662268,0
0.43238704533973227,0
0.38306408076498505,0
0.1364666656332539,0
0.5648353879969253,0
0.16051931690793367,0
0.12988820527882528,0
0.18203309692671396,0
0.20747147005981093,0
0.3003313932180859,0
0.08024691358024691,0
0.13189492630211389,0
0.1802414418600495,0
0.5841690262702369,0
0.015055360402086349,0
0.2921062928614087,0
0.4306432814497199,0
0.061217468387777474,0
0.20065102855800526,0
0.6637004391517026,0
0.49514996648022574,0
0.06964073913543083,0
0.07273998950865536,0
0.16129032258064516,0
0.02906487091243393,0
0.10696710696710696,0
0.16065786091525444,0
0.42777168598288773,0
0.5309655897603249,0
0.10549040720208488,0
0.49382553862322653,0
0.2468108894411591,0
0.22829321428463298,0
0.14679052640388315,0
0.16129032258064516,0
0.2778575515692158,0
0.16149617437150388,0
0.8775614754098361,0
0.5963560090706841,0
0.4202033666319381,0
0.10356146267749397,0
0.43231408369728047,0
0.30182882467146427,0
0.25970642111462705,0
0.8563435905874609,0
0.6616727132283574,0
0.8987305369541104,0
0.06128597667253904,0
0.011135857461024499,0
0.592311997626353,0
0.3894260707148549,0
0.028368794326241138,0
0.13025162262756057,0
0.10600250432280228,0
0.22222566548187941,0
0.2874844599096146,0
0.0844671958024856,0
0.19116374951289516,0
0.3019286176125472,0
0.22950216952071806,0
0.8681704260651629,0
0.2554541080421454,0
0.2630539516862267,0
0.2223917465834163,0
0.08323257289821612,0
0.2794868035191035,0
0.015089163237311385,0
1.0000000000046376,1
1.0,1
0.8264987661494491,1
0.9999999999999859,1
0.4050632911392405,1
0.9254165434290278,1
0.951277480688994,1
0.9162412477754291,1
0.9610219845511448,1
0.9252976431643987,1
0.9609756097558473,1
0.9254165434290278,1
0.9999999999997533,1
0.9609756097558473,1
0.9254165434290278,1
0.951277480688994,1
0.9162412477754291,1
0.9610219845511448,1
0.9609756097558473,1
0.9254165434290278,1
0.9513618677041511,1
0.9513938789733264,1
0.9513938789733264,1
0.9513618677041511,1
0.96,1
0.8440459795958516,1
0.9225764334675226,1
0.9183443992289569,1
0.9718309859147224,1
0.9434300398988333,1
0.9999999999992454,1
0.9718309859147224,1
0.9215798942774261,1
0.9146906733100084,1
0.7536930302642713,1
0.980487804877973,1
0.9031976922312468,1
0.886248197154469,1
0.7325815573085788,1
0.9756592734892711,1
0.9027848530871755,1
0.8814363158853931,1
0.7080463550506192,1
0.9805274187914016,1
0.9071453733161976,1
0.8860667145564893,1
0.7126037254882075,1
0.980487804877973,1
0.9031976922312468,1
0.886248197154469,1
0.7325815573085788,1
0.8916494017549176,1
0.7452418335992025,1
0.9031976922335275,1
0.9835390946540569,1
0.8630366224756459,1
0.7257520094977664,1
0.8988640491860548,1
0.979468075894009,1
0.8588116235184277,1
0.695059820633701,1
0.9031879263879423,1
0.9835744607159789,1
0.8629414805894611,1
0.6991993199852385,1
0.9031976922335275,1
0.9835390946540569,1
0.8630366224756459,1
0.7257520094977664,1
0.7440847140249135,1
0.8945680823890073,1
0.8676613588254505,1
0.8971674377084419,1
0.7234476376796979,1
0.8896846959897938,1
0.8671829339758729,1
0.8925214112859843,1
0.6979319272870695,1
0.8944028747304844,1
0.8714202221114662,1
0.8970159291834368,1
0.7023570526003527,1
0.8945680823890073,1
0.8676613588254505,1
0.8971674377084419,1
0.7234476376796979,1
0.7135080000569434,1
0.7068815131117449,1
0.7092776599017202,1
0.9832635983263558,1
0.7086606827540981,1
0.7060507754771752,1
0.7046406083816433,1
0.9498050588497082,1
0.7130968393936113,1
0.7101559236501201,1
0.7088759906904889,1
0.9540509103376104,1
0.7135080000569434,1
0.7068815131117449,1
0.7092776599017202,1
0.9832635983263558,1
0.9162412477754599,1
0.9577047066474388,1
0.9162412477754599,1
0.9577047066474388,1
0.9254165434290584,1
0.9661016949217883,1
0.9254165434290584,1
0.9616977225673804,1
1.000000000006534,1
0.9162412477754599,1
0.9577047066474388,1
0.9162412477754599,1
0.9254165434290584,1
0.9661016949217883,1
0.9513938789733264,1
0.9513938789733264,1
0.9513618677041511,1
0.8486102133160957,1
0.9128495267109128,1
0.9183443992289569,1
0.9434300398988333,1
0.9718309859147224,1
0.9999999999992294,1
0.920529625004356,1
0.9048096820732625,1
0.7503645577002749,1
0.9756592734892711,1
0.9027848530871755,1
0.8814363158853931,1
0.7080463550506192,1
0.9756592734892711,1
0.9027848530871755,1
0.8814363158853931,1
0.7080463550506192,1
0.980487804877973,1
0.9031976922312468,1
0.886248197154469,1
0.7325815573085788,1
0.8795924985574219,1
0.7420705701170349,1
0.8988640491860548,1
0.979468075894009,1
0.8588116235184277,1
0.695059820633701,1
0.8988640491860548,1
0.979468075894009,1
0.8588116235184277,1
0.695059820633701,1
0.9031976922335275,1
0.9835390946540569,1
0.8630366224756459,1
0.7257520094977664,1
0.7258964393178876,1
0.7410359901377587,1
0.8770994208512212,1
0.8625564939134801,1
0.9779260373771412,1
0.6978757828872157,1
0.8770994208512212,1
0.8625564939134801,1
0.9779260373771412,1
0.6978757828872157,1
0.8819213645217686,1
0.8630366224757778,1
0.9823008849556367,1
0.7240560929895585,1
0.7086606827540981,1
0.7060507754771752,1
0.7046406083816433,1
0.9498050588497082,1
0.7086606827540981,1
0.7060507754771752,1
0.7046406083816433,1
0.9498050588497082,1
0.7135080000569434,1
0.7068815131117449,1
0.7092776599017202,1
0.9832635983263558,1
0.9613471296389046,1
0.9704433497534418,1
0.9338871754054949,1
0.9610219845511448,1
0.9252976431643987,1
0.951277480688994,1
0.951277480688994,1
0.9162412477754291,1
0.9999999999997473,1
0.9613471296389046,1
0.9704433497534418,1
0.9610219845511448,1
0.9252976431643987,1
0.9338871754055258,1
0.9743589743655643,1
0.9252976431644293,1
0.9661637653192634,1
0.9162412477754599,1
0.9162412477754599,1
0.9577047066474388,1
0.9613471296389353,1
1.0000000000065898,1
0.9338871754055258,1
0.9252976431644293,1
0.9661637653192634,1
0.960707269155076,1
0.9513938789733264,1
0.8983781645569621,1
0.8900533263691736,1
0.9201810796712045,1
0.9043659043673103,1
0.7257664068833415,1
0.9852941176469827,1
0.9071271920068434,1
0.8903798903812964,1
0.7121234284695652,1
0.9805274187914016,1
0.9031879263856565,1
0.8860667145564893,1
0.7321741940558648,1
0.8790843069696717,1
0.7149831061647196,1
0.9071271920091344,1
0.9876033057889909,1
0.8666174249604529,1
0.7024866970868684,1
0.9071453733184834,1
0.9835744607159789,1
0.8667213497731191,1
0.7290486253995958,1
0.7147556332679587,1
0.8860328860346907,1
0.8666174249605857,1
0.9866666666665507,1
0.701742330780972,1
0.8817298195223175,1
0.8629414805895935,1
0.9823408299016898,1
0.7236487925902669,1
0.6929954674384405,1
0.683971810409938,1
0.686856126117779,1
0.9869565217391166,1
0.6934794060694551,1
0.6807064129806951,1
0.6873312415691212,1
0.9540509103376376,1
0.9613471296389046,1
0.9610219845511448,1
0.9252976431643987,1
0.9610219845511448,1
0.951277480688994,1
0.9162412477754291,1
0.9704433497534418,1
0.9338871754054949,1
0.9999999999997473,1
0.9610219845511448,1
0.9252976431643987,1
0.1756401873896839,1
0.9252976431644293,1
0.9661637653192634,1
0.9252976431644293,1
0.9162412477754599,1
0.9577047066474388,1
0.9338871754055258,1
0.9743589743655643,1
0.9613471296389353,1
0.9252976431644293,1
0.9661637653192634,1
0.9612317481034343,1
0.9201810796712045,1
0.9043659043673103,1
0.7257664068833415,1
0.9805274187914016,1
0.9031879263856565,1
0.8860667145564893,1
0.7321741940558648,1
0.8790843069696717,1
0.7149831061647196,1
0.9071453733184834,1
0.9835744607159789,1
0.8667213497731191,1
0.7290486253995958,1
0.7147556332679587,1
0.8817298195223175,1
0.8629414805895935,1
0.9823408299016898,1
0.7236487925902669,1
0.6934794060694551,1
0.6807064129806951,1
0.6873312415691212,1
0.9540509103376376,1
0.9616977225673499,1
0.9609756097558473,1
0.9609756097558473,1
0.9254165434290278,1
0.9610219845511448,1
0.9252976431643987,1
0.9610219845511448,1
0.9999999999997498,1
0.9616977225673499,1
0.9254165434290584,1
0.9254165434290584,1
0.9661016949217883,1
0.9252976431644293,1
0.9661637653192634,1
0.9252976431644293,1
0.9616977225673804,1
1.000000000006534,1
0.9434300398988277,1
0.9434300398988277,1
0.920529625004356,1
0.9048096820732625,1
0.7503645577002749,1
0.8795924985574219,1
0.7420705701170349,1
0.7410359901377587,1
1.0,1
1.0,1
1.0,1
1.0,1
1.0,1
1.0,1
0.9609756097558473,1
0.9254165434290278,1
0.951277480688994,1
0.9162412477754291,1
0.9610219845511448,1
0.9609756097558473,1
0.9254165434290278,1
0.9718309859147224,1
0.9616977225673499,1
0.951277480688994,1
0.9162412477754291,1
0.951277480688994,1
0.9609756097558473,1
0.9254165434290278,1
0.9162412477754599,1
0.9577047066474388,1
0.9162412477754599,1
0.9254165434290584,1
0.9661016949217883,1
0.9613471296389046,1
0.9704433497534418,1
0.9610219845511448,1
0.9252976431643987,1
0.9338871754055258,1
0.9252976431644293,1
0.9661637653192634,1
0.9610219845511448,1
0.9252976431643987,1
0.9616977225673499,1
1.0,1
0.25822363342046417,0
0.13924050632911392,0
0.49085759303753673,0
0.07017543859649122,0
0.0061312078479460455,0
0.2540102158042763,0
0.2396850630912368,0
0.15454703343753948,0
0.4760514394018257,0
0.05454545454545454,0
0.21846713660512287,0
0.16897881380233803,0
0.21927759659864984,0
0.5117001291050806,0
0.3064892317705084,0
0.06880311043776374,0
0.029429797670141016,0
0.23776413652503262,0
0.43902496978430283,0
0.0594059405940594,0
0.05334150827713059,0
0.03501945525291829,0
0.20846485317062807,0
0.023102310231023104,0
0.4184960194298849,0
0.5653967108999846,0
0.02531645569620253,0
0.14239812423292045,0
0.08771929824561403,0
0.24497564380787676,0
0.23164463703578864,0
0.6215877952088215,0
0.05454545454545454,0
0.0165016501650165,0
0.08035714285714286,0
0.5037892457715171,0
0.5078380175231597,0
0.2900930535021589,0
0.2355460632426737,0
0.09649122807017543,0
0.009900990099009901,0
0.23776413652503262,0
0.5031060694285043,0
0.19492187955723764,0
0.20835954217587246,0
0.5004582409578515,0
0.16041850349707107,0
0.19936708860759494,0
0.024553571428571428,0
0.36479967526325,0
0.28896612344845907,0
0.0924092409240924,0
0.03310852237890864,0
0.12714894761817577,0
0.022072348252605765,0
0.27322341677512696,0
0.4810750308769116,0
0.17925641862450492,0
0.25047423929734863,0
0.05334150827713059,0
0.18067129176984983,0
0.5687986335847806,0
0.40309909909921443,0
0.42059578427866723,0
0.4166270186077739,0
0.5037303474379006,0
0.4599179757761256,0
0.2071826517497996,0
0.21406359648204554,0
0.18432941869155103,0
0.2326247237803072,0
0.47557053453844234,0
0.050420168067226885,0
0.22275895279497243,0
0.07017543859649122,0
0.08035714285714286,0
0.64059505632409,0
0.25186606282375607,0
0.05334150827713059,0
0.2478700801485279,0
0.04017857142857143,0
0.4249013948235605,0
0.20646767271950023,0
0.09603556750239096,0
0.12974683544303797,0
0.21979389134686494,0
0.022151898734177215,0
0.006600660066006601,0
0.13924050632911392,0
0.44242625225409504,0
0.20854864078711105,0
0.0462046204620462,0
0.5328014641972424,0
0.1596549636670613,0
0.4066298923706192,0
0.38232765460405316,0
0.0924092409240924,0
0.2397347333510042,0
0.382958467745895,0
0.4817910915609089,0
0.3223788012441465,0
0.4201661386892514,0
0.18043362799542095,0
0.47855631456930664,0
0.3562493943004733,0
0.4365005880831208,0
0.06060606060606061,0
0.023102310231023104,0
0.4810750308769116,0
0.03372164316370325,0
0.18199322419518021,0
0.022151898734177215,0
0.3025394279356247,0
0.12974683544303797,0
0.14240506329113925,0
0.15780115010773926,0
0.05454545454545454,0
0.6822445195775995,0
0.21979389134686494,0
0.00797057020232986,0
0.05334150827713059,0
0.03501945525291829,0
0.25560865965337637,0
0.15059402446340206,0
0.051243207473745826,0
0.06352403705907465,0
0.20639971577012572,0
0.16006488464003155,0
0.05454545454545454,0
0.08126241727092114,0
0.2160795174447627,0
0.5052486171817068,0
0.20728356267844691,0
0.0462046204620462,0
0.08484848484848485,0
0.02023298589822195,0
0.2088607594936709,0
0.17082103105037952,0
0.32446747288504096,0
0.049079754601226995,0
0.17372124230531286,0
0.02506265664160401,0
0.03801348865726549,0
0.026785714285714284,0
0.023102310231023104,0
0.3528072681561404,0
0.06748466257668712,0
0.20981549202150676,0
0.2674816859393073,0
0.20901451485512945,0
0.07563025210084033,0
0.21212986654449367,0
0.3834608667288724,0
0.4140986229358866,0
0.09009009009009009,0
0.2478700801485279,0
0.006600660066006601,0
0.03862660944206009,0
0.24731692460930074,0
0.03164556962025317,0
0.03801348865726549,0
0.333617166215024,0
0.08484848484848485,0
0.23565437811030457,0
0.22178988326848248,0
0.245293365669887,0
0.5001137943594328,0
0.034334763948497854,0
0.17595947469773826,0
0.10593780101830193,0
0.12974683544303797,0
0.019801980198019802,0
0.0061312078479460455,0
0.24731692460930074,0
0.2524990219975477,0
0.21308933630182506,0
0.45792313429016673,0
0.5907485694348096,0
0.18843005937831725,0
0.2088607594936709,0
0.15082858801399338,0
0.030656039239730228,0
0.32531267086056626,0
0.050420168067226885,0
0.6750264868133099,0
0.08035714285714286,0
0.1737746864535309,0
0.20055150595250698,0
0.2295614370658544,0
0.03467724861531586,0
0.05278471801589112,0
0.38332142991831464,0
0.026490066225165563,0
0.4140986229358866,0
0.052805280528052806,0
0.0594059405940594,0
0.08771929824561403,0
0.216050561053479,0
0.08484848484848485,0
0.0018393623543838135,0
0.235608363378635,0
0.22834762514457752,0
0.29028113575578984,0
0.4278832367958556,0
0.07359043084869529,0
0.23565437811030457,0
0.02023298589822195,0
0.5037303474379006,0
0.13924050632911392,0
0.4285136647826625,0
0.09009009009009009,0
0.4066298923706192,0
0.3890446988350092,0
0.5616119441433939,0
0.245293365669887,0
0.0594059405940594,0
0.20639971577012572,0
0.024553571428571428,0
0.04700818479742268,0
0.23616890102607027,0
0.042673940111758984,0
0.019801980198019802,0
0.41374249170078264,0
0.0924092409240924,0
0.15961538460207902,0
0.4986224825903904,0
0.0924092409240924,0
0.08035714285714286,0
0.20890847427186826,0
0.6385784486724789,0
0.07876130594216191,0
0.7215189873417721,0
0.49840886408712287,0
0.5010446766066334,0
0.37966777495883486,0
0.052805280528052806,0
0.24741553465697422,0
0.22140451303306274,0
0.02531645569620253,0
0.5086474501226704,0
0.07993032389527814,0
0.09603556750239096,0
0.40309909909921443,0
0.009900990099009901,0
0.16959090816284836,0
0.25083272242346705,0
0.6148573101411725,0
0.050889025137952175,0
0.0594059405940594,0
0.21461492506002464,0
0.43902496978430283,0
0.042673940111758984,0
0.0061312078479460455,0
0.23431580531089016,0
0.12341772151898735,0
0.21205551216628507,0
0.08188723925068331,0
0.3219987940848948,0
0.21715948036716753,0
0.14764048132327187,0
0.23431580531089016,0
0.1501276893928206,0
0.23164463703578864,0
0.486314437213671,0
0.08035714285714286,0
0.22140451303306274,0
0.48678688848913565,0
0.050889025137952175,0
0.22507380817818384,0
0.018393623543838136,0
0.14712684138699406,0
0.3256443024139639,0
0.2088607594936709,0
0.009900990099009901,0
0.2397347333510042,0
0.4760514394018257,0
0.29194844481824234,0
0.24855469741816932,0
0.21770304665262924,0
0.2501282572277538,0
0.43941780152190973,0
0.07017543859649122,0
0.6606147764217364,0
0.5062356944059564,0
0.03188228080931944,0
0.009196811771919068,0
0.026785714285714284,0
0.1432630176150539,0
0.22327380545775666,0
0.20569620253164558,0
0.18432941869155103,0
0.011037527593818985,0
0.17372124230531286,0
0.08035714285714286,0
0.4140986229358866,0
0.23164463703578864,0
0.4254277901610231,0
0.6662872573155055,0
0.0061312078479460455,0
0.1887680434623413,0
0.6219480458927233,0
0.18845557836650362,0
0.23503167007865788,0
0.14239812423292045,0
0.004291845493562232,0
0.06060606060606061,0
0.3219987940848948,0
0.42437151639611087,0
0.37966777495883486,0
0.674053185673741,0
0.397393272090625,0
0.3006230363790021,0
0.20890847427186826,0
0.23555288637892385,0
0.2687276326726837,0
0.5499292790499002,0
0.10593780101830193,0
0.0231023102310231,0
0.03501945525291829,0
0.0594059405940594,0
0.21621118118058646,0
0.2217898832684825,0
0.009196811771919068,0
0.0594059405940594,0
0.6049409280015933,0
0.47855631456930664,0
0.6197872400711024,0
0.5318764568880923,0
0.5010446766066334,0
0.07563025210084033,0
0.2975199733688822,0
0.38332142991831464,0
0.14529294295307307,0
0.6324186935315125,0
0.23503167007865788,0
0.6367221797633229,0
0.04981104536838039,0
0.46408642858331894,0
0.030656039239730228,0
0.49695487887380385,0
0.6778869107031182,0
0.2275847275847151,0
0.21111273296241306,0
0.5136757584028308,0
0.026785714285714284,0
0.07563025210084033,0
0.08588957055214724,0
0.35214004580830593,0
0.049079754601226995,0
0.4672073077099972,0
0.49085759303753673,0
0.5616119441433939,0
0.37966777495883486,0
