0.4247087378625206,1
0.4124324324305326,1
0.39949044482735013,1
0.3901910817700253,1
0.417425742572887,1
0.40084788029676827,1
0.41175609755961207,1
0.3757311320731114,1
0.4208536585356019,1
0.39847665847276553,1
0.4140127384921126,1
0.4028025474093101,1
0.39361386138423404,1
0.3989526184480698,1
0.4129512195109824,1
0.3826886792434683,1
0.4069024390231776,1
0.3933047199864419,1
0.38785407620961787,1
0.41578947368282293,1
0.39040404038794896,1
0.4009629629613713,1
0.3904534606186887,1
0.4009629629613713,1
0.479850746267798,1
0.3887257002658159,1
0.37695651917111295,1
0.3653091658945341,1
0.37987577578571863,1
0.3922174839225545,1
0.3778401711081485,1
0.3678260843885042,1
0.36701492282417164,1
0.3759006205062155,1
0.3993816630270321,1
0.39262086513077255,1
0.3901990049735286,1
0.376538461532875,1
0.3953233830831932,1
0.37010025061051766,1
0.40038740919718796,1
0.3855137844572011,1
0.36966824644174306,1
0.424313725489203,1
0.3831279620839897,1
0.48278118609406956,1
0.5073053892215569,1
0.48184738955823286,1
0.6488018387061164,1
0.46372881352260537,1
0.40192398812318253,1
0.40920634832964364,1
0.40721461099264555,1
0.388367814366491,1
0.43108108096654735,1
0.4070804588877808,1
0.39820454421201507,1
0.4902663437889492,1
0.4028741068880281,1
0.40512471567658237,1
0.3970776246912757,1
0.38574712471131856,1
0.42418918907465547,1
0.3937011485429533,1
0.38802272603019683,1
0.43729999958606874,1
0.4200952374887117,1
0.4233093521224107,1
0.4073429942657635,1
0.4424113474005597,1
0.4201932363180268,1
0.4220047730466483,1
0.384766355140039,1
0.3884941176468773,1
0.39364928675538013,1
0.400835265067111,1
0.3782938388624103,1
0.3851053841001649,1
0.42119100900479456,1
0.3990045226488019,1
0.4004434573036027,1
0.4035294117645637,1
0.39834451734266874,1
0.397061503416682,1
0.4292410708472227,1
0.4382915711672149,1
0.40340090090072833,1
0.39782022349053175,1
0.37931192660532953,1
0.38353741273932923,1
0.4022471901487296,1
0.40726666545174806,1
0.4191946296628512,1
0.4480722891558642,1
0.7200000000000001,1
0.72,1
0.40201550387596896,1
0.42600000000000005,1
0.4231147540983607,1
0.4301948717948718,1
0.5781117498367052,1
0.16475829383066778,1
0.4783908045965595,1
0.37368270332109704,1
0.4069069069021997,1
0.4356850226110928,1
0.44234013605317707,1
0.49178467249759833,1
0.1,1
0.48,1
0.06,1
0.14,1
0.54,1
0.12,1
0.05366153846153847,1
0.31525477706992305,1
0.3236538461537068,1
0.4823156342173583,1
0.08,1
0.02,1
0.06,1
0.04,1
0.04,1
0.16,1
0.39187935034802784,1
0.9068354430372396,1
0.62,1
0.04767123287671233,1
0.11803278688524589,1
0.06557377049180328,1
0.06338028169014084,1
0.29071428571428576,1
0.20714285714285716,1
0.0395,1
0.063768115942029,1
0.05085714285714286,1
0.050555555555555555,1
0.09671641791044777,1
0.048358208955223886,1
0.07181818181818182,1
0.07105263157894737,1
0.035526315789473684,1
0.08484848484848485,1
0.0556,1
0.07184210526315789,1
0.06358974358974359,1
0.14800000000000002,1
0.19165217391304348,1
0.1436286919831224,1
0.10860759493670886,1
0.20444444444444448,1
0.16785714285714287,1
0.16892703862660943,1
0.13914163090128756,1
0.05169230769230769,1
0.07781249999999999,1
0.038906249999999996,1
0.09462962962962963,1
0.039047619047619046,1
0.051875000000000004,1
0.051515151515151514,1
0.1040466926070039,1
0.11377431906614786,1
0.17471365638766517,1
0.2308196721311475,1
0.2429249011857708,1
0.15739130434782608,1
0.27090909090909093,1
0.1111111111111111,1
0.11298804780876494,1
0.10723076923076923,1
0.10261538461538461,1
0.11555555555555556,1
0.09848605577689243,1
0.10015384615384615,1
0.0893846153846154,1
0.15221719457013574,1
0.12991304347826088,1
0.10747826086956522,1
0.22680161943319838,1
0.1759514170040486,1
0.14453125,1
0.0,0
0.009787928221859706,0
0.0,0
0.0,0
0.0,0
0.0,0
0.023227513227513232,0
0.0,0
0.0,0
0.0,0
0.0,0
0.0,0
0.0,0
0.0,0
0.012775229344886329,0
0.0,0
0.0,0
0.0,0
0.0,0
0.0,0
0.0,0
0.0,0
0.0,0
0.009950248756218905,0
0.0,0
0.0,0
0.0,0
0.0,0
0.005847953216374269,0
0.0,0
0.0,0
0.0,0
0.0,0
0.0,0
0.0,0
0.0,0
0.0,0
0.005250596658711217,0
0.0,0
0.0,0
0.0,0
0.006501547987616099,0
0.0,0
0.061377870563674324,0
0.0,0
0.17651829867287203,0
0.0,0
0.0,0
0.03826086956521739,0
0.040248447204968944,0
0.0,0
0.0,0
0.0,0
0.0,0
0.0,0
0.008875739644970414,0
0.0,0
0.0,0
0.0,0
0.0,0
0.0,0
0.0,0
0.0,0
0.0,0
0.0,0
0.0,0
0.0,0
0.0,0
0.0,0
0.0,0
0.0,0
0.0,0
0.0,0
0.0,0
0.0,0
0.0,0
0.0,0
0.0,0
0.0,0
0.0,0
0.0,0
0.0,0
0.0,0
0.04485549132947977,0
0.0,0
0.0,0
0.0,0
0.0,0
0.014918918918918918,0
0.0,0
0.0,0
0.0,0
0.0,0
0.0,0
0.0,0
0.017374749498997998,0
0.0,0
0.0,0
0.0,0
0.0,0
0.0,0
0.005230024213075061,0
0.010526315789473684,0
0.0,0
0.0,0
0.027300613496932517,0
0.0,0
0.0,0
0.0,0
0.0,0
0.0,0
0.01282051282051282,0
0.0,0
0.0,0
0.0,0
0.03165217391304348,0
0.0,0
0.0,0
0.011843575418994414,0
0.0,0
0.0,0
0.0,0
0.0,0
0.22569814366382565,0
0.0,0
0.0,0
0.0,0
0.0,0
0.0,0
0.0,0
0.0,0
0.0,0
0.0,0
0.0,0
0.0,0
0.0,0
0.02119047619047619,0
0.0,0
0.0,0
0.0,0
0.0,0
0.0,0
0.0,0
0.0,0
0.0071174377224199285,0
0.0,0
0.023227513227513232,0
0.0,0
0.013100436681222707,0
0.0,0
0.0,0
0.0,0
0.0,0
0.0,0
0.020266666666666665,0
0.02554838709677419,0
0.0,0
0.0,0
0.0,0
0.0,0
0.0,0
0.0,0
0.007317073170731708,0
0.0,0
0.0,0
0.0,0
0.013100436681222707,0
0.0,0
0.0,0
0.0,0
0.0,0
0.06542274052478135,0
0.0,0
0.0,0
0.0,0
0.20714285714285716,0
0.0,0
0.0,0
0.0,0
0.0,0
0.0,0
0.0,0
0.04,1
1.0,1
0.5408163265306123,1
1.0,1
0.42,1
0.3,1
0.2,1
0,1
0.07999999999999999,1
0.33251700542139223,1
0.7056,1
0.5787636363636364,1
0.7268852459016394,1
1.0,1
0.1,1
0.08,1
0.019999999999999997,1
0.14,1
1.0,1
1.0,1
1.0,1
1.0,1
1.0,1
1.0,1
1.0,1
1.0,1
1.0,1
1.0,1
1.0,1
0.60125313283061,1
1.0,1
1.0,1
0.7931182795698923,1
1.0,1
0.74,1
0.1861744966442953,1
0.14,1
0.14,1
0.23999999999999996,1
0.78,1
1.0,1
1.0,1
0.0,1
0.2798086124401914,1
0.0735,1
0.04000000000000001,1
0.04328888888888889,1
0.019999999999999997,1
0.02,1
0.09185430463576158,1
0.04,1
0.5408163265306123,1
0.10000000000000002,1
0.02,1
0.02,1
0.0,1
0.02,1
0.02,1
0.060000000000000005,1
1.0,1
0.06,1
0.06,1
1.0,1
1.0,1
1.0,1
1.0,1
1.0,1
1.0,1
1.0,1
1.0,1
1.0,1
1.0,1
1.0,1
0.6092173913043478,1
0.12,1
0.24,1
0.5491525423728814,1
0.9999999999998551,1
0.7022921348313443,1
1.000000000000163,1
0.6504485488125101,1
0.06,1
0.02,1
0.06,1
0.30869565217159467,1
1.0,1
1.0,1
0.7266019417475729,1
0.71875,1
0.719607843137255,1
0.608581814015228,1
0.35005714285714284,1
1.0,1
1.0,1
0.18214452214453125,1
0.6012307675672729,1
0.4504827555198446,1
0.7997633136119678,1
0.5344427934646215,1
0.35873972601179005,1
0.22151306738460355,1
0.6334235445963837,1
0.19152610439720302,1
0.06821986886496645,1
0.5859967039445262,1
0.21393574295141987,1
0.07938477052911162,1
0.5344427934646167,1
0.20100334448145285,1
0.06924369747883836,1
0.07938477052911162,1
0.19053698072909236,1
0.7459701492562493,1
0.057310924369594674,1
0.18810810810795411,1
0.7004428044280934,1
0.9999999999992284,1
0.9999999999992284,1
0.7004428044280934,1
0.47215384615384615,1
0.030526315789473683,1
0.015419847328244274,1
0.03750915750915751,1
0.0256,1
0.7859636363634629,1
0.7004428044280894,1
0.7004428044280894,1
0.9999999999994001,1
0.0,1
1.0,1
0.3,1
0.08,1
0.0,1
0.024947735202784926,1
0.03110481572797171,1
0.030034843205526022,1
0.025561797472955557,1
0.0250344822619203,1
0.02999999999995128,1
0.01999999999990688,1
0.03999999985338893,1
0.03195530722209639,1
0.0,1
0.0,1
0.0,1
0.27834695659629555,1
0.27837837766295753,1
0.04763157894069625,1
0.04857142857725491,1
0.042866449493848706,1
0.045643153461983166,1
0.03429787234000826,1
0.03428571428529616,1
0.046666666659473964,1
0.0333333331368962,1
0.008888888888888889,1
0.007801418439716313,1
0.8626315789472038,1
0.28543342198325755,1
0.049055374410473696,1
0.05382059741666221,1
0.06144736783061123,1
0.04624338621809185,1
0.024586666591021916,1
0.015602836879432626,1
0.2573180076628466,1
0.04905537441047368,1
0.05136929460539013,1
0.0542978723401981,1
0.06285714285691495,1
0.059999999976561545,1
0.03333333332779586,1
0.026666666666666665,1
0.015602836879432626,1
0.847741935483706,1
0.0428947360146442,1
0.058110749168115795,1
0.044986876555448634,1
0.02624338615839433,1
0.007789473684210527,1
0.25023741690409496,1
0.0,1
0.0,1
0.36,1
1.0,1
0.04571428567263893,1
0.07128630698895412,1
0.0599999999473772,1
0.03333333328071054,1
0.008858447488584475,1
0.007789473684210527,1
0.08,1
0.08,1
0.08,1
0.12,1
0.08,1
0.08,1
1.0,1
0.08,1
0.08,1
0.08,1
0.12,1
0.08,1
0.08,1
0.2740236148945147,1
1.0,1
0.03719148932014396,1
0.05999999999621156,1
0.0466666666641248,1
0.0,1
0.0,1
0.05333333328071054,1
0.03333333332779586,1
0.008888888888888889,1
0.007801418439716313,1
0.22,1
1.0,1
0.22,1
0.14,1
1.0,1
0.14,1
0.406368932037951,1
0.22,1
1.0,1
0.14,1
1.0,1
0.2667885117488511,1
0.006758620689655172,1
0.006292134831460675,1
0.12,1
0.12,1
0.14,1
0.12,1
0.1,1
0.08,1
1.0,1
0.12,1
0.12,1
0.14,1
0.12,1
0.1,1
0.08,1
0.14,1
0.1,1
0.1,1
0.08,1
0.12,1
1.0,1
0.08,1
0.14,1
0.1,1
0.1,1
0.1,1
0.1,1
0.16,1
0.08,1
0.12,1
0.08,1
1.0,1
0.1,1
0.1,1
0.16,1
0.0,1
0.0,1
0.9999999999992284,1
0.7004428044280934,1
0.12,1
0.12,1
0.12,1
0.14,1
0.14,1
0.1,1
1.0,1
0.12,1
0.12,1
0.1,1
0.08,1
0.12,1
0.1,1
0.1,1
0.12,1
1.0,1
0.1,1
0.08,1
0.1,1
0.1,1
0.16,1
0.12,1
0.1,1
1.0,1
1.0,1
0.04,1
0.5042794759823325,1
0.4638036809815951,1
1.0,1
0.04,1
0.06,1
0.04,1
0.04,1
1.0,1
0.58,1
1.0,1
0.58,1
0.6183496496243662,1
0.22151306738460355,1
0.8080981595116566,1
0.5050847457651775,1
0.3582320441831585,1
0.5050847457651775,1
0.8206811145535605,1
0.58,1
1.0,1
0.06821986886496645,1
0.19053698072909242,1
0.208,1
0.1,1
0.5424356763976923,1
0.7061224489793579,1
0.68,1
0.18,1
0.4406779661016949,1
0.7061224489793579,1
0.5042794759823325,1
0.06,1
0.4638036809815951,1
0.04,1
0.6480536912750248,1
0.6399999999998668,1
0.08000000000000002,1
0.7219863013699085,1
0.6556118749184293,1
0.4898305065898818,1
1.0,1
0.4450793650793651,1
0.838652404528636,1
0.9999999999999146,1
0.3602777777777778,1
0.28,1
0.9999999999997944,1
1.0,1
0.3,1
0.08,1
0.0,1
0.0,1
0.0,1
0.36,1
0.08,1
0.08,1
0.08,1
0.12,1
0.08,1
0.08,1
0.22,1
0.14,1
0.12,1
0.12,1
0.14,1
0.12,1
0.1,1
0.08,1
0.14,1
0.1,1
0.1,1
0.1,1
0.1,1
0.16,1
0.12,1
0.12,1
0.1,1
0.04,1
0.58,1
0.68,1
0.0,0
0,0
0.0,0
0.0,0
0.0,0
0.0,0
0.0,0
0.020202020202020204,0
0,0
0.0,0
0.0,0
0.0,0
0.0,0
0.0,0
0.0,0
0,0
0.36,0
0,0
0.0,0
0.0,0
0.0,0
0.0,0
0.0,0
0.0,0
0.0,0
0.0,0
0,0
0.0,0
0.0,0
0,0
0.0,0
0.0,0
0.0,0
0.0,0
0,0
0.0,0
0.0,0
0.0,0
0.0,0
0.0,0
0,0
0.0,0
0.0,0
0.0,0
0,0
0.0,0
0.0,0
0.0,0
0.0,0
0.0,0
0.0,0
0.0,0
0.0,0
0.0,0
0.0,0
0.0,0
0.0,0
0.0,0
0.0,0
0.0,0
0,0
0.05785123966942149,0
0.0,0
0.0,0
0.0,0
0.0,0
0.0,0
0.0,0
0.0379646017699115,0
0.0,0
0.0,0
0.0,0
0.0,0
0.0,0
0,0
0.0,0
0.0,0
0,0
0,0
0,0
0.0,0
0.0,0
0.0,0
0.0,0
0.0,0
0.06,0
0.0,0
0.0,0
0.0,0
0,0
0.0,0
0,0
0,0
0.0,0
0,0
0,0
0.0,0
0.0,0
0.0,0
0.0,0
0.0,0
0.0,0
0.0,0
0,0
0.0,0
0,0
0.02147239263803681,0
0.0,0
0,0
0.0,0
0.04,0
0.0,0
0,0
0.0,0
0.0,0
0.0,0
0.0,0
0.0037551990492239924,0
0.0,0
0.0,0
0.0,0
0,0
0.0,0
0.0,0
0.0,0
0.0,0
0,0
0.0,0
0.0,0
0,0
0.0,0
0.0,0
0.0,0
0.0,0
0.0,0
0.0,0
0.0,0
0.0,0
0.0,0
0,0
0.0,0
0.0,0
0.0,0
0.05785123966942149,0
0.0,0
0.0,0
0.0,0
0.0,0
0.0,0
0.0,0
0.0,0
0.0,0
0.0,0
0.0,0
0.0,0
0.0,0
0,0
0.1867478260879399,0
0.0,0
0.0,0
0.0,0
0.0,0
0.0,0
0.0,0
0.0,0
0.0,0
0.0,0
0.0,0
0.0,0
0.013726415093714996,0
0.0,0
0.0,0
0.0,0
0.0,0
0.0,0
0,0
0.0,0
0.0,0
0.0,0
0.0,0
0.0,0
0.0,0
0.0,0
0.0,0
0.4711111111108951,0
0.0,0
0.0,0
0.0,0
0.0,0
0.0,0
0.0,0
0,0
0.0,0
0.0,0
0.0,0
0.0,0
0,0
0.0,0
0.0,0
0.0,0
0.0,0
0,0
0.0,0
0.0,0
0.16,0
0.0,0
0.0,0
0.0,0
0,0
0.0,0
0.0,0
0.0,0
0.0,0
0.0,0
0.2822822822822823,0
0.22423398328691957,0
0.0,0
0.0,0
0.0,0
0,0
0.0,0
0,0
0.0,0
0.0,0
0.0,0
0.0,0
0.0,0
0.0,0
0.0,0
0.0,0
0.0,0
0.0,0
0,0
0.0,0
0.0,0
0.0,0
0.0,0
0.0,0
0.0,0
0.0,0
0.0,0
0.0,0
0.0,0
0.0,0
0.0,0
0.0,0
0.2026465661641644,0
0.0,0
0.0,0
0.0,0
0.0,0
0.0,0
0.0,0
0.0,0
0.0,0
0.0,0
0.0,0
0,0
0,0
0.0,0
0.0,0
0.08,0
0.0,0
0.0,0
0.0,0
0,0
0.0,0
0.0,0
0.0,0
0.0,0
0.0,0
0.0,0
0.0,0
0.0,0
0,0
0.0,0
0.0,0
0.0,0
0.0,0
0.0,0
0,0
0.0,0
0.0,0
0.024524590163934427,0
0.0,0
0.0,0
0.0,0
0.0,0
0.06,0
0.0,0
0.0,0
0.0,0
0.0,0
0.0,0
0.0,0
0.0,0
0.0,0
0.0,0
0.0,0
0.0,0
0.0,0
0.0,0
0.0,0
0.0,0
0.0,0
0,0
0.0,0
0,0
0.0,0
0.0,0
0.0,0
0,0
0,0
0.0,0
0.0,0
0.0,0
0.0,0
0.0,0
0,0
0.0,0
0.0,0
0.0,0
0.0,0
0.0,0
0.0,0
0.0,0
0.0,0
0.0,0
0.0,0
0.0,0
0,0
0.08,0
0,0
0.0,0
0.0,0
0.0,0
0.0,0
0.0,0
0.0,0
0.0,0
0.0,0
0.0,0
0.0,0
0.0,0
0.033759999999877756,0
0.0,0
0,0
0.0,0
0.0,0
0.0,0
0.0,0
0.0,0
0.0,0
0,0
0.0,0
0.0,0
0.0,0
0.0,0
0.0,0
0.0,0
0.0,0
0.0,0
0.0,0
0.0,0
0.0,0
0.0,0
0.0,0
0.0,0
0.0,0
0.2557551020090166,0
0.0,0
0.0,0
0.22,1
0.7835365853583013,1
0.504,1
0.5171428571428572,1
0.5488151658767773,1
0.45339712918660285,1
0.45276190476190475,1
0.45213270142180095,1
0.4676415094339623,1
0.52,1
0.5034259259259259,1
0.4726168224299066,1
0.45599999999999996,1
0.42333333333333334,1
0.4066359447004609,1
0.5649289099526067,1
0.5016267942583732,1
0.5654285714285715,1
0.43601895734597157,1
0.4837735849056604,1
0.4688571428571429,1
0.500473933649289,1
0.435377358490566,1
0.4508920187793427,1
0.5016267942583732,1
0.4366666666666666,1
0.3876777251184834,1
0.41990521327014213,1
0.4676415094339623,1
0.4508920187793427,1
0.9999999999998884,1
0.7263513513507331,1
0.36,1
0.26,1
0.38,1
0.9999999999999162,1
0.5673599999999211,1
0.28035892323004236,1
0.3125714285711851,1
0.5409689087092249,1
0.25288888888863603,1
0.3420237010021613,1
0.5195281306717541,1
0.5391818973014654,1
0.9999999999902538,1
0.35638190802481223,1
0.3392893401013663,1
0.3428571428570596,1
0.34289999999989523,1
0.33899999999989844,1
0.3297142857141977,1
0.40376470583484947,1
0.4013636356630407,1
0.40670520065016935,1
0.4024277454650926,1
0.3934426219236257,1
0.387356321838972,1
0.3803508771928777,1
0.3887719287668572,1
0.37889502762418087,1
0.3819209039546928,1
0.3819209039546928,1
0.3778609607101742,1
0.3831034482756895,1
0.37826086956512556,1
0.39565217281654935,1
0.2766375545847904,1
0.43195402298842095,1
0.21888888795351122,1
0.20952978056416666,1
0.2115501519756325,1
0.211666666666602,1
0.20925925925919658,1
0.19682634730526058,1
0.20182370820658718,1
0.20424778761056495,1
0.28378947365587515,1
0.2933559317854073,1
0.2964137921119976,1
0.3046206895360724,1
0.27739999999992565,1
0.2938305084451444,1
0.2901639338099131,1
0.2646896551723487,1
0.2818947368420424,1
0.2762105256811669,1
0.2943050847456843,1
0.2918620689532363,1
0.3149999999999224,1
0.2830508474575614,1
0.27227118644061227,1
0.2665573770491005,1
0.29339999969969655,1
0.27129032146065346,1
0.66,1
0.2944137931033447,1
0.2773999993468658,1
0.3128135586748623,1
0.29311475409830523,1
0.25879999999985975,1
0.29125423664096217,1
0.2927868845844101,1
0.2855737704916824,1
0.306857142857076,1
0.29851612872673816,1
0.47947932618683003,1
0.19568493150684932,1
0.5364113785557987,1
0.3289460154241645,1
0.5133949191685913,1
0.1781042654028436,1
1.0,1
0.5591901840490797,1
0.64,1
0.48881632653061224,1
0.5688333333333333,1
0.46887966804979253,1
0.3869456066945607,1
0.5025000000000001,1
0.5518672199170125,1
0.5016528925619835,1
0.4723265306122449,1
0.4058536585365854,1
0.3245081967213115,1
0.43934693877551023,1
0.471869918699187,1
0.4218623481781376,1
0.4854771784232365,1
0.40351464435146445,1
0.5522500000000001,1
0.5186721991701245,1
0.5348760330578513,1
0.35325,1
0.43568464730290457,1
0.4684297520661157,1
0.43473251028806587,1
0.40351464435146445,1
0.3864166666666667,1
0.36929460580912865,1
0.4854771784232365,1
0.5348760330578513,1
0.4679835390946502,1
0.2723735408559824,1
0.8544117647058823,1
0.8378640776699029,1
0.838048780487805,1
0.8384236453201971,1
0.886764705882353,1
0.8542439024390244,1
0.7188461538461539,1
0.7191304347826087,1
0.7197073170731708,1
0.7359223300970875,1
0.7356521739130436,1
0.6854545454545454,1
0.7191304347826087,1
0.7684615384615383,1
0.7185645933014354,1
0.7029126213592234,1
0.7686956521739131,1
0.7353846153846154,1
0.7526829268292683,1
0.7029126213592234,1
0.7852173913043478,1
0.34377880184331794,1
0.3753424657534246,1
0.326697247706422,1
0.36083333333333334,1
0.34377880184331794,1
0.326697247706422,1
0.7041584158415842,1
0.7373134328358208,1
0.7706532663316583,1
0.6556000000000001,1
0.7373134328358208,1
0.7202955665024631,1
0.7373134328358208,1
0.6877227722772278,1
0.7532019704433497,1
0.7376,1
0.6388059701492538,1
0.7534653465346534,1
0.7051256281407035,1
0.7704,1
0.7044776119402987,1
0.7091625615763547,1
0.6922926829268293,1
0.6602941176470588,1
0.6288118811881188,1
0.7091625615763547,1
0.6441176470588236,1
0.7224489795918368,1
0.7064615384615384,1
0.690880829015544,1
0.7556701030927835,1
0.7227692307692307,1
0.705786802030457,1
0.6901538461538461,1
0.7714285714285714,1
0.7221319796954314,1
0.6742268041237114,1
0.788,1
0.7061224489795919,1
0.690880829015544,1
0.6742268041237114,1
0.7716923076923077,1
0.7273096446700508,1
0.7587939698492462,1
0.743030303030303,1
0.7757142857142857,1
0.7112690355329949,1
0.7912121212121211,1
0.6757894736842104,1
0.6761904761904762,1
0.6931550802139038,1
0.6604255319148936,1
0.6923809523809524,1
0.6916230366492147,1
0.7247619047619048,1
0.7244210526315789,1
0.724083769633508,1
0.6604255319148936,1
0.6438095238095238,1
0.6757894736842104,1
0.7093048128342245,1
0.7574468085106382,1
0.7247619047619048,1
0.7828235294117647,1
0.8163779527559055,1
0.7492187499999999,1
0.8159533073929962,1
0.7828235294117647,1
0.7160000000000001,1
0.7823255813953488,1
0.7998418972332016,1
0.7327058823529412,1
0.7993750000000001,1
0.7829921259842519,1
0.716220472440945,1
0.7824902723735409,1
0.7496062992125984,1
0.8329411764705883,1
0.7831620553359683,1
0.749802371541502,1
0.7993750000000001,1
0.7490272373540856,1
0.7661176470588235,1
0.6992941176470588,1
0.732093023255814,1
0.8328125000000001,1
0.7325,1
0.798918918918919,1
0.716220472440945,1
0.7992217898832685,1
0.6821011673151751,1
0.5625433491638031,1
0.5727167595684274,1
0.5703448241686089,1
0.5817291032007951,1
0.5637681124947127,1
0.5828901699730518,1
0.5715273740941668,1
0.6146175603701867,1
0.5715273740941668,1
0.5828901699730518,1
0.5637681124947127,1
0.5817291032007951,1
0.5703448241686089,1
0.5727167595684274,1
0.5625433491638031,1
0.7489655138237813,1
0.852799996601931,1
0.811232088282739,1
0.7704899101172217,1
0.8012643643984939,1
0.811232088282739,1
0.8123943628469744,1
0.811232088282739,1
0.8012643643984939,1
0.7704899101172217,1
0.811232088282739,1
0.852799996601931,1
0.7489655138237813,1
0.999999996582402,1
0.7686857108876455,1
0.7797707702311629,1
0.7078962501748585,1
0.7698850540536664,1
0.7692836642139711,1
0.770704222001904,1
0.7692836642139711,1
0.7698850540536664,1
0.7078962501748585,1
0.7797707702311629,1
0.7686857108876455,1
0.999999996582402,1
0.7489655138237813,1
0.8418803384919541,1
0.821719194299931,1
0.8317714251733597,1
0.8418803384919541,1
0.8533333300018933,1
0.8418803384919541,1
0.8317714251733597,1
0.821719194299931,1
0.8418803384919541,1
0.9999999966212383,1
0.7686857108876455,1
0.852799996601931,1
0.7698850540536664,1
0.8531805123515068,1
0.8107428537447883,1
0.8537078618277413,1
0.8107428537447883,1
0.8531805123515068,1
0.7698850540536664,1
0.9999999966019311,1
0.8418803384919541,1
0.7797707702311629,1
0.811232088282739,1
0.7913544634313425,1
0.7803448241686088,1
0.8128813525725307,1
0.7803448241686088,1
0.7913544634313425,1
0.999999996562647,1
0.7698850540536664,1
0.821719194299931,1
0.7078962501748585,1
0.7704899101172217,1
0.811232088282739,1
0.8540845036920447,1
0.811232088282739,1
0.999999996582402,1
0.7913544634313425,1
0.8531805123515068,1
0.8317714251733597,1
0.7698850540536664,1
0.8012643643984939,1
0.8223595472209997,1
0.9999999966019311,1
0.811232088282739,1
0.7803448241686088,1
0.8107428537447883,1
0.8418803384919541,1
0.7692836642139711,1
0.811232088282739,1
0.8223595472209997,1
0.8540845036920447,1
0.8128813525725307,1
0.8537078618277413,1
0.8533333300018933,1
0.770704222001904,1
0.8123943628469744,1
0.811232088282739,1
0.7803448241686088,1
0.8107428537447883,1
0.8418803384919541,1
0.7692836642139711,1
0.811232088282739,1
0.7913544634313425,1
0.8531805123515068,1
0.8317714251733597,1
0.7698850540536664,1
0.8012643643984939,1
0.7698850540536664,1
0.821719194299931,1
0.7078962501748585,1
0.7704899101172217,1
0.8418803384919541,1
0.7797707702311629,1
0.811232088282739,1
0.7686857108876455,1
0.852799996601931,1
0.7489655138237813,1
0.7226760563378667,1
0.7489361702126034,1
0.7609893992931241,1
0.7730985915491343,1
0.7347368421051023,1
0.7232508833920641,1
0.7128965517239798,1
0.7484098939927708,1
0.7567479674796749,1
0.7133603238866396,1
0.7990322580645162,1
0.755582329317269,1
0.7276923076923077,1
0.7165354330708661,1
0.7133603238866396,1
0.8,1
0.8139837398373984,1
0.7706882591093118,1
0.7571428571428571,1
0.7174603174603175,1
0.7428571428571429,1
0.7993522267206478,1
0.7703225806451613,1
0.728130081300813,1
0.7169960474308299,1
0.7567479674796749,1
0.8418473895582329,1
0.8423481781376518,1
0.8015748031496063,1
0.8136842105263158,1
0.7703225806451613,1
0.7444705882352941,1
0.755967741935484,1
0.7311462450592886,1
0.7424390243902439,1
0.7169960474308299,1
1.0,1
0.0,0
0.0,0
0.0,0
0.0,0
0.016129032258064516,0
0.01992619926199262,0
0.006006006006006006,0
0.0,0
0.0,0
0.04276315789473684,0
0.0,0
0.0,0
0.013358778625954198,0
0.21571428571428572,0
0.0,0
0.0,0
0.049586776859504134,0
0.0,0
0.0,0
1.0,0
0.0,0
0.0,0
0.0,0
0.0058823529411764705,0
0.0,0
0.0430622009569378,0
0.0,0
0.013513513513513514,0
0.029700996677740864,0
0.0,0
0.0,0
0.2536263736263059,0
0.0,0
0.4841791044776119,0
0.0,0
0.0,0
0.0,0
0.0,0
0.0,0
0.0,0
1.0,0
0.0,0
0.0,0
0.005208333333333333,0
0.0,0
0.0,0
0.06338028169014084,0
0.0,0
0.014184397163120567,0
0.0,0
0.04278145695364238,0
0.42110552763819104,0
0.0,0
0.0,0
0.05789473684210526,0
0.022123893805309734,0
0.021551724137931036,0
0.0,0
0.0,0
0.039735099337748346,0
0.0,0
0.0,0
0.0,0
0.006349206349206349,0
0.0,0
0.0,0
0.0,0
0.0,0
0.0,0
1.0,0
0.006430868167202572,0
0.018469656992084433,0
0.3882,0
0.0,0
0.0,0
0.0,0
0.0,0
0.04301003344481605,0
0.0,0
0.0,0
0.006430868167202572,0
0.042953020134228186,0
0.0,0
0.36253807106598984,0
0.0,0
0.0,0
0.039466666666666664,0
0.014005602240896359,0
0.0,0
0.0,0
0.0,0
0.0,0
0.2930434782607875,0
0.0,0
1.0,0
0.0,0
0.0,0
0.5164179104477612,0
0.0,0
0.0,0
0.037894736842105266,0
0.04306666666666667,0
0.0,0
0.0,0
0.02433179723502304,0
0.0,0
0.022944550669216062,0
0.0,0
0.024372093023255815,0
0.0,0
0.015943396226415094,0
0.0,0
0.018518518518518517,0
0.0,0
0.0058309037900874635,0
0.0,0
0.3705940594059406,0
0.03244444444444444,0
0.0,0
0.022222222222222223,0
0.021551724137931036,0
0.0,0
0.022727272727272728,0
0.0,0
0.04891304347826087,0
0.0,0
0.0,0
0.0,0
0.0,0
0.0,0
0.0,0
0.0,0
0.03265625,0
0.04278145695364238,0
0.0,0
0.01818181818181818,0
0.032755905511811026,0
0.0,0
0.0,0
0.0,0
0.0,0
0.0,0
0.0,0
0.0,0
0.0353968253968254,0
0.014056224899598393,0
0.0,0
0.0427906976744186,0
0.0,0
0.03255474452554744,0
0.0,0
0.0,0
0.05421686746987952,0
1.0,0
0.0,0
0.0,0
0.0,0
0.04301003344481605,0
0.2987692307692308,0
0.0,0
0.0,0
0.0,0
0.0,0
0.0,0
0.0,0
0.0,0
0.0,0
0.0,0
0.0,0
0.0,0
0.05,0
0.0,0
0.0,0
0.0,0
0.0,0
0.0,0
0.0,0
0.03260869565217391,0
0.005813953488372093,0
0.022026431718061675,0
0.015228426395939087,0
0.5749999976431077,0
0.006430868167202572,0
0.01837270341207349,0
0.0,0
0.0,0
0.0,0
0.032661870503597125,0
0.01718213058419244,0
0.005988023952095809,0
0.0,0
0.0,0
0.0,0
0.0,0
0.0,0
0.0,0
0.0,0
0.0,0
0.0,0
0.0,0
0.0,0
0.2979591836734694,0
0.0,0
0.0,0
0.017858267716535432,0
0.410909090909091,0
0.0,0
0.0,0
0.0,0
0.017241379310344827,0
0.4052173913043478,0
0.06140350877192982,0
0.04278145695364238,0
0.3142857142857143,0
0,0
0.0,0
0.0,0
0.0,0
0.0,0
0.0532994923857868,0
0.0,0
0.0,0
0.0,0
0.0,0
0.004842615012106538,0
0.055900621118012424,0
0.0,0
0.006557377049180328,0
0.005865102639296188,0
0.04283783783783784,0
0.0,0
0.180840336134389,0
0.0,0
0.013440860215053764,0
0.0,0
0.048,0
0.05958664546899842,0
0.42110552763819104,0
0.0,0
0.03255474452554744,0
0.36549222797927455,0
0.2979591836734694,0
0.06164383561643835,0
0.0,0
0.0,0
0.0,0
0.0,0
1.0,0
0.0,0
0.017341040462427744,0
0.03545816733067729,0
0.04409448818897638,0
1.0,0
0.0,0
0.0,0
0.017341040462427744,0
0.0,0
0.014749262536873156,0
0.0,0
0.01937984496124031,0
0.0,0
0.0,0
0.0,0
0.053164556962025315,0
0.03046594982078853,0
0.0,0
0.40870813397129185,0
0.0,0
0.0,0
0.02702702702702703,0
0.014835007173601148,0
0.006535947712418301,0
0.005449591280653951,0
0.0,0
0.0,0
0.0,0
0.0,0
0.0,0
0.0,0
0.0,0
0.0,0
0.0,0
0.0,0
0.039647577092511016,0
0.0,0
0.004807692307692308,0
0.0,0
0.03263537906137184,0
0.0,0
0.0,0
0.0,0
0.013358778625954198,0
0.0,0
0.0,0
0.0,0
0.0,0
0.04564885496183206,0
0.0,0
0.0,0
1.0,0
0.3604,0
0.0,0
0.006349206349206349,0
0.03643724696356275,0
0.0,0
0.0,0
0.006535947712418301,0
0.0,0
0.0,0
0.03255474452554744,0
0.0,0
0.0160857908847185,0
0.0,0
1.0,0
1.0,0
0.0,0
0.05357142857142857,0
0.0,0
0.04656934306569343,0
0.06228373702422145,0
0.0,0
0.0,0
0.29473684128844163,0
0.0,0
0.0,0
0.023655913978494623,0
1.0,0
0.0,0
0.004761904761904762,0
0.0,0
0.0,0
0.0,0
0.005194805194805195,0
0.039464285714285716,0
0.45647058823529413,0
0.024213075060532687,0
0.0,0
0.058333333333333334,0
0.0,0
0.0,0
0.013440860215053764,0
0.0,0
0.0428956228956229,0
0.005208333333333333,0
0.0,0
0.0,0
0.014792899408284023,0
0.014150943396226415,0
0.0,0
0.019925650557620817,0
0.0,0
0.0,0
0.0,0
0.0,0
0.005917159763313609,0
0.0,0
0.0,0
0.24839285714285714,0
0.032581818181818184,0
0.0,0
0.04265402843601896,0
0.04275409836065574,0
0.0,0
0.0,0
0.024177777777777777,0
0.03260869565217391,0
0.0,0
0.0,0
0.0,0
0.0,0
0.0,0
0.0,0
0.0428,0
0.034934497816593885,0
0.0,0
0.02262443438914027,0
0.0,0
0.0,0
0.0,0
0.0,0
0.0,0
0.049315068493150684,0
0.4667980295566503,0
0.24529850746252624,0
0.014619883040935672,0
0.0,0
0.01483679525222552,0
0.005747126436781609,0
0.0,0
0.3290909090909091,0
0.039464285714285716,0
0.5331,0
0.037267080745341616,0
0.0,0
0.01992831541218638,0
0.015267175572519083,0
0.0,0
0.015250544662309368,0
0.0,0
0.0,0
0.0,0
0.0,0
0.0,0
0.0,0
0.0,0
0.3591836734693878,0
0.0,0
0.0,0
0.0,0
0.0,0
0.0,0
0.0,0
0.9999999992452097,1
1.0,1
0.32584158415733394,1
0.9999999998137534,1
0.18,1
0.16098265895836922,1
0.44177215042997947,1
0.20581395348719697,1
0.4098734162527643,1
0.20581395348719697,1
0.4568553444524324,1
0.20520231213756,1
0.9999999985675108,1
0.39295597338325006,1
0.16098265895836922,1
0.44177215042997947,1
0.20581395348719697,1
0.4098734162527643,1
0.4568553444524324,1
0.20520231213756,1
0.3434313717313948,1
0.43260172544120606,1
0.46806411754971416,1
0.41441176388825757,1
0.3435761589403974,1
0.3115333333333334,1
0.31758169934640523,1
0.2797402597402598,1
0.6582857097273291,1
0.3678048780411766,1
0.9999999955682367,1
0.6582857097273291,1
0.678913857680388,1
0.8423153692586798,1
0.28874285714286574,1
0.6341772138752015,1
0.4306666666691946,1
0.488080808077941,1
0.2059302325581483,1
0.6780952367763927,1
0.4615854823330032,1
0.5296859169170838,1
0.05796407176824071,1
0.6888253955065514,1
0.4414135625622295,1
0.5399594731480868,1
0.05796407176824071,1
0.6341772138752015,1
0.4306666666691946,1
0.488080808077941,1
0.19587209302326455,1
0.6785144927561876,1
0.2812499999946126,1
0.430666666669188,1
0.6549999991961525,1
0.43974358974621036,1
0.2126984126929398,1
0.4615854823329966,1
0.684647518776299,1
0.4694949494975773,1
0.05548913040700011,1
0.441413562562223,1
0.6942036545465339,1
0.45010101010363796,1
0.05548913040700011,1
0.430666666669188,1
0.6645833325294858,1
0.43974358974621036,1
0.20317460316913025,1
0.29022099447514704,1
0.48699186991585075,1
0.4384898710891699,1
0.4943469785545309,1
0.21022471910113266,1
0.528848114166358,1
0.4684025854135167,1
0.5345063538582099,1
0.05641618487980941,1
0.5391845056036668,1
0.44890120037196535,1
0.5444183773186204,1
0.05641618487980941,1
0.48699186991585075,1
0.4384898710891699,1
0.4943469785545309,1
0.20050561797753713,1
0.215988372093032,1
0.21269841269293957,1
0.22057728119181544,1
0.6782795683932553,1
0.21632653061225368,1
0.2225464190926556,1
0.22091503267974769,1
0.525303867403344,1
0.20629737609330326,1
0.2130503978724964,1
0.21127917833801102,1
0.5349723756906368,1
0.19587209302326455,1
0.20317460316913002,1
0.20124767225326792,1
0.697204299576051,1
0.2058139534871965,1
0.4537634399576247,1
0.1763953488360337,1
0.4674193539361194,1
0.19046242774449593,1
0.5071657745033059,1
0.16098265895836877,1
0.42630057803351323,1
0.9999999991022364,1
0.2058139534871965,1
0.4537634399576247,1
0.1763953488360337,1
0.19046242774449593,1
0.5071657745033059,1
0.3439457451699361,1
0.36167694122419014,1
0.3079411756529635,1
0.29300000000000004,1
0.3357516339869281,1
0.2857142857142857,1
0.3525853658460546,1
0.6582857097273291,1
0.9999999954416149,1
0.6531809523834803,1
0.8383838383809713,1
0.3366860465116367,1
0.624444443125599,1
0.4313276026768428,1
0.4783181357620685,1
0.05796407176824071,1
0.6459047605859165,1
0.4313276026768428,1
0.4988652482240746,1
0.05796407176824071,1
0.6234177202043154,1
0.42055238095490893,1
0.4777777777749107,1
0.2059302325581483,1
0.6536996337022544,1
0.33650793650246363,1
0.4313276026768362,1
0.6559791114655941,1
0.4404040404066682,1
0.05548913040700011,1
0.4313276026768362,1
0.6750913830060641,1
0.4404040404066682,1
0.05548913040700011,1
0.4205523809549023,1
0.6645833325294858,1
0.4300183150209357,1
0.2126984126929398,1
0.5418677036593639,1
0.3365549348231004,1
0.4783181357620685,1
0.44040404040667513,1
0.6551020393728599,1
0.056168582283671456,1
0.4988652482240746,1
0.44040404040667513,1
0.6748104941833557,1
0.056168582283671456,1
0.4777777777749107,1
0.43001831502094245,1
0.65406976600259,1
0.2109124767225417,1
0.21632653061225368,1
0.2225464190926556,1
0.22091503267974769,1
0.467292817679587,1
0.21632653061225368,1
0.2225464190926556,1
0.22091503267974769,1
0.4962983425414655,1
0.2059302325581483,1
0.21269841269293957,1
0.2109124767225417,1
0.6498924716190617,1
0.3825730994140227,1
0.41082802399959717,1
0.2211111111099291,1
0.44177215042997947,1
0.22052325581277832,1
0.44177215042997947,1
0.3779746820755491,1
0.20581395348719697,1
0.99999999852189,1
0.3825730994140227,1
0.41082802399959717,1
0.44177215042997947,1
0.22052325581277832,1
0.22111111110992862,1
0.48237837747090917,1
0.2205232558127779,1
0.5083870958716032,1
0.2058139534871965,1
0.2058139534871965,1
0.4537634399576247,1
0.3825730994140222,1
0.9999999990925308,1
0.22111111110992862,1
0.2205232558127779,1
0.5083870958716032,1
0.3976178651771938,1
0.43260172544120606,1
0.395,1
0.3839869281045752,1
0.6733716475121211,1
0.8373983739808553,1
0.15027027018195915,1
0.6896815273393748,1
0.46216475096039694,1
0.5403252032491479,1
0.05783783774952673,1
0.6351746018557577,1
0.4313276026768428,1
0.48859169199307156,1
0.19626822157435278,1
0.6731123388608303,1
0.14267029969966225,1
0.4621647509603903,1
0.7046073290348758,1
0.47007366482768115,1
0.05536784738358594,1
0.4313276026768362,1
0.665535247235829,1
0.4404040404066682,1
0.2035543766523375,1
0.144745436987659,1
0.5403252032491479,1
0.47007366482768803,1
0.7150877178505585,1
0.05604226695884054,1
0.48859169199307156,1
0.44040404040667513,1
0.6649562667781078,1
0.20164332399627427,1
0.05783783774952673,1
0.05536784738358594,1
0.05604226695884054,1
0.6935227258338329,1
0.04766467057063592,1
0.04576086953743489,1
0.046283524812407086,1
0.5059668508287584,1
0.4119298245602215,1
0.44177215042997947,1
0.20581395348719697,1
0.4098734162527643,1
0.39392404916415663,1
0.17639534883603417,1
0.41082802399959717,1
0.2211111111099291,1
0.99999999852189,1
0.44177215042997947,1
0.20581395348719697,1
0.4148705293869522,1
0.2058139534871965,1
0.48107526791461397,1
0.2058139534871965,1
0.1763953488360337,1
0.4674193539361194,1
0.22111111110992862,1
0.48237837747090917,1
0.411929824560221,1
0.2058139534871965,1
0.48107526791461397,1
0.38256410256410256,1
0.6633141762477532,1
0.8373983739808553,1
0.13999999991168888,1
0.6566349193160752,1
0.4414135625622295,1
0.5091388044550776,1
0.22635568513120413,1
0.6634438305735375,1
0.15237057217922625,1
0.441413562562223,1
0.6942036545465339,1
0.45010101010363796,1
0.23204244031281498,1
0.13488952920667915,1
0.5091388044550776,1
0.4501010101036448,1
0.6846647215886035,1
0.23055088702148438,1
0.04766467057063592,1
0.04576086953743489,1
0.046283524812407086,1
0.5446408839779296,1
0.41156069364045017,1
0.4568553444524324,1
0.47283018721972797,1
0.1904624277444964,1
0.44177215042997947,1
0.22052325581277832,1
0.44177215042997947,1
0.9999999985404826,1
0.41156069364045017,1
0.2052023121375595,1
0.19046242774449593,1
0.5071657745033059,1
0.2205232558127779,1
0.5083870958716032,1
0.2058139534871965,1
0.41156069364044967,1
0.9999999991022364,1
0.3678048780411766,1
0.3525853658460546,1
0.6329523809549089,1
0.8383838383809713,1
0.2461627906976832,1
0.6342490842517049,1
0.2698412698357969,1
0.24957169459963668,1
1.0,1
1.0,1
1.0,1
1.0,1
1.0,1
1.0,1
0.39295597338325006,1
0.16098265895836922,1
0.44177215042997947,1
0.20581395348719697,1
0.4098734162527643,1
0.4568553444524324,1
0.20520231213756,1
0.6582857097273291,1
0.42630057803351373,1
0.3779746820755491,1
0.20581395348719697,1
0.39392404916415663,1
0.47283018721972797,1
0.1904624277444964,1
0.2058139534871965,1
0.4537634399576247,1
0.1763953488360337,1
0.19046242774449593,1
0.5071657745033059,1
0.3825730994140227,1
0.41082802399959717,1
0.44177215042997947,1
0.22052325581277832,1
0.22111111110992862,1
0.2205232558127779,1
0.5083870958716032,1
0.44177215042997947,1
0.20581395348719697,1
0.41156069364045017,1
1.0,1
0.0,0
0.0,0
0.2794612794531213,0
0.0,0
0.0,0
0.0,0
0.10606060605966414,0
0.0,0
0.18857142856592368,0
0.0,0
0.0,0
0.0,0
0.0,0
0.28040540539722925,0
0.0,0
0.0,0
0.0,0
0.0,0
0.0394258373202648,0
0.0,0
0.0,0
0.0,0
0.0,0
0.0,0
0.1885714285659298,0
0.42287234042791455,0
0.0,0
0.0,0
0.0,0
0.0,0
0.0,0
0.0579710144914042,0
0.0,0
0.0,0
0.0,0
0.3333333333332445,0
0.28040540539722925,0
0.12166666666311883,0
0.0,0
0.0,0
0.0,0
0.0,0
0.42175066313234505,0
0.0,0
0.05063291139240506,0
0.33123028391158366,0
0.0,0
0.0,0
0.0,0
0.13556174558960815,0
0.0,0
0.0,0
0.0,0
0.0,0
0.0,0
0.0,0
0.2642585551307311,0
0.0,0
0.017094017094017096,0
0.0,0
0.01,0
0.4195250659654245,0
0.08823529411686312,0
0.17781155015039546,0
0.17781155015039546,0
0.27617328519610135,0
0.038504672896894125,0
0.0,0
0.0,0
0.0,0
0.0,0
0.18803418802869884,0
0.06958762886597938,0
0.0,0
0.0,0
0.0,0
0.07791044775996123,0
0.0,0
0.0,0
0.0,0
0.0,0
0.0,0
0.0,0
0.0,0
0.0,0
0.0,0
0.0,0
0.0,0
0.0,0
0.3343949044585094,0
0.0,0
0.0,0
0.42287234042790983,0
0.0,0
0.12753623188406807,0
0.13445378151261567,0
0.0,0
0.0,0
0.1359404096834372,0
0.01102739725958104,0
0.08928571428492071,0
0.0,0
0.0,0
0.1891117478454822,0
0.17975830815550328,0
0.1814024390227781,0
0.0,0
0.0,0
0.2642585551307311,0
0.0,0
0.0,0
0.0,0
0.06939501779343756,0
0.0,0
0.0,0
0.0,0
0.0,0
0.103582089551006,0
0.0,0
0.0,0
0.0,0
0.0,0
0.1062499999990564,0
0.0,0
0.0,0
0.0,0
0.0,0
0.0,0
0.0,0
0.1277533039647577,0
0.0,0
0.20168067226351064,0
0.0,0
0.0,0
0.0,0
0.0,0
0.0,0
0.1060606060596635,0
0.0,0
0.0,0
0.0,0
0.0,0
0.0,0
0.0,0
0.0,0
0.18030303030142905,0
0.0,0
0.12268907562667049,0
0.0,0
0.0,0
0.0,0
0.0,0
0.06902654867241045,0
0.18030303030142794,0
0.0,0
0.0,0
0.0,0
0.0,0
0.0,0
0.0,0
0.0,0
0.23170731707310885,0
0.0,0
0.0,0
0.0,0
0.0,0
0.2804054053972197,0
0.0,0
0.0,0
0.0,0
0.0,0
0.0,0
0.0,0
0.0,0
0.0,0
0.0,0
0.010387596204283143,0
0.42287234042791455,0
0.0,0
0.0,0
0.0,0
0.0,0
0.0,0
0.06958762886597938,0
0.1134285714272413,0
0.0,0
0.0,0
0.0,0
0.0,0
0.0,0
0.0,0
0.06878306878291342,0
0.0,0
0.18030303030142794,0
0.0,0
0.0,0
0.0,0
0.0,0
0.0,0
0.0,0
0.0,0
0.0,0
0.12186978296806561,0
0.038504672896894125,0
0.0,0
0.0,0
0.0,0
0.27617328519610135,0
0.0,0
0.12827988338193436,0
0.0,0
0.12753623188406807,0
0.13670411985019806,0
0.4195250659654245,0
0.0,0
0.0,0
0.0,0
0.0,0
0.0,0
0.0,0
0.0,0
0.0,0
0.17975830815550217,0
0.0,0
0.0,0
0.18803418802869884,0
0.0,0
0.0,0
0.0,0
0.07799999999869131,0
0.0,0
0.1,0
0.18965517240825658,0
0.3322784810125697,0
0.06902654867241045,0
0.0,0
0.0,0
0.0,0
0.0,0
0.33123028391158366,0
0.0,0
0.0,0
0.10470588235215723,0
0.0,0
0.10512367491072654,0
0.0,0
0.06901818181682749,0
0.0,0
0.0,0
0.0,0
0.0394258373202648,0
0.0,0
0.0,0
0.0,0
0.0,0
0.0,0
0.0,0
0.0,0
0.0,0
0.0,0
0.0,0
0.0,0
0.0,0
0.1891117478454822,0
0.0,0
0.0,0
0.18965517240825658,0
0.0,0
0.0,0
0.0,0
0.0,0
0.0,0
0.0,0
0.0,0
0.0,0
0.18857142856592368,0
0.12186978296806561,0
0.0,0
0.0,0
0.10530973451233909,0
0.038504672896894125,0
0.0,0
0.10185430463258503,0
0.29372937292929713,0
0.0,0
0.0,0
0.0,0
0.0,0
0.0,0
0.0,0
0.0,0
0.0,0
0.0,0
0.0,0
0.18030303030142794,0
0.0,0
0.17975830815550217,0
0.09176029962423075,0
0.0,0
0.0885328836417089,0
0.056858237546626854,0
0.0,0
0.0,0
0.0,0
0.0,0
0.0,0
0.0,0
0.18085106382818,0
0.06902654867241045,0
0.1035205992496989,0
0.19253731343128494,0
0.06939501779343756,0
0.0,0
0.0,0
0.022222222222222223,0
0.2962962962938433,0
0.0,0
0.0,0
0.0,0
0.0,0
0.0,0
0.0,0
0.0,0
0.0,0
0.05851351351027256,0
0.1891117478454822,0
0.05803636363500931,0
0.3436532507739072,0
0.3322784810125697,0
0.0,0
0.12289562289203923,0
0.06878306878291342,0
0.0,0
0.0684291187726805,0
0.0,0
0.12358803986392254,0
0.0,0
0.0,0
0.0,0
0.3322784810125697,0
0.11528089887516707,0
0.0,0
0.0,0
0.2771739130410157,0
0.0,0
0.0,0
0.0,0
0.0,0
0.0,0
0.3343949044585094,0
0.2794612794531213,0
0.4195250659654245,0
0.06902654867241045,0
