0.42154929577463607,1
0.4245878136200636,1
0.2894295302009797,1
0.34137583892582135,1
0.35841155234655997,1
0.35970909090907965,1
0.25010600706712993,1
0.233804713804705,1
0.43537366548041606,1
0.38910394265231674,1
0.3170134228183863,1
0.3905704697982707,1
0.33826714801442737,1
0.3903999999999846,1
0.2937102473498115,1
0.29245791245790026,1
0.4162989323843239,1
0.26068259385631565,1
0.3337883959040972,1
0.34426470588234326,1
0.33792592592591447,1
0.23410071942445235,1
0.24397260273971705,1
0.40275362318839464,1
0.2937106918239028,1
0.2999656357384603,1
0.2855709342556371,1
0.23249158249127017,1
0.23099678456554812,1
0.26844067796569193,1
0.3170103092779792,1
0.2884775086501199,1
0.24932659932627854,1
0.22250803858485782,1
0.35833898305045647,1
0.35761194029849497,1
0.27630434782607655,1
0.26662068965516245,1
0.35167883211677403,1
0.23094890510947852,1
0.2888194444444328,1
0.3622794117646915,1
0.20432432432431621,1
0.2814285714285621,1
0.2491156462584929,1
0.6296068376068376,1
0.49413735343383586,1
0.6237710437710438,1
0.2552941176470493,1
0.3050526315789171,1
0.4002083333332758,1
0.3838679245282711,1
0.3914285714285321,1
0.31432692307687843,1
0.38915887850464603,1
0.31182692307688753,1
0.2941784037558359,1
0.4526315789473382,1
0.2979166666666091,1
0.19377358490562954,1
0.23257142857138935,1
0.22480769230764766,1
0.18196261682240303,1
0.19403846153842608,1
0.19117370892015517,1
0.3724719101123074,1
0.23636363636361274,1
0.2161224489795585,1
0.2841237113401704,1
0.2915999999999766,1
0.23670103092780737,1
0.19155778894469472,1
0.2921999999999479,1
0.2727272727272169,1
0.2887755102039756,1
0.2995049504949979,1
0.22918367346932733,1
0.26268656716412725,1
0.4482568807339168,1
0.3968518518518137,1
0.4441441441441199,1
0.4090740740740439,1
0.3517647058823234,1
0.4200934579438819,1
0.44399999999997214,1
0.38158878504669447,1
0.3668493150684594,1
0.4559633027522617,1
0.35452830188675766,1
0.30497695852530965,1
0.36211009174309283,1
0.36860986547082947,1
0.32403587443943077,1
0.43969849246228165,1
0.78,1
0.8,1
0.35850000000000004,1
0.3669421487603306,1
0.4410619469026548,1
0.48738510301109356,1
0.24361990945850995,1
0.012967581046737646,1
0.6670435967251171,1
0.5408442503563066,1
0.12191082802286589,1
0.2011764705733223,1
0.5131811697574852,1
0.3559556786703522,1
0.2,1
0.84,1
0.24,1
0.24,1
0.7399999999999999,1
0.28,1
0.08164794007490637,1
0.14410677617562376,1
0.14404123710556269,1
0.4421897810218704,1
0.2,1
0.12000000000000001,1
0.08,1
0.06,1
0.20000000000000004,1
0.2,1
0.6882025316455695,1
0.9990087463556749,1
0.82,1
0.3561702127659574,1
0.3629268292682927,1
0.49560975609756097,1
0.30108695652173917,1
0.4945054945054945,1
0.5717582417582417,1
0.40530864197530864,1
0.3417777777777778,1
0.2765934065934066,1
0.3731182795698924,1
0.3747727272727273,1
0.4863636363636364,1
0.4186734693877551,1
0.22804123711340207,1
0.35154639175257735,1
0.43103448275862066,1
0.4070833333333333,1
0.4282474226804124,1
0.47171717171717176,1
0.5960526315789474,1
0.36160919540229886,1
0.25616279069767445,1
0.34081395348837207,1
0.49105263157894735,1
0.3211764705882353,1
0.29593023255813955,1
0.35363636363636364,1
0.41069767441860466,1
0.3532941176470588,1
0.46364705882352947,1
0.6234666666666667,1
0.4388095238095238,1
0.3732941176470588,1
0.46287356321839085,1
0.1946875,1
0.33,1
0.37395348837209297,1
0.6349473684210526,1
0.5629166666666666,1
0.6356122448979592,1
0.4193684210526316,1
0.28400000000000003,1
0.22148936170212766,1
0.16947368421052633,1
0.22639175257731955,1
0.4009411764705882,1
0.3302127659574468,1
0.3058947368421053,1
0.3622680412371134,1
0.3888095238095238,1
0.3235294117647059,1
0.3760919540229885,1
0.5727659574468085,1
0.7138541666666667,1
0.6257731958762888,1
0.26,1
1.0,1
0.6845045045045045,1
1.0,1
0.64,1
0.52,1
0.32,1
0,1
0.0,1
0.5541450068002628,1
0.7441379310344827,1
0.5975609756097561,1
0.731673469387755,1
1.0,1
0.4,1
0.28,1
0.14,1
0.36,1
1.0,1
1.0,1
1.0,1
1.0,1
1.0,1
1.0,1
1.0,1
1.0,1
1.0,1
1.0,1
1.0,1
0.6053977272726642,1
1.0,1
1.0,1
0.7068493150684932,1
1.0,1
0.82,1
0.42388059701492536,1
0.38000000000000006,1
0.38000000000000006,1
0.44,1
0.84,1
1.0,1
1.0,1
0.0,1
0.09122641509433962,1
0.08430622009569379,1
0.08513761467889908,1
0.07757575757575756,1
0.08000000000000002,1
0.06624472573839663,1
0.08615384615384616,1
0.16,1
0.6845045045045045,1
0.16,1
0.36,1
0.12,1
0.1,1
0.060000000000000005,1
0.0,1
0.34,1
0.4600000000000001,1
0.22,1
0.14,1
1.0,1
1.0,1
1.0,1
1.0,1
1.0,1
1.0,1
1.0,1
1.0,1
1.0,1
1.0,1
1.0,1
0.543558282208589,1
0.34,1
0.12000000000000001,1
0.526887417218543,1
0.9999999999999936,1
0.5099088145896615,1
1.000000000000005,1
0.5069113149847053,1
0.4,1
0.11999999999999998,1
0.24,1
0.31224137931031704,1
1.0,1
1.0,1
0.7932075471698113,1
0.7555868544600939,1
0.7481690140845071,1
0.49077720192223884,1
0.505464480874317,1
1.0,1
1.0,1
0.22217252396166168,1
0.23849802364261977,1
0.19349794224071742,1
0.5070140280561913,1
0.32959677419362793,1
0.30257812498883696,1
0.26322200391804423,1
0.6455705995892707,1
0.10266123556790745,1
0.12240054869103405,1
0.5655578947008996,1
0.10266123556790745,1
0.08296448086852982,1
0.3295967741936277,1
0.20110638296923405,1
0.10240860214094623,1
0.08296448086852982,1
0.10269415806977847,1
0.5070993914808101,1
0.122141327613576,1
0.12216450215484846,1
0.35118644067797666,1
0.9999999999999898,1
0.9999999999999898,1
0.35118644067797666,1
0.4577777777777778,1
0.5393059936861213,1
0.4673684210526316,1
0.5460194174708753,1
0.4737724550898204,1
0.7967010309278303,1
0.3511864406779762,1
0.3511864406779762,1
0.99999999999998,1
0.22,1
1.0,1
0.56,1
0.52,1
0.22,1
0.09888372093022925,1
0.06042016806722355,1
0.07999999999997212,1
0.07999999999581293,1
0.07999999999999931,1
0.05981308411203372,1
0.07981395347663722,1
0.0599999999888409,1
0.09861751152073348,1
0.05885714285714286,1
0.039141630901287555,1
0.22,1
0.49746341463383215,1
0.4778640776687461,1
0.23590163934424452,1
0.41174999993719863,1
0.2353804347825419,1
0.3918012422360187,1
0.3344654088050261,1
0.35374999999999324,1
0.3701840490796942,1
0.4091975308641217,1
0.31174193548387097,1
0.1943820224719101,1
0.5525683060109217,1
0.555362318841424,1
0.25565217391291617,1
0.21670329670327498,1
0.2556284153004904,1
0.19548387096770808,1
0.2919999999978558,1
0.1943820224719101,1
0.4368159203980104,1
0.25565217391291617,1
0.3925465838509252,1
0.3924528301886727,1
0.4119999999999921,1
0.351717791411023,1
0.4870370370361738,1
0.2727741935483871,1
0.1943820224719101,1
0.5718918918918846,1
0.21644808743167623,1
0.2559239130434699,1
0.15657754010683625,1
0.2733333333332611,1
0.19441340782122907,1
0.4368316831683173,1
0.22,1
0.4,1
0.6,1
1.0,1
0.3532499999371988,1
0.3342857142570183,1
0.3320731707316291,1
0.4104907975459916,1
0.3117948717948718,1
0.19441340782122907,1
0.44000000000000006,1
0.54,1
0.56,1
0.5,1
0.6,1
0.56,1
1.0,1
0.44000000000000006,1
0.54,1
0.56,1
0.5,1
0.6,1
0.56,1
0.41960975609696766,1
1.0,1
0.2757232704402441,1
0.2556790123456637,1
0.3522360248446804,1
0.21428571428571427,1
0.15548022598870057,1
0.27447852760733776,1
0.37104938271596655,1
0.23380645161290323,1
0.1943820224719101,1
0.42000000000000004,1
1.0,1
0.42000000000000004,1
0.5,1
1.0,1
0.5,1
0.5205687203769772,1
0.42000000000000004,1
1.0,1
0.5,1
1.0,1
0.3799999999968217,1
0.27113924050632915,1
0.11602209944751381,1
0.48,1
0.4799999999999999,1
0.4799999999999999,1
0.54,1
0.52,1
0.44000000000000006,1
1.0,1
0.48,1
0.4799999999999999,1
0.4799999999999999,1
0.54,1
0.52,1
0.58,1
0.56,1
0.58,1
0.6,1
0.54,1
0.48,1
1.0,1
0.58,1
0.56,1
0.58,1
0.6,1
0.56,1
0.58,1
0.58,1
0.56,1
0.4799999999999999,1
0.58,1
1.0,1
0.56,1
0.58,1
0.58,1
0.30980891719745224,1
0.21266666666666667,1
0.9999999999999898,1
0.35118644067797666,1
0.56,1
0.54,1
0.5,1
0.4799999999999999,1
0.56,1
0.56,1
1.0,1
0.56,1
0.54,1
0.58,1
0.6,1
0.54,1
0.58,1
0.58,1
0.56,1
1.0,1
0.58,1
0.56,1
0.52,1
0.6,1
0.58,1
0.54,1
0.58,1
1.0,1
1.0,1
0.04,1
0.11330049261083067,1
0.4264444444444444,1
1.0,1
0.04,1
0.48000000000000004,1
0.08,1
0.04,1
1.0,1
0.26,1
1.0,1
0.26,1
0.5867065868017024,1
0.26322200391804423,1
0.46782608695660344,1
0.36937238493732105,1
0.361660079040088,1
0.2510833333334155,1
0.6256000000000831,1
0.26,1
1.0,1
0.08296448086852982,1
0.16183574878642348,1
0.5632369942196531,1
0.16,1
0.3289277898969962,1
0.5483636363636281,1
0.56,1
0.1,1
0.07622641509433963,1
0.15563636363635533,1
0.11330049261083067,1
0.48000000000000004,1
0.4264444444444444,1
0.08,1
0.236666666666661,1
0.3124555160142301,1
0.12,1
0.4320474777448164,1
0.5791505791506095,1
0.43019033670716267,1
1.0,1
0.4289230769230769,1
0.7748148147913956,1
0.9999999999999974,1
0.5243575418994414,1
0.6,1
0.9999999999999925,1
1.0,1
0.56,1
0.52,1
0.22,1
0.22,1
0.4,1
0.6,1
0.44000000000000006,1
0.54,1
0.56,1
0.5,1
0.6,1
0.56,1
0.42000000000000004,1
0.5,1
0.48,1
0.4799999999999999,1
0.4799999999999999,1
0.54,1
0.52,1
0.58,1
0.56,1
0.58,1
0.6,1
0.56,1
0.58,1
0.58,1
0.56,1
0.54,1
0.58,1
0.04,1
0.26,1
0.56,1
0.28,1
0.9879518072284967,1
0.37286432160804023,1
0.425979381443299,1
0.3071794871794872,1
0.34683937823834193,1
0.3665979381443299,1
0.38635897435897437,1
0.44571428571428573,1
0.45125628140703516,1
0.41200000000000003,1
0.3533333333333334,1
0.45125628140703516,1
0.3336,1
0.5099502487562189,1
0.38635897435897437,1
0.36663212435233156,1
0.44577319587628866,1
0.3665641025641026,1
0.4853061224489795,1
0.26762886597938146,1
0.3665641025641026,1
0.2675510204081633,1
0.4258883248730964,1
0.32704663212435237,1
0.3270103092783505,1
0.40615384615384614,1
0.32697435897435895,1
0.4259183673469388,1
0.40609137055837563,1
0.9999999999999947,1
0.98794871794871,1
0.64,1
0.4,1
0.62,1
0.9999999999999987,1
0.5923999999999988,1
0.4598993288590637,1
0.46035205364629234,1
0.5909536784740823,1
0.45839620005591153,1
0.46080402010051513,1
0.6824324324324637,1
0.682684670373324,1
1.0000000000001044,1
0.44223776223705225,1
0.4473758865225243,1
0.4447887323930602,1
0.4465248226940499,1
0.44737588652371457,1
0.432876712327791,1
0.5369491525424847,1
0.5317647058814216,1
0.544406779660225,1
0.5362711864396289,1
0.5141463414632381,1
0.5579487179478503,1
0.5434482758591928,1
0.5627586206898908,1
0.5404958677697342,1
0.5471794871777449,1
0.5663247863244014,1
0.5452459016383314,1
0.5524137931021014,1
0.5391735537169657,1
0.551570247933256,1
0.3898599439775835,1
0.584774774774423,1
0.21150501672206848,1
0.21310810810701328,1
0.20913907284706806,1
0.21056856187244494,1
0.2109698996650293,1
0.20668852458907003,1
0.20900662251593252,1
0.2051948051943425,1
0.3025287356322345,1
0.32734082396962233,1
0.32939393939358536,1
0.3746969696965008,1
0.29466666666629066,1
0.34209737827680353,1
0.30747252747244797,1
0.40454545454506996,1
0.37601532566921975,1
0.34704980842922345,1
0.32734082397042386,1
0.3589393939381664,1
0.3549629629634735,1
0.356404494381259,1
0.38726591760282764,1
0.30688644688587463,1
0.355111111110566,1
0.3505797101444798,1
0.68,1
0.3589393939388021,1
0.3241481481460365,1
0.3414981273398983,1
0.3219047619038566,1
0.3551111111113752,1
0.37265917602963766,1
0.33853479853452006,1
0.2917216117210394,1
0.3175627240122934,1
0.35043478260801314,1
0.4036144578313253,1
0.3330313588850174,1
0.3782857142857143,1
0.5973262032085562,1
0.3616136919315403,1
0.3026044226044226,1
1.0,1
0.6899451553930531,1
0.64,1
0.41025641025641024,1
0.365589519650655,1
0.46469565217391307,1
0.3656140350877193,1
0.4250655021834061,1
0.4845217391304348,1
0.4845021645021645,1
0.41025641025641024,1
0.44953191489361705,1
0.3709871244635193,1
0.4692307692307693,1
0.4298723404255319,1
0.41016949152542376,1
0.3853913043478261,1
0.3656140350877193,1
0.40524017467248913,1
0.46469565217391307,1
0.42502164502164497,1
0.365589519650655,1
0.4845217391304348,1
0.4051948051948052,1
0.4844827586206896,1
0.4250877192982456,1
0.4250655021834061,1
0.4250434782608695,1
0.44486956521739135,1
0.5043290043290043,1
0.44482758620689655,1
0.2482122260668958,1
0.32390243902439025,1
0.32367149758454106,1
0.3431067961165049,1
0.34333333333333327,1
0.32390243902439025,1
0.28514563106796115,1
0.7449056603773584,1
0.7056872037914691,1
0.7645933014354067,1
0.7841904761904762,1
0.7056872037914691,1
0.7448826291079812,1
0.8037914691943129,1
0.8233962264150944,1
0.7645070422535212,1
0.7449523809523809,1
0.7841706161137442,1
0.7252830188679245,1
0.8430622009569377,1
0.7645714285714286,1
0.7841706161137442,1
0.22533936651583714,1
0.2251121076233184,1
0.22522522522522523,1
0.22545454545454546,1
0.22533936651583714,1
0.22522522522522523,1
0.7449523809523809,1
0.7253588516746411,1
0.7646376811594203,1
0.7646153846153846,1
0.7645933014354067,1
0.7841706161137442,1
0.7645933014354067,1
0.8038095238095239,1
0.7645497630331753,1
0.7646153846153846,1
0.7842105263157895,1
0.7841904761904762,1
0.8234782608695651,1
0.8234615384615385,1
0.8430622009569377,1
0.787897435897436,1
0.8071065989847716,1
0.7492857142857142,1
0.8264948453608247,1
0.787897435897436,1
0.7107142857142856,1
0.7651063829787235,1
0.7259893048128342,1
0.7847567567567568,1
0.7651612903225806,1
0.6868449197860963,1
0.7259259259259259,1
0.8238502673796791,1
0.8238297872340425,1
0.7455026455026456,1
0.7651612903225806,1
0.7455614973262031,1
0.6868085106382978,1
0.8238918918918918,1
0.726021505376344,1
0.7651336898395723,1
0.7301554404145078,1
0.787897435897436,1
0.749381443298969,1
0.7494791666666667,1
0.7301554404145078,1
0.749381443298969,1
0.726021505376344,1
0.6673513513513514,1
0.6869945355191257,1
0.6673913043478261,1
0.686918918918919,1
0.7455614973262031,1
0.7064864864864864,1
0.726021505376344,1
0.7259893048128342,1
0.6869565217391305,1
0.7064864864864864,1
0.726021505376344,1
0.7065573770491804,1
0.726086956521739,1
0.7456216216216216,1
0.9028011204481793,1
0.8444943820224718,1
0.9222346368715084,1
0.9027855153203344,1
0.9222408963585434,1
0.8639215686274511,1
0.8638888888888889,1
0.8250704225352112,1
0.8833613445378151,1
0.8833519553072626,1
0.883370786516854,1
0.8444943820224718,1
0.8250139275766016,1
0.8444943820224718,1
0.8250420168067226,1
0.8445070422535211,1
0.7861971830985917,1
0.786145251396648,1
0.8833426183844011,1
0.9222408963585434,1
0.8639215686274511,1
0.8638888888888889,1
0.8833519553072626,1
0.8444692737430167,1
0.8249861495844875,1
0.8639325842696629,1
0.8833426183844011,1
0.8250139275766016,1
0.39047619032298114,1
0.4095238093706002,1
0.3711320753199342,1
0.39033175340201914,1
0.3906220094154356,1
0.42857142841821927,1
0.40938388610344095,1
0.15650224200818855,1
0.14147465422961314,1
0.1416666665177132,1
0.1418604649666328,1
0.14147465422961314,1
0.14128440352213784,1
0.1225925924436391,1
0.1225925924436391,1
0.7862264149425757,1
0.6695327101300284,1
0.7278873237926106,1
0.6696682462930146,1
0.7473584904142738,1
0.6501408449193711,1
0.2355555554125602,1
0.2024657532777445,1
0.2220183484762663,1
0.20267281091164077,1
0.2413698628667856,1
0.24127272712648204,1
0.24146788976066996,1
0.2803669723294773,1
0.8444859811580657,1
0.8445070421024697,1
0.7473933647764267,1
0.8445283017350286,1
0.7667605632292303,1
0.2546666665236713,1
0.22191780807226508,1
0.2220183484762663,1
0.22211981551993573,1
0.26082191766130614,1
0.2607272725810275,1
0.2803669723294773,1
0.24146788976066996,1
0.7666976742689584,1
0.6695774646376811,1
0.7667289718122714,1
0.7083720928736095,1
0.27348017606971825,1
0.2411764704426518,1
0.24127272712648204,1
0.2413698628667856,1
0.2800904975919731,1
0.3383783782334507,1
0.2607272725810275,1
0.24127272712648204,1
0.7084905658859719,1
0.7667605632292303,1
0.7472897194758227,1
0.27362831844170815,1
0.24127272712648204,1
0.2413698628667856,1
0.24146788976066996,1
0.31909090894466385,1
0.2800904975919731,1
0.26082191766130614,1
0.2413698628667856,1
0.7279620851555737,1
0.6501886790935192,1
0.23571428557065202,1
0.2220183484762663,1
0.22211981551993573,1
0.29999999985104653,1
0.24146788976066996,1
0.2413698628667856,1
0.22211981551993573,1
0.20267281091164077,1
0.7278873237926106,1
0.2355555554125602,1
0.22191780807226508,1
0.2803669723294773,1
0.22211981551993573,1
0.2413698628667856,1
0.24127272712648204,1
0.2220183484762663,1
0.2220183484762663,1
0.2545132741939206,1
0.35799999985375475,1
0.22191780807226508,1
0.2220183484762663,1
0.24127272712648204,1
0.2411764704426518,1
0.22191780807226508,1
0.2024657532777445,1
0.7894827584820089,1
0.8277922076529266,1
0.7704347824688089,1
0.8277586205509744,1
0.8277253217503263,1
0.8469264067871257,1
0.7895238093845284,1
0.7858666665236713,1
0.7080357141420806,1
0.7663716812735666,1
0.7274008809155333,1
0.7469333331903381,1
0.7274666665236714,1
0.7859192823669331,1
0.8053333331903381,1
0.7858407078222391,1
0.8053571427135092,1
0.7858928569992234,1
0.7664285712849378,1
0.7079999998570046,1
0.7469955155507895,1
0.7080717487346458,1
0.7858149778318329,1
0.8247999998570046,1
0.7469333331903381,1
0.8053097343709118,1
0.7469026547248941,1
0.8053571427135092,1
0.7297816593886404,1
0.6719823788546196,1
0.7684210526315729,1
0.7490829694323085,1
0.7104347826086896,1
0.787719298245608,1
0.7532765957446751,1
0.6912280701754328,1
0.7446846846846846,1
0.8232286995515694,1
0.8232142857142856,1
0.7642666666666666,1
0.8428699551569506,1
0.7876521739130434,1
0.7446636771300449,1
0.764343891402715,1
0.783963963963964,1
0.7053811659192825,1
0.7839819004524887,1
0.7491228070175439,1
0.7054298642533936,1
0.8232286995515694,1
0.7642857142857142,1
0.8625225225225225,1
0.7876855895196506,1
0.783963963963964,1
0.7839111111111111,1
0.882152466367713,1
0.8455652173913043,1
0.7446636771300449,1
0.8232142857142856,1
0.7876190476190477,1
0.725,1
0.845589519650655,1
0.8036036036036036,1
0.7490829694323143,1
1.0,1
0.9999999999131363,1
1.0,1
0.2615624999996373,1
1.0,1
0.28,1
0.5197014925372472,1
0.5257831324427473,1
0.5196996996996329,1
0.6640963854547955,1
0.6575975975975309,1
0.5850299400329104,1
0.5788059701491873,1
0.9999999999146827,1
0.5257485029071619,1
0.5197014925372472,1
0.5257831324427473,1
0.5196996996996329,1
0.6640963854547955,1
0.5850299400329104,1
0.5788059701491873,1
0.42254945051757375,1
0.34291712703977034,1
0.36282872924971504,1
0.36281318678130997,1
0.3981578947368421,1
0.21510204081632653,1
0.2961688311688312,1
0.2532903225806452,1
0.3623728811101025,1
0.42610169482205545,1
0.9999999997660652,1
0.3623728811101025,1
0.6685519125684528,1
0.9916666666665189,1
0.4893723849372389,1
0.5909565216649012,1
0.3690196078432877,1
0.5822222222220705,1
0.3203433476394854,1
0.5910043667376738,1
0.36905766526034794,1
0.5822317596565001,1
0.2734482758592255,1
0.6299563318031759,1
0.44669479606203577,1
0.6212017167380453,1
0.35137931034198405,1
0.571478260795336,1
0.42725490196093474,1
0.5627350427348912,1
0.339828326180258,1
0.6684139784947677,1
0.5263697705800009,1
0.36901960784328725,1
0.6517073170229792,1
0.3688705234161255,1
0.3592254495156025,1
0.36905766526034756,1
0.65175510199042,1
0.36890733056722974,1
0.31144444444408326,1
0.4466947960620353,1
0.7097959183169505,1
0.44658367911494756,1
0.3891111111107499,1
0.4272549019609343,1
0.6323577235270443,1
0.42713498622604285,1
0.37864453665253195,1
0.48921810699588514,1
0.5822222222220705,1
0.36887052341612586,1
0.5821848739494309,1
0.32033755274261644,1
0.5822317596565001,1
0.36890733056723013,1
0.5821940928268545,1
0.273559322031103,1
0.6212017167380453,1
0.44658367911494795,1
0.6211814345990064,1
0.3515254237260182,1
0.5627350427348912,1
0.4271349862260433,1
0.5626890756301032,1
0.33983122362869245,1
0.30085836909871283,1
0.33980636237867295,1
0.3008438818565405,1
0.5711864406056241,1
0.32034482758620736,1
0.32038888888858413,1
0.3203389830508479,1
0.6218723404255274,1
0.37879310344827627,1
0.3786388888885842,1
0.37881355932203437,1
0.6413617021276551,1
0.35931330472103046,1
0.37864453665253195,1
0.35932489451476834,1
0.5516949151818952,1
0.4803003003002336,1
0.48934131731415353,1
0.6181981981981314,1
0.6268263472542732,1
0.49999999999993366,1
0.5089285713777597,1
0.5197014925372471,1
0.9925373134327695,1
0.9999999999491882,1
0.4803003003002336,1
0.48934131731415353,1
0.6181981981981314,1
0.49999999999993366,1
0.5089285713777597,1
0.3827403314596598,1
0.36282872924971504,1
0.3229890109571342,1
0.20727891156462586,1
0.3526623376623377,1
0.31290322580645163,1
0.3874576270254453,1
0.3623728811101025,1
0.9999999997541703,1
0.71843137254917,1
0.9914529914528398,1
0.4957081545064382,1
0.6104803492704247,1
0.36905766526034794,1
0.6017167381972726,1
0.2929310344799151,1
0.7078602619341803,1
0.5049226441633016,1
0.6991416309011352,1
0.409827586204053,1
0.6104347825344665,1
0.4466666666668171,1
0.60170940170925,1
0.37879828326180304,1
0.7184573002756296,1
0.5145781466110382,1
0.36905766526034756,1
0.6324081632149098,1
0.36890733056722974,1
0.3308611111107499,1
0.5049226441633011,1
0.748489795867971,1
0.504840940525736,1
0.44736111111074994,1
0.4466666666668167,1
0.6323577235270443,1
0.44655647382934865,1
0.4174827109263909,1
0.5037082817935625,1
0.4957805907173,1
0.6017167381972726,1
0.36890733056723013,1
0.6101265822064442,1
0.2930508474548318,1
0.6991416309011352,1
0.5048409405257364,1
0.7075949366368239,1
0.40999999999720466,1
0.60170940170925,1
0.44655647382934904,1
0.6100840335417113,1
0.3788185654008443,1
0.32034482758620736,1
0.3592222222219174,1
0.3203389830508479,1
0.6023829787233997,1
0.41775862068965564,1
0.4563055555552508,1
0.41779661016949193,1
0.6413617021276551,1
0.39828326180257556,1
0.4369017980633203,1
0.39831223628692025,1
0.6296610168768105,1
0.9924471299092984,1
0.5850909090030063,1
0.5787915407854313,1
0.4862650601535906,1
0.4803003003002336,1
0.5257831324427473,1
0.4862650601535906,1
0.4803003003002336,1
0.9999999999120973,1
0.9924471299092984,1
0.5850909090030063,1
0.4862650601535906,1
0.4803003003002336,1
0.5787915407854313,1
0.5875903613943593,1
0.4803003003002336,1
0.48934131731415353,1
0.5196996996996329,1
0.4803003003002336,1
0.48934131731415353,1
0.9924471299092984,1
0.999999999948576,1
0.5787915407854313,1
0.4803003003002336,1
0.48934131731415353,1
0.44248888885665794,1
0.44247513808949407,1
0.2785234899328859,1
0.3102666666666667,1
0.6601977401131461,1
0.9913793103446747,1
0.5071861471832914,1
0.6689473683461723,1
0.42731638418094264,1
0.6601724137929506,1
0.370822510819655,1
0.6299563318031759,1
0.42728551336161374,1
0.6212017167380453,1
0.398275862068966,1
0.6601944444445933,1
0.4667224546718828,1
0.4273163841809422,1
0.6904918032280857,1
0.4271944444445932,1
0.36965132496476977,1
0.42728551336161336,1
0.65175510199042,1
0.42716459197801815,1
0.39805555555525085,1
0.5074042553163417,1
0.6601724137929506,1
0.4271944444445936,1
0.6686440677242682,1
0.37097872340144805,1
0.6212017167380453,1
0.42716459197801854,1
0.6296202530925201,1
0.39830508474576315,1
0.370822510819655,1
0.36965132496476977,1
0.37097872340144805,1
0.649230769157809,1
0.35137931034198405,1
0.3696944444440833,1
0.3515254237260182,1
0.6023829787233997,1
0.9924471299092984,1
0.5850602408764821,1
0.5787987987987321,1
0.6640963854547955,1
0.6245783131656388,1
0.6181981981981315,1
0.5850909090030063,1
0.5787915407854313,1
0.9999999999120973,1
0.5850602408764821,1
0.5787987987987321,1
0.3827403314596598,1
0.578798798798732,1
0.5875449101285247,1
0.6575975975975309,1
0.6181981981981314,1
0.6268263472542732,1
0.5787915407854313,1
0.5875903613943593,1
0.9924471299092984,1
0.578798798798732,1
0.5875449101285247,1
0.32777070063694264,1
0.7184180790961969,1
0.9913793103446747,1
0.5461471861443303,1
0.7273362444669313,1
0.5437412095641454,1
0.7186266094419078,1
0.47620689655172455,1
0.7184444444445932,1
0.5443793584375732,1
0.5437412095641451,1
0.7291428570924607,1
0.543679114799595,1
0.47572222222191746,1
0.546382978720597,1
0.7186266094419078,1
0.5436791147995954,1
0.7270886075228998,1
0.47627118644067834,1
0.46827586206612193,1
0.4861944444440833,1
0.46847457626839106,1
0.6803404255319104,1
0.9925373134327695,1
0.5850299400329104,1
0.5059880238652458,1
0.49999999999993366,1
0.4862650601535906,1
0.4803003003002336,1
0.5850602408764821,1
0.99999999991315,1
0.9925373134327695,1
0.5788059701491873,1
0.49999999999993366,1
0.5089285713777597,1
0.4803003003002336,1
0.48934131731415353,1
0.578798798798732,1
0.9925373134327695,1
0.9999999999491882,1
0.42610169482205545,1
0.3874576270254453,1
0.6990196078432876,1
0.9914529914528398,1
0.4957081545064382,1
0.699035812672324,1
0.4951590594741087,1
0.4957805907173,1
1.0,1
1.0,1
1.0,1
1.0,1
1.0,1
1.0,1
0.5257485029071619,1
0.5197014925372472,1
0.5257831324427473,1
0.5196996996996329,1
0.6640963854547955,1
0.5850299400329104,1
0.5788059701491873,1
0.3623728811101025,1
0.9925373134327695,1
0.4862650601535906,1
0.4803003003002336,1
0.6245783131656388,1
0.5059880238652458,1
0.49999999999993366,1
0.4803003003002336,1
0.48934131731415353,1
0.6181981981981314,1
0.49999999999993366,1
0.5089285713777597,1
0.9924471299092984,1
0.5850909090030063,1
0.4862650601535906,1
0.4803003003002336,1
0.5787915407854313,1
0.4803003003002336,1
0.48934131731415353,1
0.5850602408764821,1
0.5787987987987321,1
0.9925373134327695,1
1.0,1
0,0
0.0,0
0.06040268456375839,0
0.0,0
0.0,0
0.0,0
0.0,0
0.0,0
0.0,0
0.0,0
0.0,0
0.0,0
0,0
0.0,0
0.02,0
0.019845360824742267,0
0.0,0
0.0,0
0.01980582524271845,0
0.0,0
0.0,0
0.0,0
0.0,0
0.0,0
0.0,0
0.0,0
0.0,0
0,0
0.017763975155279502,0
0.05879518072289156,0
0.0,0
0.0,0
0.03868131868131868,0
0.011402714932126697,0
0.05830258302583026,0
0.0,0
0.0,0
0,0
0.0,0
0.0,0
0.0,0
0.0,0
0.0,0
0.0,0
0.0,0
0.0,0
0.0,0
0.0,0
0.0,0
0,0
0.0,0
0.0,0
0.04851851851851852,0
0.0,0
0.0,0
0,0
0.0,0
0,0
0,0
0.0,0
0.0,0
0.0,0
0.0,0
0.0,0
0,0
0,0
0.23559999999999998,0
0.0,0
0.0,0
0.0014204545183307512,0
0.0,0
0.0014204545183306983,0
0,0
0,0
0.054380664652567974,0
0.0,0
0.0,0
0.0,0
0.0,0
0.0,0
0,0
0.0,0
0.04044943820224719,0
0.010416666666362578,0
0.0,0
0.0,0
0.0,0
0.3071657754010458,0
0.29502392344487693,0
0.006644518272425249,0
0.0,0
0.0,0
0.039379844961240314,0
1.0,0
0.0,0
0.02,0
0.0,0
0.0,0
0.0,0
0.0,0
0,0
0.0,0
0.0,0
0.6147987616098687,0
0.0,0
0.02405498281800495,0
0,0
0.0,0
0.0,0
0.0,0
0.0,0
0.0,0
0.0,0
0.17705583756345175,0
0.0,0
0.0,0
0,0
0.0,0
0.0,0
0.0,0
0.0,0
0.0,0
0.0,0
0.0,0
0.12703517587939697,0
0.0,0
0.27542857142847277,0
0.32,0
0.0,0
0.0,0
0.0,0
0.0,0
0.10956937799032436,0
0,0
0.004432624113435811,0
0.0,0
0.0,0
0.0,0
0.0,0
0.3585434173669468,0
0.0,0
0.0,0
0.0,0
0.0,0
0.0,0
0.0,0
0,0
0.0,0
0.0,0
0.0,0
0.0,0
0.0,0
0.0,0
0.0,0
0.0,0
0.0,0
0.0,0
0.1964824120603015,0
0.23999999999999996,0
0.0,0
0.0,0
0.0,0
0,0
0,0
0.0,0
0.0,0
0.0,0
0.0,0
0.0,0
0.0,0
0.0,0
0.26,0
0.0,0
0.0,0
0.0,0
0.0,0
0.0,0
0.0,0
0.17723076923076925,0
0.038194444444439805,0
0.0,0
0.0,0
0.0,0
0.0,0
1.0,0
0.0,0
0.0,0
0.05843866171003718,0
0.0,0
0.0,0
0.013182674199623353,0
0.18,0
0.0,0
0.0,0
0.0,0
0.0,0
0.0,0
0.0,0
0.0,0
0,0
0.0,0
0.0,0
0,0
0.0,0
0.0,0
0.0,0
0,0
0.039530201342281884,0
0.0,0
0.0,0
0.0,0
0.0,0
0.054380664652567974,0
0.0,0
0.0,0
0.0,0
0.0,0
0.019999999999999997,0
0,0
0.0,0
0.0,0
0.0,0
0.39491891891891895,0
0.0,0
0.026295081967213113,0
0.06809523809523808,0
0.04586666666666667,0
0.0,0
0.0,0
0.0,0
0.0,0
0,0
0.0,0
0,0
0,0
0.0,0
0.06,0
0.0,0
0.0,0
0.0,0
0.0,0
0.2564324324324324,0
0.0,0
0,0
0.0,0
0.08,0
0,0
0,0
0.0,0
0.0,0
0.057692307692307696,0
0.0,0
0.0,0
1.0,0
0.0,0
0.0,0
0.0,0
0.0,0
0.03651877133105802,0
0.0,0
0.0,0
0.0,0
0.0,0
0.0,0
0,0
0.0,0
0.0,0
0.0,0
0.0,0
0.0,0
0.0,0
0.0,0
0.0,0
0,0
0.0,0
0.0,0
0,0
0.0,0
0.07291666666666667,0
0.0,0
0.02,0
0.28514563106796115,0
0.0,0
0.0,0
0.0,0
0.018018018018018018,0
0.0,0
0.1,0
0.0,0
0.0,0
0.0,0
0.0,0
0,0
0.0,0
0.0,0
0.026188925081433223,0
0.0,0
0,0
0.0,0
0.0,0
0.02023608768971332,0
0.008741258741181058,0
0.0,0
0.0,0
0.042616822429906547,0
0.0,0
0.0,0
0.0,0
0,0
0.0,0
0.0,0
0.0,0
0.0,0
0.00014336917562193305,0
0.0,0
0.0,0
0,0
0.1445849802371546,0
0.0,0
0.0,0
0,0
0.0,0
0.0,0
0.0,0
0.0,0
0.0,0
0.0,0
0.0,0
0.0,0
0.0,0
0.0,0
0.0,0
0.0,0
0,0
0.0,0
0,0
0.0,0
0.0064516129032258064,0
0.0,0
0.0,0
0.0,0
0.0,0
0.0,0
0.0,0
0.001354401805866191,0
0.25512437810945277,0
0,0
0,0
0.0,0
0.0,0
0.0058309037900874635,0
0.0,0
0.0,0
0.0,0
0.0,0
0.15728643216080404,0
0.03868131868131868,0
0.0,0
8.1632652867319e-05,0
0.2358041958041958,0
0.0,0
0.007017543859649123,0
0.02594427244582043,0
0.0,0
0.0,0
0.0,0
0.0,0
0.0,0
0.0,0
0.0,0
0.0,0
0.0,0
0,0
0.0,0
0.0,0
0.0,0
0.006535947712418301,0
0.0,0
0.0,0
0.0,0
0,0
0,0
0.0,0
0.02,0
0.0,0
0.0,0
0.0,0
0.0,0
0.029508196721311476,0
0.0,0
0,0
0.0,0
0.0,0
0.0,0
0.04,0
0,0
0.04,0
0.0,0
0.02,0
0.0,0
0.09791666666666667,0
0.03163444639718805,0
0.0,0
0,0
0,0
0.0,0
0.0,0
0,0
0.0,0
0,0
0.0,0
0,0
0.0,0
0.0,0
0.0,0
0.0,0
0.0,0
0.0,0
0.02616883116883117,0
0.0,0
0.0,0
0.027889908256843888,0
0.0,0
0,0
0.0,0
0.0,0
0.0,0
0.0,0
0.0051903114185337705,0
0.0,0
0.019784172661870502,0
0.0,0
0.031746031746031744,0
0.0,0
0.0,0
0.0,0
0.0,0
0.04,0
0,0
0.0,0
0.0,0
0.0,0
0.06,0
0.0,0
0.0,0
0.02567164179104478,0
0,0
0.0,0
0.0,0
0.0,0
0,0
0.0,0
0.0,0
0.0,0
0.0,0
0.0,0
0.0,0
0.0,0
0.0,0
0,0
0.0,0
0.0,0
0.0,0
0.0,0
0.0,0
0.08,0
0.04672131147239305,0
0.0,0
0.0,0
0.5341626794258161,0
0.0,0
0.0,0
0.0,0
0.03868131868131868,0
0.0,0
0.0,0
0.0,0
0.0,0
0.0,0
0.1,0
0.0,0
0.0,0
0.0,0
0.0,0
0.0,0
0.004025764895294345,0
0.0,0
0.0,0
0.0,0
0.0,0
0.0,0
0.0,0
0.0,0
0.0,0
0.0,0
0.0,0
0.0,0
0.0,0
0.08122065727699529,0
0.02,0
0.0,0
0.0,0
0.0058997050147492625,0
0.0,0
0.0,0
0,0
0.0,0
0.0,0
0.0,0
0.4309952606635071,0
0.0,0
0.0,0
0.0,0
0.0,0
0.0,0
0.0,0
0.0,0
0.0,0
0,0
0.2672820512820513,0
0.0,0
0.06451612903225806,0
0.0,0
0.04,0
0.0,0
0.0,0
0.0,0
0.0,0
0.0,0
0.0,0
0.0,0
0.23999999999999996,0
0.007407407407407408,0
0.0,0
0.0,0
0.21608465608463256,0
0.0,0
0.0,0
0,0
0.0,0
0.04095465393794749,0
0.0,0
0.0,0
0,0
0.0683743842364532,0
0.0,0
0.033707865168539325,0
0.0,0
0.0,0
0,0
0.0,0
0.0,0
0.017006802721088437,0
0.0,0
0.0,0
0.0,0
0.0,0
0.46,0
0.0,0
0.0,0
0.0,0
0.0,0
0.0,0
0.0,0
0.0,0
0.0,0
0.24,0
0.0,0
0.031853658536585366,0
0.0,0
0.0,0
0.0,0
0.0,0
0.0,0
0.0,0
0.0,0
0.0,0
0.0,0
0.0,0
0.0,0
0.0,0
0.0,0
0.0,0
0.0,0
0.0,0
0.0,0
0.0,0
0.08132075471698114,0
0.0,0
0.0,0
0.10753768844221107,0
0.0,0
0.0,0
0.0,0
0.0,0
0.0,0
0.0,0
0.0,0
0.0,0
0.0,0
0.0,0
0.019999999999965965,0
0.0,0
0.0,0
0.0,0
0.0,0
0,0
0.0,0
0.005235602094087998,0
0,0
0.1,0
0.0,0
0.0,0
0.0,0
0.0,0
0.0,0
0.024221453287333702,0
0.019637462235649546,0
0.0,0
0.08,0
0.0,0
0.0,0
0.0,0
0.0,0
0.0,0
0.6,0
0.0,0
0.0,0
0,0
0.002824858757346431,0
0.0,0
0.0,0
0.0,0
0.0,0
0.0,0
0.0,0
0.0,0
0.0,0
0.0,0
0.0058823529411764705,0
0.1,0
0.0,0
0.0,0
0,0
0.0,0
0.0,0
0.0,0
0.14468085106382977,0
0.0,0
0.0,0
0.0,0
0.0,0
0,0
0.0,0
0.0,0
0.0,0
0.025075154730327145,0
0.0,0
9.815950920245399e-05,0
0.04938271604932654,0
0.0,0
0.0,0
0.0,0
0.0,0
0,0
0.0,0
0.0,0
0.0,0
0.0,0
0.0,0
0.0,0
0.07166123778501629,0
0.0,0
0.0,0
0.0,0
0.0,0
0.06040268456375839,0
0.0,0
0.0,0
0.0,0
0.0,0
0.0,0
0.0,0
0,0
0.0,0
0.05746478873239437,0
0.0,0
0.22600000000036843,0
0.0,0
0.0,0
0.0,0
0.0,0
0.0,0
0.0,0
0.0,0
0.0,0
0.0,0
0.0,0
0.22871794871794873,0
0,0
0.0,0
0.0,0
0.0,0
0.01657458563487583,0
0.0,0
0.0,0
0.0,0
0.028923766816143493,0
0.24,0
0.0,0
0.0,0
0.05823529411764706,0
0.0,0
0.0,0
0.006097560975609756,0
0.0,0
0.0,0
0.04,0
0.0,0
0.0,0
0.0,0
0.0,0
0.0,0
0.14,0
0.008316008316008316,0
0,0
0.0,0
0.0,0
0.0,0
0.0,0
0.0002840909090626226,0
0.0,0
0.048401826484018265,0
0.08823529411764706,0
0.026066350710900472,0
0.0,0
0.0,0
0,0
0.0,0
0.0,0
0.0,0
0.0,0
0.02,0
0.0,0
0.0,0
0.0,0
0.0,0
0.0,0
0.0,0
0.0,0
0.0,0
0.0,0
0,0
0.2055357142857059,0
0.0,0
0.0,0
0.0,0
0.04,0
0,0
0.0,0
0.1,0
0.0,0
0.0,0
0.06884705882352941,0
0.0,0
0.0,0
0.0,0
0.0,0
0.0,0
0.0,0
0.012135922330097087,0
0.0,0
0.3473684208999584,0
0.4702857142857143,0
0.0,0
0.0,0
0.0,0
0,0
0.0,0
0.07061666666675617,0
0.0,0
0.0,0
0.026666666666666665,0
0.0,0
0,0
0.02,0
0.05758865248226951,0
0.0,0
0.04,0
0.0,0
0.06,0
0.04895522388059701,0
0.0,0
0.02,0
0,0
0.0,0
0.008595988538681949,0
0.0,0
0.2,0
0,0
0.0,0
0.0058823529411764705,0
0.05746478873239437,0
0.06685714285714286,0
0.0,0
0.0,0
0.2161616161616162,0
0.0,0
0.0,0
0.0,0
0.09999999999999999,0
0.0,0
0.0,0
0.0,0
0,0
0,0
0.0,0
0.00028368794222862604,0
0.08,0
0.02311183144245621,0
0.0,0
0.0058309037900874635,0
0.06789473684210527,0
0.0,0
0,0
0.04,0
0,0
0.0,0
0.0,0
0.0,0
0.0,0
0.0,0
0.0,0
0.0,0
0.0,0
0,0
0.0,0
0.11794392523320087,0
0.0,0
0,0
0.006622516556291391,0
0.0,0
0.0,0
0.062285714285714285,0
0.0,0
0.03271028037383177,0
0.02,0
0.0,0
0.0,0
0.0,0
0.0,0
0.0,0
0.0,0
0.0,0
0.02312195121950485,0
0.0,0
0,0
0.0376969696969697,0
0.23695652173913045,0
0.0,0
0.0,0
0.04757446808507221,0
0.0,0
0.07902040816326089,0
0.0,0
0.014450867051894682,0
0.0,0
0.0,0
0.0,0
0.0,0
0.0,0
0.0,0
0.0,0
0.0,0
0.0,0
0,0
0.0,0
0,0
0.0,0
0.0,0
0.0,0
0.0,0
0.0,0
0.0,0
0.0,0
0.0,0
0.0,0
0.0,0
0.0,0
0.056962025316455694,0
0.0,0
0,0
0,0
0.0,0
0,0
0.14453125,0
0,0
0.0,0
0.0,0
0.0,0
0,0
0.0,0
0.0,0
0.2397916666666667,0
0.0,0
0.0,0
0,0
0.0,0
0.0,0
0.0,0
0,0
0.0,0
0.0,0
0.08563380281690142,0
0.0,0
0.0,0
0.0,0
0.0,0
0.0,0
0.0,0
0.0,0
0.0,0
0.0,0
0.0,0
0.0,0
0.0,0
0.0,0
0.0,0
0.0,0
0.0,0
0.0,0
0.0,0
0.0,0
0.0,0
0,0
0.0,0
0.0,0
0.0,0
0.1943820224719101,0
0.0,0
0,0
0.0,0
0.0,0
0.0,0
0.0,0
0.14274509801318366,0
0.0,0
0.0,0
0.0,0
0.0,0
0.0,0
0.0,0
0.0,0
0.0,0
0.0,0
0.0,0
0.2219724284199375,0
1.0,0
0,0
0.0,0
0.0,0
0.0,0
0.006622516556291391,0
0,0
0.0,0
0.06798122065727699,0
0.1738842975201422,0
0,0
0.0,0
0.0,0
0.0,0
0.0,0
0.0,0
0.0,0
0.00023809523722759688,0
0.0,0
0,0
0.0,0
0.0,0
0.02,0
0.0,0
0.0,0
0,0
0.0,0
0.04065789473682494,0
0.0,0
0.0,0
0.0,0
0.0,0
0.0,0
0.0,0
0,0
0.0,0
0.05816849816849817,0
0,0
0.00023529411678962513,0
0.0,0
0.0,0
0.14,0
0.0,0
0.0,0
0.005952380952380952,0
0.0,0
0.0,0
0,0
0,0
0.0,0
0.0,0
0.03197044334975369,0
0.0,0
0.0,0
0.0,0
0.0,0
0.0,0
0.0,0
0.0,0
0.0,0
0,0
0.2361616161437531,0
0.0,0
0.04,0
0.0,0
0.0,0
0.0,0
0.0,0
0.0,0
0,0
0.0,0
0.0,0
0.06040268456375839,0
0.0,0
0,0
0.0,0
0.0,0
0.0,0
0.0,0
0.0,0
0.0,0
0.0,0
0.0,0
0.0,0
0.0,0
0.0,0
0.0,0
0.20795107033639143,0
0.00784313725490196,0
0.0,0
0.05982905982905983,0
0.0,0
0.17714285714285713,0
0.0,0
0,0
0.0,0
0.0,0
0.0,0
0.0,0
0.0,0
0.0,0
0.0,0
0.166486486486478,0
0.0,0
0,0
0.0,0
0.1771283783783221,0
0,0
0.0,0
0.0,0
0.0,0
0,0
0.0,0
0.0,0
0.0,0
0.0,0
0.0,0
0.0,0
0.03259433962264151,0
0.0,0
0.016483516483035292,0
0.0,0
0.0,0
0,0
0,0
0.0,0
0.0,0
0.0,0
0.028435897435616128,0
0.06884705882352941,0
0.06167910447760367,0
0.0,0
0.046875,0
0.0,0
0.2,0
0.04838709677419355,0
0.0,0
0.0,0
0.0,0
0.0,0
0.0,0
0.0,0
0.0,0
0.0,0
0.0,0
0.0,0
0.1075,0
0.0,0
0.0,0
0.0,0
0.0,0
0.0,0
0.0,0
0.0,0
0.15800995024866907,0
0.0,0
0,0
0.0,0
0.0,0
0.0,0
0.0,0
0.0,0
0.004058441558405487,0
0.0,0
0.0,0
0.0,0
0.0,0
0.0,0
0.0,0
0.0,0
0.0,0
0.0,0
0.0,0
0.0064516129032258064,0
0.0,0
0.04860986547024692,0
0.0,0
0.0,0
0.019999999999999997,0
0.0,0
0.0,0
0.0,0
0.0,0
0.0,0
0.0,0
0.17762376237615093,0
0.0,0
0.0,0
0.0,0
0,0
0.0,0
0,0
0.0,0
0.0,0
0.022658610271903322,0
0,0
0.0,0
0.0,0
0.0,0
0,0
0.0,0
0.0,0
0.0,0
0.0,0
0.0,0
0.0,0
0.0,0
0.0,0
0.027237354085603113,0
0.0,0
0.0,0
0.0,0
0.0,0
0.0,0
0.0,0
0.0,0
0.0,0
0.06239234449760766,0
0.026666666666666665,0
0.0,0
0.0,0
0,0
0,0
0.0,0
0.0,0
0.026666666666666665,0
0.0,0
0.0,0
0.03480278422273782,0
0.0,0
0.0,0
0.0,0
0.0,0
0.0,0
0.0,0
0.0,0
0.0,0
1.0,0
0.0,0
0.006622516556291391,0
0.0,0
0.26,0
0.036923076923076927,0
0.0,0
0.0,0
0.0189873417721519,0
0.0,0
0,0
0.0,0
1.0,0
0.0,0
0.0,0
0.0,0
0.0,0
0.0,0
0.0,0
0.0,0
0.0,0
0.0,0
0.0,0
0.0,0
0.0,0
0.02,0
0.0,0
0.0,0
0.06228373702422145,0
0.0,0
0.017241379310344827,0
0.0,0
0.0,0
0,0
0,0
0.0,0
0.0,0
0.33387755102040817,0
0.0,0
0.0,0
1.0,0
0.0,0
0.0,0
0.0,0
0.15621399175777864,0
0.023323615160349854,0
0.0,0
0.0,0
0.0,0
0.006535947712418301,0
0.0,0
0.45061611374407584,0
0,0
0.0,0
0.06858536585365853,0
0.0,0
0.0,0
0.04946308724832215,0
0.0,0
0.0,0
0.0,0
0.0,0
0.0,0
0.0,0
0.0,0
0.1044164037854893,0
0.0,0
0.0,0
0.0,0
0.0,0
0.0,0
0.05454545454545454,0
0.0,0
0.005797101449275362,0
0.030405405405109866,0
0.04190045248868778,0
0.0,0
0.0,0
0.0,0
0.04,0
0,0
0.13182266009850027,0
0.0,0
0.0,0
0.0,0
0.0,0
0.2259574467861749,0
0,0
0.0,0
0.0,0
0.04000000000000001,0
0,0
0.0,0
0.06040268456375839,0
0.4,0
0.0,0
0.02,0
0.0,0
0,0
0.0,0
0.010256410256427212,0
0.04903529411764706,0
0.0,0
0,0
1.0,0
0.0,0
0.0,0
0.2,0
0.04853080568720379,0
0.0,0
0.0,0
0.0,0
0.0,0
0.0,0
0.0,0
1.0,0
0.0,0
0.0783870967741706,0
0.10474576271183873,0
0.08,0
0.0,0
0.0,0
0,0
0.0,0
0.0,0
