0.367284768211911,1
0.35605442176869934,1
0.30583072100279246,1
0.3404388714730119,1
0.3197945205479337,1
0.2848275862068859,1
0.2244295302013301,1
0.312243589743579,1
0.2964189189189085,1
0.32843537414965224,1
0.32567398119089264,1
0.35551724137898044,1
0.31623287671231814,1
0.30827586206895485,1
0.22469798657717083,1
0.312371794871785,1
0.3045945945945849,1
0.3164308681668642,1
0.2913504823147741,1
0.3659859154929476,1
0.320141843971621,1
0.2471724137930928,1
0.3734210526315703,1
0.3461805555555465,1
0.36900584795321795,1
0.2686731391582226,1
0.30530944625372886,1
0.22311111111076437,1
0.2927355623096798,1
0.2853354632584498,1
0.24064724919058508,1
0.254625407165781,1
0.21765079365044696,1
0.26458966565314485,1
0.27696485622969574,1
0.3463571428571318,1
0.2077083333333217,1
0.322251655629128,1
0.3013986013985897,1
0.25048951048949875,1
0.31606666666665456,1
0.3264084507042145,1
0.22603896103894833,1
0.27308219178081133,1
0.3190849673202505,1
0.668398133748056,1
0.668,1
0.63079754601227,1
0.15727272714087315,1
0.2458252427184203,1
0.2708910891087586,1
0.26783783783780274,1
0.30363636363631996,1
0.2287155963302357,1
0.3167857142856758,1
0.28486238532107144,1
0.24556053811655704,1
0.3589622641509179,1
0.2276923076921598,1
0.16754385964908863,1
0.19893805309730264,1
0.1874999999999615,1
0.17895652173909293,1
0.13687499999997127,1
0.11336244541481315,1
0.30412371134015054,1
0.2723364485981033,1
0.2753773584905293,1
0.25580952380948274,1
0.29518518518514525,1
0.23295238095235724,1
0.2103255813953126,1
0.24857142857135708,1
0.30336538461531243,1
0.2401941747571867,1
0.27858490566028526,1
0.21650485436887157,1
0.21440758293824286,1
0.3600877192982078,1
0.3405309734512849,1
0.37086206896546353,1
0.372389380530945,1
0.3229437229436892,1
0.3566964285713938,1
0.38695652173908346,1
0.3642857142856758,1
0.32585152838423226,1
0.40324561403504555,1
0.3209009009008576,1
0.2748898678413674,1
0.38333333333329117,1
0.3587124463518979,1
0.32180257510726273,1
0.5285520361990849,1
0.76,1
0.78,1
0.4241935483870968,1
0.41767999999999994,1
0.432905982905983,1
0.46980044345898003,1
0.2438834951053982,1
0.010606060606053873,1
0.596407953805447,1
0.45247252746798255,1
0.22102564100557992,1
0.22302631578948973,1
0.511598111930801,1
0.3184693877550964,1
0.26,1
0.86,1
0.26,1
0.26,1
0.7,1
0.26,1
0.021111111111111112,1
0.24282982790055363,1
0.2033013435627599,1
0.4426027397260173,1
0.12,1
0.08,1
0.04,1
0.04,1
0.1,1
0.08,1
0.7331645569620254,1
0.9993376264949333,1
0.76,1
0.23411764705882354,1
0.32555555555555554,1
0.34044444444444444,1
0.2953,1
0.49480392156862746,1
0.5702941176470588,1
0.31325842696629214,1
0.283469387755102,1
0.2509090909090909,1
0.29504950495049503,1
0.29516129032258065,1
0.3270967741935484,1
0.32349514563106796,1
0.20542857142857146,1
0.242,1
0.27956521739130435,1
0.3235643564356436,1
0.3400000000000001,1
0.3765384615384615,1
0.5412345679012346,1
0.4100000000000001,1
0.2738297872340426,1
0.2695744680851064,1
0.4417283950617284,1
0.40511111111111114,1
0.3992307692307692,1
0.4293548387096774,1
0.4628571428571429,1
0.3473118279569893,1
0.3223655913978494,1
0.54875,1
0.4258426966292135,1
0.3804444444444445,1
0.425,1
0.2667307692307692,1
0.2873076923076923,1
0.4240659340659341,1
0.6462,1
0.5395049504950495,1
0.6544660194174757,1
0.5141509433962265,1
0.24892473118279568,1
0.22764705882352942,1
0.19514563106796118,1
0.21980952380952382,1
0.32849462365591403,1
0.27941176470588236,1
0.23941747572815533,1
0.27923809523809523,1
0.43213483146067416,1
0.40644444444444444,1
0.4541304347826087,1
0.6056565656565656,1
0.690891089108911,1
0.6611764705882353,1
0.0,0
0.010869565217391304,0
0.02753564154780396,0
0.0,0
0.0,0
0.00439655172412062,0
0.14382284382284383,0
0.0,0
0.0,0
0.0,0
0.0,0
0.037578124999953735,0
0.0,0
0.008981288981288981,0
0.07705882352934719,0
0.0,0
0.0,0
0.0,0
0.0,0
0.0001379310341551252,0
0.06759124087580928,0
0.0,0
0.0,0
0.00911854103343465,0
0.0,0
0.0,0
0.00029702970293053206,0
0.0,0
0.006772009029345372,0
0.0,0
0.0,0
0.0,0
0.0,0
0.00020338983048124592,0
0.0,0
0.0,0
0.0,0
0.04598425196846481,0
0.008633405639895807,0
0.0,0
0.0,0
0.03152263374485597,0
0.0,0
0.020749999954691914,0
0.0,0
0.06656429940679152,0
0.0003092783504740592,0
0.0,0
0.2869473684210527,0
0.2904761904761905,0
0.008893528183699307,0
0.0,0
0.0,0
0.0,0
0.028666666666666667,0
0.007075471698113208,0
0.0,0
0.00016853932582013356,0
0.0,0
0.0,0
0.0,0
0.0,0
0.0002489626555683298,0
0.0,0
0.0,0
0.0,0
0.0,0
0.0,0
0.0,0
0.0,0
0.0,0
0.0,0
0.0,0
0.0,0
0.0002985074626466044,0
0.0,0
0.0,0
0.028560000000000002,0
0.0001047120418707984,0
0.0,0
0.012611464968152864,0
0.0,0
0.0,0
0.41611374407582935,0
0.0,0
0.0,0
0.0,0
0.0,0
0.23384615384601803,0
0.0,0
0.041185770748812654,0
0.0,0
0.0,0
0.0,0
0.0,0
0.005934718100890208,0
0.0,0
0.0,0
0.0,0
0.0,0
0.0,0
0.045119999999941096,0
0.011741682974559686,0
0.0,0
0.0,0
0.3209230769230769,0
0.04297520661157025,0
0.0,0
0.0,0
0.0,0
0.0,0
0.009174311926605505,0
0.0,0
0.0,0
0.0,0
0.335072463768116,0
0.0,0
0.0,0
0.0,0
0.0,0
0.0,0
0.0,0
0.0,0
0.12366047745356827,0
0.0,0
0.0,0
0.0,0
0.0,0
0.0,0
0.008808510638280783,0
0.0,0
0.0,0
0.0,0
0.043679999998781395,0
0.0,0
0.0,0
0.20776119402985077,0
0.0,0
0.0,0
0.0,0
0.0,0
0.0,0
0.00017441860462781263,0
0.04121457489655709,0
0.006243496357960458,0
0.0,0
0.14382284382284383,0
0.0,0
0.009230769230769232,0
0.0,0
0.0,0
0.0,0
0.0,0
0.00035294117642333813,0
0.14338028169014083,0
0.16676056338028167,0
0.0,0
0.0,0
0.04401433691754266,0
0.043458646616463446,0
0.0,0
0.0,0
0.006659267480577136,0
0.0,0
0.0,0
0.004331210191065748,0
0.009230769230769232,0
0.0,0
0.0,0
0.0,0
0.0,0
0.4433802816901408,0
0.0,0
0.0,0
0.0,0
0.5702941176470588,0
0.0,0
0.0,0
0.0003333333332887082,0
0.00010638297847070826,0
0.0,0
0.0,0
0.22,1
1.0,1
0.551219512195122,1
1.0,1
0.68,1
0.38,1
0.22,1
0,1
0.02,1
0.4789189188815857,1
0.8720132013201322,1
0.7,1
0.7883018867924528,1
1.0,1
0.23999999999999996,1
0.24,1
0.1,1
0.34,1
1.0,1
1.0,1
1.0,1
1.0,1
1.0,1
1.0,1
1.0,1
1.0,1
1.0,1
1.0,1
1.0,1
0.619562841529994,1
1.0,1
1.0,1
0.681409691629956,1
1.0,1
0.6800000000000002,1
0.3442857142857143,1
0.26,1
0.26,1
0.36,1
0.72,1
1.0,1
1.0,1
0.0,1
0.1149122807017544,1
0.1209009009009009,1
0.06834782608695651,1
0.0596,1
0.03674418604651163,1
0.035476190476190474,1
0.0768472906403941,1
0.18,1
0.551219512195122,1
0.14,1
0.26,1
0.1,1
0.1,1
0.06,1
0.04,1
0.32,1
0.3,1
0.16,1
0.12,1
1.0,1
1.0,1
1.0,1
1.0,1
1.0,1
1.0,1
1.0,1
1.0,1
1.0,1
1.0,1
1.0,1
0.6373714285714286,1
0.19999999999999998,1
0.24,1
0.5150310559006211,1
0.9999999999999941,1
0.5937391304347788,1
1.0000000000000049,1
0.5913702623906666,1
0.32,1
0.08,1
0.12,1
0.4104145077719957,1
1.0,1
1.0,1
0.7539823008849558,1
0.7523348017621145,1
0.7300440528634361,1
0.5687562187611547,1
0.5250793650793651,1
1.0,1
1.0,1
0.22197101449275392,1
0.15856115101288779,1
0.1923308269341892,1
0.42756052141534345,1
0.17101123595513004,1
0.3021505376068727,1
0.26273873871105397,1
0.5465831842355151,1
0.06271419636367866,1
0.10219711235751551,1
0.4466011787483836,1
0.06271419636367866,1
0.06272955973932212,1
0.1710112359551299,1
0.2600787401379511,1
0.10197628456537389,1
0.08246540879592591,1
0.1416824794342329,1
0.4276459510358556,1
0.2403168316635231,1
0.1810337971969765,1
0.25165644171779356,1
0.99999999999998,1
0.99999999999998,1
0.25165644171779356,1
0.3649343832020997,1
0.23349112426034188,1
0.19146005509641872,1
0.19579579579578243,1
0.16558659217877095,1
0.7439999999999956,1
0.25165644171779344,1
0.25165644171779344,1
0.9999999999999863,1
0.2,1
1.0,1
0.46,1
0.56,1
0.2,1
0.1186610878661058,1
0.05961977186311467,1
0.11866108786598749,1
0.05999999999999682,1
0.1189999999999949,1
0.11899159663865032,1
0.11899581589957994,1
0.09855371900824113,1
0.07875518672196148,1
0.09828326180257511,1
0.039221789883268486,1
0.2,1
0.5762331838564732,1
0.49767857142830013,1
0.3727499999999837,1
0.5493181817610897,1
0.2760199004975034,1
0.45231638411334985,1
0.41405714283829076,1
0.43272727272726674,1
0.3924581005586485,1
0.5270786516853212,1
0.35152941176470587,1
0.1948453608247423,1
0.6294999999999934,1
0.5166222222218634,1
0.25577114427859077,1
0.3149748743718511,1
0.27574999999999233,1
0.3129064039408573,1
0.2920792079206618,1
0.2532989690721649,1
0.4954128440366977,1
0.25577114427859077,1
0.41254237282458633,1
0.4131428571402934,1
0.43249999997374977,1
0.4310614525139563,1
0.46792134830889265,1
0.35152941176470587,1
0.2532989690721649,1
0.5903960396039537,1
0.2374999999603677,1
0.17800995023632696,1
0.15784313725484472,1
0.21487684729058612,1
0.11692307692307692,1
0.339817351598174,1
0.2,1
0.44,1
0.46,1
1.0,1
0.3354545453662405,1
0.3932203389804691,1
0.2758333333333244,1
0.4102234636870822,1
0.21485380116959066,1
0.11692307692307692,1
0.44,1
0.41999999999999993,1
0.35999999999999993,1
0.38,1
0.46,1
0.38,1
1.0,1
0.44,1
0.41999999999999993,1
0.35999999999999993,1
0.38,1
0.46,1
0.38,1
0.5371300448430176,1
1.0,1
0.37474285713861644,1
0.33522471900813194,1
0.39265536723162836,1
0.25384615384615383,1
0.15585492227979275,1
0.3344134078212207,1
0.411292134831452,1
0.2538823529411765,1
0.13639175257731959,1
0.38,1
1.0,1
0.38,1
0.52,1
1.0,1
0.52,1
0.46262008733424537,1
0.38,1
1.0,1
0.52,1
1.0,1
0.3993370165716883,1
0.3107514450867052,1
0.1745177664974619,1
0.4000000000000001,1
0.38000000000000006,1
0.44,1
0.48000000000000004,1
0.4,1
0.44,1
1.0,1
0.4000000000000001,1
0.38000000000000006,1
0.44,1
0.48000000000000004,1
0.4,1
0.4000000000000001,1
0.44,1
0.52,1
0.44,1
0.41999999999999993,1
0.4000000000000001,1
1.0,1
0.4000000000000001,1
0.44,1
0.52,1
0.44,1
0.42,1
0.52,1
0.42,1
0.35999999999999993,1
0.38000000000000006,1
0.4000000000000001,1
1.0,1
0.42,1
0.52,1
0.42,1
0.2718604651162791,1
0.09693877551020408,1
0.99999999999998,1
0.25165644171779356,1
0.48000000000000004,1
0.42,1
0.38,1
0.44,1
0.44,1
0.42,1
1.0,1
0.48000000000000004,1
0.42,1
0.52,1
0.46,1
0.48000000000000004,1
0.52,1
0.52,1
0.48000000000000004,1
1.0,1
0.52,1
0.38,1
0.4,1
0.44,1
0.42,1
0.42,1
0.52,1
1.0,1
1.0,1
0.04,1
0.07287671232876083,1
0.44580310880829016,1
1.0,1
0.04,1
0.62,1
0.08,1
0.04,1
1.0,1
0.24,1
1.0,1
0.24,1
0.6058076224821287,1
0.3021621621344774,1
0.3882041587902447,1
0.3882352941177219,1
0.38101449272578797,1
0.2303802281369571,1
0.6842748091603806,1
0.24,1
1.0,1
0.08246540879592591,1
0.20088383837469834,1
0.5451063829787234,1
0.22,1
0.3083665338305324,1
0.4497674418604571,1
0.6,1
0.06,1
0.1310344827586207,1
0.15482758620688866,1
0.07287671232876083,1
0.62,1
0.44580310880829016,1
0.08,1
0.17686746987951274,1
0.35122448979591386,1
0.08,1
0.33706521739130624,1
0.47222775800714545,1
0.645837837798638,1
1.0,1
0.2904347826086957,1
0.638713745249593,1
0.9999999999999977,1
0.39261538461538464,1
0.54,1
0.9999999999999932,1
1.0,1
0.46,1
0.56,1
0.2,1
0.2,1
0.44,1
0.46,1
0.44,1
0.41999999999999993,1
0.35999999999999993,1
0.38,1
0.46,1
0.38,1
0.38,1
0.52,1
0.4000000000000001,1
0.38000000000000006,1
0.44,1
0.48000000000000004,1
0.4,1
0.4000000000000001,1
0.44,1
0.52,1
0.44,1
0.42,1
0.52,1
0.42,1
0.48000000000000004,1
0.42,1
0.52,1
0.04,1
0.24,1
0.6,1
0.0,0
0,0
0.0,0
0.0,0
0.0,0
0.0,0
0.0,0
0.020356234096692113,0
0,0
0.02,0
0.0,0
0.0,0
0.0,0
0.0,0
0.0,0
0,0
0.46,0
0,0
0.0,0
0.0,0
0.0,0
0.0,0
0.0,0
0.0,0
0.0,0
0.0,0
0,0
0.0,0
0.0,0
0,0
0.0,0
0.0,0
0.12,0
0.0,0
0,0
0.0,0
0.0,0
0.0,0
0.0,0
0.0,0
0,0
0.0,0
0.02,0
0.0,0
0,0
0.0,0
0.0,0
0.0,0
0.0,0
0.0,0
0.0,0
0.0,0
0.02,0
0.0,0
0.0,0
0.0,0
0.02,0
0.0,0
0.04,0
0.0,0
0,0
0.04794520547945205,0
0.0,0
0.0,0
0.0,0
0.0,0
0.0,0
0.0,0
0.019747899159663865,0
0.0,0
0.0,0
0.0,0
0.0,0
0.0,0
0,0
0.0,0
0.0,0
0,0
0,0
0,0
0.0,0
0.0,0
0.0,0
0.0,0
0.0,0
0.14,0
0.0,0
0.0,0
0.0,0
0,0
0.0,0
0,0
0,0
0.0,0
0,0
0,0
0.0,0
0.0,0
0.0,0
0.0,0
0.0,0
0.0,0
0.0,0
0,0
0.0,0
0,0
0.01569506726457399,0
0.0,0
0,0
0.0,0
0.5,0
0.0,0
0,0
0.06,0
0.0,0
0.0,0
0.0,0
0.000885275489671102,0
0.0,0
0.0,0
0.0,0
0,0
0.0,0
0.0,0
0.0,0
0.0,0
0,0
0.0,0
0.0,0
0,0
0.0,0
0.0,0
0.0,0
0.0,0
0.02,0
0.0,0
0.0,0
0.0,0
0.0,0
0,0
0.0,0
0.0,0
0.0,0
0.04794520547945205,0
0.0,0
0.0,0
0.32,0
0.0,0
0.05846153846153846,0
0.0,0
0.0,0
0.0,0
0.0,0
0.0,0
0.0,0
0.0,0
0,0
0.06677083333180475,0
0.0,0
0.0,0
0.0,0
0.08,0
0.09811320754716982,0
0.0,0
0.0,0
0.0,0
0.0,0
0.0,0
0.05999999999999999,0
0.05886363636363636,0
0.0,0
0.0,0
0.0,0
0.0,0
0.0,0
0,0
0.0,0
0.0,0
0.0,0
0.04,0
0.0,0
0.0,0
0.0,0
0.0,0
0.27138461538460834,0
0.0,0
0.0,0
0.0,0
0.22,0
0.0,0
0.0,0
0,0
0.0,0
0.0,0
0.0,0
0.0,0
0,0
0.0,0
0.0,0
0.0,0
0.0,0
0,0
0.0,0
0.0,0
0.3,0
0.0,0
0.0,0
0.0,0
0,0
0.0,0
0.0,0
0.18,0
0.12000000000000001,0
0.02,0
0.33906633906633904,0
0.1842009132420096,0
0.0,0
0.0,0
0.0,0
0,0
0.0,0
0,0
0.0,0
0.0,0
0.0,0
0.0,0
0.0,0
0.0,0
0.01970414201183432,0
0.0,0
0.0,0
0.0,0
0,0
0.0,0
0.0,0
0.0,0
0.0,0
0.0,0
0.0,0
0.0,0
0.0,0
0.0,0
0.0,0
0.0,0
0.0,0
0.0,0
0.0658156028368798,0
0.0,0
0.0,0
0.0,0
0.0,0
0.0,0
0.0,0
0.0,0
0.0,0
0.0,0
0.0,0
0,0
0,0
0.0,0
0.0,0
0.08,0
0.0,0
0.0,0
0.0,0
0,0
0.0,0
0.0,0
0.0,0
0.0,0
0.0,0
0.0,0
0.0,0
0.0,0
0,0
0.0,0
0.0,0
0.0,0
0.0,0
0.0,0
0,0
0.0,0
0.0,0
0.07896440129449839,0
0.0,0
0.0,0
0.0,0
0.0,0
0.10000000000000002,0
0.0,0
0.0,0
0.0,0
0.0,0
0.0,0
0.08,0
0.0,0
0.0,0
0.0,0
0.0,0
0.0,0
0.0,0
0.0,0
0.0,0
0.0,0
0.0,0
0,0
0.0,0
0,0
0.0,0
0.0,0
0.0,0
0,0
0,0
0.0,0
0.0,0
0.0,0
0.0,0
0.0,0
0,0
0.0,0
0.0,0
0.0,0
0.0,0
0.0,0
0.0,0
0.0,0
0.0,0
0.0,0
0.02,0
0.0,0
0,0
0.16,0
0,0
0.0,0
0.0,0
0.0,0
0.0,0
0.0,0
0.0,0
0.08,0
0.0,0
0.0,0
0.0,0
0.0,0
0.19732673267290643,0
0.0,0
0,0
0.0,0
0.0,0
0.0,0
0.0,0
0.0,0
0.0,0
0,0
0.0,0
0.0,0
0.0,0
0.0,0
0.0,0
0.0,0
0.0,0
0.0,0
0.0,0
0.0,0
0.0,0
0.0,0
0.0,0
0.0,0
0.0,0
0.22236111111111148,0
0.011485148514851485,0
0.0,0
0.22,1
0.9885057471260371,1
0.37516587677725116,1
0.42844660194174755,1
0.36927536231884056,1
0.3102439024390244,1
0.4481553398058253,1
0.40869565217391307,1
0.4480769230769231,1
0.3946919431279621,1
0.3555660377358491,1
0.3557142857142857,1
0.43374407582938385,1
0.3750943396226415,1
0.37502347417840376,1
0.3889855072463768,1
0.32995121951219514,1
0.5072815533980582,1
0.40869565217391307,1
0.40865384615384615,1
0.36932038834951453,1
0.487536231884058,1
0.3692307692307692,1
0.32976076555023925,1
0.4284878048780488,1
0.32990291262135923,1
0.2707246376811594,1
0.4678260869565218,1
0.4480769230769231,1
0.4086124401913876,1
0.999999999999995,1
0.9877499999999921,1
0.62,1
0.5,1
0.64,1
0.9999999999999988,1
0.4828956228956218,1
0.368646967340594,1
0.36913752913754994,1
0.4816484440706178,1
0.3673245273245551,1
0.36962732919255825,1
0.6088053097345423,1
0.6090935887988319,1
1.000000000000097,1
0.4599999999993771,1
0.46447204968742817,1
0.45950920245285004,1
0.4609876543201299,1
0.4511111111101467,1
0.4518072289148042,1
0.5561194029851732,1
0.5564705882344791,1
0.5509629629622707,1
0.5515555555546386,1
0.5450359712228655,1
0.5552238805962573,1
0.557744360899747,1
0.5509774436092281,1
0.5432116788331228,1
0.5494814814799716,1
0.5422222222218887,1
0.5444604316537872,1
0.5453731343271923,1
0.5382608695634264,1
0.5321739130429273,1
0.3718861209964413,1
0.4687550200800076,1
0.21892215568799434,1
0.220785498490043,1
0.21756676557837765,1
0.21868263472953997,1
0.2195209580834947,1
0.21482352941151273,1
0.2174480712166983,1
0.2132944606414047,1
0.38230508474580743,1
0.37800664451790417,1
0.39463087248290785,1
0.42469798657676583,1
0.390921052631245,1
0.43754152823889214,1
0.40410423452761657,1
0.3947651006708003,1
0.38122033898191987,1
0.4414237288136519,1
0.392956810631572,1
0.409127516777436,1
0.40578947368466395,1
0.3621262458464989,1
0.43754152823905307,1
0.37348534201903505,1
0.37592105263109477,1
0.37187096774153683,1
0.76,1
0.42402684563705956,1
0.3602631578928614,1
0.40710963455067395,1
0.4034527687288367,1
0.4659210526318135,1
0.45289036544821676,1
0.4348534201951921,1
0.4035830618887419,1
0.3999361022346002,1
0.4170322580639085,1
0.4637974683544304,1
0.25897180762852406,1
0.3231279620853081,1
0.3270652173913044,1
0.2895049504950495,1
0.24855721393034827,1
1.0,1
0.8059440559440559,1
0.74,1
0.45138211382113824,1
0.3679338842975206,1
0.4074074074074074,1
0.28896265560165973,1
0.4271900826446281,1
0.4271604938271605,1
0.38762295081967213,1
0.49052631578947364,1
0.4316935483870968,1
0.39260162601626014,1
0.5297165991902835,1
0.4120967741935484,1
0.5296385542168675,1
0.38762295081967213,1
0.3876859504132232,1
0.4666666666666667,1
0.4271311475409836,1
0.4468571428571429,1
0.2888888888888889,1
0.38762295081967213,1
0.3875918367346939,1
0.3875609756097561,1
0.3876859504132232,1
0.2888888888888889,1
0.32836065573770495,1
0.44688524590163936,1
0.4863673469387755,1
0.40731707317073174,1
0.1794928335170878,1
0.36687782805429864,1
0.4050224215246637,1
0.34756756756756757,1
0.3861818181818181,1
0.3860633484162896,1
0.3667567567567568,1
0.7663157894736842,1
0.7274008810572687,1
0.7664,1
0.7858407079646017,1
0.7663436123348017,1
0.6883842794759826,1
0.7663436123348017,1
0.7857894736842105,1
0.7662882096069868,1
0.6690265486725665,1
0.7663436123348017,1
0.6884210526315789,1
0.7469333333333333,1
0.727433628318584,1
0.7663436123348017,1
0.21153846153846154,1
0.19203389830508474,1
0.23063829787234044,1
0.21167381974248928,1
0.23076923076923078,1
0.23063829787234044,1
0.7081081081081081,1
0.7665158371040725,1
0.7471232876712329,1
0.786,1
0.7081447963800905,1
0.7469955156950672,1
0.7665158371040725,1
0.785945945945946,1
0.7080717488789237,1
0.7665454545454546,1
0.7859728506787331,1
0.7275675675675675,1
0.8054794520547945,1
0.7665454545454546,1
0.7470588235294118,1
0.7702369668246446,1
0.6535849056603774,1
0.674433962264151,1
0.6745714285714286,1
0.6553554502369668,1
0.674433962264151,1
0.7073891625615764,1
0.7282758620689656,1
0.728358208955224,1
0.7283168316831683,1
0.7670935960591133,1
0.6878431372549021,1
0.7269306930693069,1
0.7073891625615764,1
0.7268627450980393,1
0.7089108910891089,1
0.7476847290640394,1
0.7282352941176471,1
0.7089552238805971,1
0.7283168316831683,1
0.7476847290640394,1
0.6940487804878048,1
0.751304347826087,1
0.7704854368932039,1
0.7514705882352942,1
0.7322926829268293,1
0.7131067961165047,1
0.6896969696969697,1
0.7285279187817258,1
0.6510769230769231,1
0.689795918367347,1
0.6703553299492386,1
0.7478391959798995,1
0.7091370558375634,1
0.709090909090909,1
0.7090452261306532,1
0.7091836734693877,1
0.7479187817258883,1
0.7284848484848485,1
0.6898461538461539,1
0.7091836734693877,1
0.689746192893401,1
0.8838814016172507,1
0.8451891891891891,1
0.8451612903225806,1
0.8451474530831099,1
0.903234501347709,1
0.7677628032345013,1
0.8644919786096257,1
0.8258536585365854,1
0.8838814016172507,1
0.8838709677419355,1
0.9419459459459459,1
0.8258378378378378,1
0.8838605898123325,1
0.8064864864864866,1
0.7871159029649595,1
0.8452032520325203,1
0.7484552845528456,1
0.8064516129032258,1
0.8451474530831099,1
0.903234501347709,1
0.7871159029649595,1
0.8451336898395722,1
0.9032258064516129,1
0.7870967741935484,1
0.86448,1
0.8258378378378378,1
0.9032171581769438,1
0.7870777479892761,1
0.3936842103852019,1
0.4505263156483598,1
0.41234782594706976,1
0.43144104789443694,1
0.45066079280980637,1
0.4884210524904651,1
0.4124890828289347,1
0.21576763472126992,1
0.1459574466716002,1
0.16512820499070963,1
0.1463519311923865,1
0.1459574466716002,1
0.14576271172807648,1
0.14615384601635065,1
0.16512820499070963,1
0.7297391302948959,1
0.6331034481371812,1
0.633160173020892,1
0.6718777291171444,1
0.7490434781209828,1
0.69108225094297,1
0.1634567899910537,1
0.1497046412144559,1
0.16915254223655107,1
0.1499574466716002,1
0.16902953572922386,1
0.1495798317975884,1
0.14983050833824596,1
0.2657627117280765,1
0.7875862067578709,1
0.7683116881724071,1
0.8069868994228212,1
0.8648695650775046,1
0.8069264067871258,1
0.1634567899910537,1
0.16902953572922386,1
0.14983050833824596,1
0.16927659560777042,1
0.18835443024399176,1
0.16890756289002543,1
0.22711864393146633,1
0.14983050833824596,1
0.7103004290464637,1
0.7683116881724071,1
0.7682758619302847,1
0.7296137337674938,1
0.16310204068500425,1
0.18811715467709644,1
0.1495798317975884,1
0.2076793247587597,1
0.20744769861015083,1
0.2653333331992752,1
0.16890756289002543,1
0.1495798317975884,1
0.7490434781209828,1
0.7296969695576886,1
0.7296551722751123,1
0.18229508183535267,1
0.20756302507489935,1
0.16902953572922386,1
0.20779661003316122,1
0.26554621835221026,1
0.20744769861015083,1
0.18835443024399176,1
0.16902953572922386,1
0.7876855893791531,1
0.7683478259470699,1
0.1636363635034134,1
0.18847457613485616,1
0.1499574466716002,1
0.24666666652917116,1
0.20779661003316122,1
0.2076793247587597,1
0.16927659560777042,1
0.1499574466716002,1
0.7683116881724071,1
0.1634567899910537,1
0.1497046412144559,1
0.24644067782977142,1
0.1499574466716002,1
0.16902953572922386,1
0.1495798317975884,1
0.14983050833824596,1
0.16915254223655107,1
0.1632786883927297,1
0.24621848725977333,1
0.1497046412144559,1
0.18847457613485616,1
0.20756302507489935,1
0.18811715467709644,1
0.16902953572922386,1
0.1497046412144559,1
0.7715199998713043,1
0.7906024095093417,1
0.7525806450315566,1
0.7143999998713042,1
0.7333864540550838,1
0.809638554087655,1
0.7144578311960885,1
0.7872427982215064,1
0.7679338841645705,1
0.7678688523271561,1
0.7678367345625553,1
0.8259259257935229,1
0.7485596706494899,1
0.7873029044308135,1
0.7485596706494899,1
0.7678688523271561,1
0.8646280990406036,1
0.7872727271397771,1
0.7292561982141572,1
0.7485596706494899,1
0.8066390040158757,1
0.6906224065055023,1
0.7291428570115349,1
0.8065843620075146,1
0.6905349792914653,1
0.80655737691732,1
0.6904918031468281,1
0.7872727271397771,1
0.8273469387755046,1
0.8082304526748916,1
0.8657377049180273,1
0.8657142857142801,1
0.8656910569105636,1
0.9040983606557321,1
0.8678087649402336,1
0.8459259259259203,1
0.7660504201680672,1
0.8050209205020921,1
0.805,1
0.7854771784232366,1
0.8245188284518828,1
0.7697560975609756,1
0.7846218487394958,1
0.7855696202531646,1
0.785546218487395,1
0.7465271966527196,1
0.8050632911392406,1
0.7698360655737705,1
0.7455084745762712,1
0.8440167364016736,1
0.8245,1
0.8830252100840336,1
0.8081632653061225,1
0.8237974683544304,1
0.8439834024896266,1
0.8830125523012552,1
0.8273170731707317,1
0.8042016806722689,1
0.8635,1
0.8272874493927125,1
0.7846025104602511,1
0.846530612244898,1
0.8433755274261603,1
0.7688524590163934,1
1.0,1
0.0,0
0.0,0
0.0,0
0.0,0
0.0215633423180593,0
0.05675675675675675,0
0.009259259259259259,0
0.0,0
0.0,0
0.04244224422442244,0
0.0,0
0.0,0
0.021996615905245348,0
0.0923489932885906,0
0.0,0
0.0,0
0.0625,0
0.0,0
0.0,0
1.0,0
0.0,0
0.0,0
0.0,0
0.011527377521613832,0
0.0,0
0.05571847507331378,0
0.0,0
0.016317016317016316,0
0.04266666666666667,0
0.0,0
0.0,0
0.28932806324054344,0
0.0,0
0.17550458715596332,0
0.0,0
0.0,0
0.0,0
0.0,0
0.0,0
0.0,0
1.0,0
0.0,0
0.0,0
0.012232415902140673,0
0.0,0
0.0,0
0.0673758865248227,0
0.0,0
0.021447721179624665,0
0.0,0
0.023255813953488372,0
0.29171428571428576,0
0.0,0
0.0,0
0.04722792607802875,0
0.044236111111111115,0
0.06266666666666666,0
0.0,0
0.0,0
0.04408352668213457,0
0.0,0
0.0,0
0.0,0
0.012461059190031152,0
0.0,0
0.0,0
0.0,0
0.0,0
0.0,0
1.0,0
0.012618296529968454,0
0.028953229398663696,0
0.26895238095238094,0
0.0,0
0.0,0
0.0,0
0.0,0
0.09559322033897506,0
0.0,0
0.0,0
0.012618296529968454,0
0.11506382978722603,0
0.0,0
0.14502369668246445,0
0.0,0
0.0,0
0.05627705627705628,0
0.01907356948228883,0
0.0,0
0.0,0
0.0,0
0.0,0
0.3422429906537312,0
0.0,0
1.0,0
0.0,0
0.0,0
0.1946788990825688,0
0.0,0
0.0,0
0.040948275862068964,0
0.11456790123456015,0
0.0,0
0.0,0
0.057327188940092165,0
0.0,0
0.021702838063439065,0
0.0,0
0.05748837209302325,0
0.0,0
0.0,0
0.0,0
0.024242424242424242,0
0.0,0
0.011235955056179775,0
0.0,0
0.23333333333333336,0
0.13469767441860467,0
0.0,0
0.04097902097902098,0
0.08206666666666668,0
0.0,0
0.044751773049645394,0
0.0,0
0.04025423728813559,0
0.0,0
0.0,0
0.0,0
0.0,0
0.0,0
0.0,0
0.0,0
0.10755555555555556,0
0.04259136212624585,0
0.0,0
0.028199566160520606,0
0.10780269058295963,0
0.0,0
0.0,0
0.0,0
0.0,0
0.0,0
0.0,0
0.0,0
0.04228758169934641,0
0.023214285714285715,0
0.0,0
0.042222222222222223,0
0.0,0
0.052321428571428574,0
0.0,0
0.0,0
0.056074766355140186,0
1.0,0
0.0,0
0.0,0
0.0,0
0.09145228215766853,0
0.2229665071770335,0
0.0,0
0.0,0
0.0,0
0.0,0
0.0,0
0.0,0
0.0,0
0.0,0
0.0,0
0.0,0
0.0,0
0.04148471615720524,0
0.0,0
0.0,0
0.0,0
0.0,0
0.0,0
0.0,0
0.07577092511013216,0
0.011204481792717087,0
0.0824406779661017,0
0.02373887240356083,0
0.3454545453226913,0
0.00967741935483871,0
0.028824833702882482,0
0.0,0
0.0,0
0.0,0
0.07563318777292577,0
0.06761506276150628,0
0.011730205278592375,0
0.0,0
0.0,0
0.0,0
0.0,0
0.0,0
0.0,0
0.0,0
0.0,0
0.0,0
0.0,0
0.0,0
0.12571428571428572,0
0.0,0
0.0,0
0.0,0
0.12547169811320755,0
0.0,0
0.0,0
0.0,0
0.0226628895184136,0
0.41585903083700443,0
0.057441253263707574,0
0.04214983713355049,0
0.22285714285714286,0
0,0
0.0,0
0.0,0
0.0,0
0.0,0
0.040293040293040296,0
0.0,0
0.0,0
0.0,0
0.0,0
0.011204481792717087,0
0.0627062706270627,0
0.0,0
0.013114754098360656,0
0.011299435028248588,0
0.09159663865545427,0
0.0,0
0.18551898734203334,0
0.0,0
0.016166281755196306,0
0.0,0
0.06312292358803986,0
0.04081632653061224,0
0.3108571428571429,0
0.0,0
0.11506849315068494,0
0.3014925373134329,0
0.12571428571428572,0
0.06418918918918919,0
0.0,0
0.0,0
0.0,0
0.0,0
1.0,0
0.0,0
0.022792022792022793,0
0.042360655737704915,0
0.032520325203252036,0
1.0,0
0.0,0
0.0,0
0.022792022792022793,0
0.0,0
0.02005730659025788,0
0.0,0
0.10731277533039647,0
0.0,0
0.0,0
0.0,0
0.04021937842778794,0
0.06869565217391305,0
0.0,0
0.319815668202765,0
0.0,0
0.0,0
0.02335766423357664,0
0.0,0
0.013071895424836602,0
0.01092896174863388,0
0.0,0
0.0,0
0.0,0
0.0,0
0.0,0
0.0,0
0.0,0
0.0,0
0.0,0
0.0,0
0.03350970017636684,0
0.0,0
0.01092896174863388,0
0.0,0
0.036495726495726494,0
0.0,0
0.0,0
0.0,0
0.021922428330522766,0
0.0,0
0.0,0
0.0,0
0.0,0
0.06784810126582277,0
0.0,0
0.0,0
1.0,0
0.12112676056338029,0
0.0,0
0.012461059190031152,0
0.08192,0
0.0,0
0.0,0
0.013071895424836602,0
0.0,0
0.0,0
0.0952888888888889,0
0.0,0
0.018970189701897018,0
0.0,0
1.0,0
1.0,0
0.0,0
0.0572289156626506,0
0.0,0
0.13066666666666668,0
0.06484641638225255,0
0.0,0
0.0,0
0.32639999999966207,0
0.0,0
0.0,0
0.03556485355648536,0
1.0,0
0.0,0
0.01098901098901099,0
0.0,0
0.0,0
0.0,0
0.012195121951219513,0
0.07179039301310043,0
0.4355357142857143,0
0.0297951582867784,0
0.0,0
0.054455445544554455,0
0.0,0
0.0,0
0.021021021021021023,0
0.0,0
0.07205020920501304,0
0.012232415902140673,0
0.0,0
0.0,0
0.017857142857142856,0
0.02185792349726776,0
0.0,0
0.07627272727272728,0
0.0,0
0.0,0
0.0,0
0.0,0
0.011594202898550725,0
0.0,0
0.0,0
0.0923489932885906,0
0.0952212389380531,0
0.0,0
0.04738154613466334,0
0.042368421052631576,0
0.0,0
0.0,0
0.07575757575757576,0
0.05596566523605151,0
0.0,0
0.0,0
0.0,0
0.0,0
0.0,0
0.0,0
0.04274247491638796,0
0.0345578231292517,0
0.0,0
0.044664310954063605,0
0.0,0
0.0,0
0.0,0
0.0,0
0.0,0
0.04103671706263499,0
0.19436363636363635,0
0.2921599999986654,0
0.017676767676767676,0
0.0,0
0.017902813299232736,0
0.0110803324099723,0
0.0,0
0.10603773584905661,0
0.07179039301310043,0
0.19483870967741937,0
0.0405982905982906,0
0.0,0
0.03635593220338983,0
0.023809523809523808,0
0.0,0
0.027896995708154508,0
0.0,0
0.0,0
0.0,0
0.0,0
0.0,0
0.0,0
0.0,0
0.17739130434782607,0
0.0,0
0.0,0
0.0,0
0.0,0
0.0,0
0.0,0
0.9999999999223684,1
1.0,1
0.21787449392687977,1
1.0,1
0.28,1
0.3225139664803849,1
0.5451977400310511,1
0.3225280898875781,1
0.505649717432181,1
0.2830898876403871,1
0.5649438201432362,1
0.34223463687144634,1
0.9999999999198678,1
0.5253932583454834,1
0.3225139664803849,1
0.5451977400310511,1
0.3225280898875781,1
0.505649717432181,1
0.5649438201432362,1
0.34223463687144634,1
0.4821138211087318,1
0.44228804899999197,1
0.44228804899999197,1
0.46219512192173995,1
0.3726934984520124,1
0.13967948717948717,1
0.32091743119266053,1
0.2663829787234043,1
0.3809836063196073,1
0.4245901639344155,1
0.9999999997733757,1
0.3809836063196073,1
0.7630609597926166,1
0.9920318725098188,1
0.5841434262948212,1
0.5514049586071375,1
0.42687915006654364,1
0.5431020408161817,1
0.39836734693877596,1
0.5319502073980384,1
0.5046666666668099,1
0.5236065573769038,1
0.3713114754071324,1
0.6294605808420218,1
0.5435466666668098,1
0.6211475409834611,1
0.4298360655710668,1
0.5904132230699474,1
0.4852058432936353,1
0.5821224489794471,1
0.4373877551020412,1
0.7630256410257784,1
0.5260512820510007,1
0.4852058432936349,1
0.5735384614909727,1
0.48514435695552116,1
0.35926509186322914,1
0.5241066666668095,1
0.5929729729253007,1
0.5240579710146339,1
0.3702239789192885,1
0.48522666666680947,1
0.6898841698364977,1
0.4851646903822228,1
0.3507773386030829,1
0.5046480743693321,1
0.5735384614909727,1
0.504593175853159,1
0.3787139107608669,1
0.5840944881889768,1
0.5431020408161817,1
0.4267979002626081,1
0.5430645161288893,1
0.398387096774194,1
0.5236065573769038,1
0.5046113306984288,1
0.5235627530362936,1
0.37141700404591216,1
0.6211475409834611,1
0.5435046113308398,1
0.6211336032387227,1
0.42995951416736966,1
0.5821224489794471,1
0.48514435695552155,1
0.5820967741934053,1
0.4374193548387101,1
0.39836734693877596,1
0.33981627296559136,1
0.398387096774194,1
0.570645161221481,1
0.4178688524590168,1
0.398155467720396,1
0.41789473684210565,1
0.5242105263157851,1
0.43737704918032827,1
0.398155467720396,1
0.43740890688259154,1
0.5437246963562711,1
0.4568979591836739,1
0.4176115485561425,1
0.45693548387096816,1
0.5316129031569649,1
0.28308988764038706,1
0.5280446926897411,1
0.2633707865167915,1
0.5083798882204672,1
0.34223463687144634,1
0.5279999999525758,1
0.3225139664803849,1
0.6183240223463066,1
0.9999999999525757,1
0.28308988764038706,1
0.5280446926897411,1
0.2633707865167915,1
0.34223463687144634,1
0.5279999999525758,1
0.44228804899999197,1
0.4622063329632197,1
0.5020325202957236,1
0.18874598070739548,1
0.3274846625766871,1
0.32414634146341464,1
0.32786885245900566,1
0.3809836063196073,1
0.9999999997622303,1
0.6796281540506075,1
0.9918367346937328,1
0.5154285714285718,1
0.4734439833316485,1
0.48522666666680986,1
0.46508196721296935,1
0.3322950819645094,1
0.5904564314644285,1
0.5241066666668098,1
0.5821311475408382,1
0.4493442622923783,1
0.6099173553013524,1
0.4852058432936353,1
0.6016326530610797,1
0.39836734693877596,1
0.6796325459318991,1
0.4759580052490559,1
0.46578666666680946,1
0.5348262547785827,1
0.4657180500660173,1
0.3313306982868774,1
0.48522666666680947,1
0.6317374516897796,1
0.4851646903822228,1
0.40911725955169953,1
0.4657636122179378,1
0.5153846153371265,1
0.4656955380578834,1
0.35926509186322914,1
0.5432356388874469,1
0.5154838709677424,1
0.46508196721296935,1
0.4851646903822232,1
0.47311740883776227,1
0.33238866396494055,1
0.5821311475408382,1
0.5240579710146342,1
0.5902024290806772,1
0.44947368420785544,1
0.6016326530610797,1
0.48514435695552155,1
0.6096774192859971,1
0.398387096774194,1
0.37885245901639386,1
0.37870882740419054,1
0.378866396761134,1
0.4656680161943277,1
0.4178688524590168,1
0.37870882740419054,1
0.41789473684210565,1
0.5827530364372427,1
0.4373877551020412,1
0.3981627296585047,1
0.4374193548387101,1
0.5511290321892229,1
0.5394350282485249,1
0.5649999999175912,1
0.28310734463270565,1
0.5649717513304863,1
0.34224719101117357,1
0.5451977400310511,1
0.485875706132746,1
0.2830898876403871,1
0.9999999999175913,1
0.5394350282485249,1
0.5649999999175912,1
0.5649717513304863,1
0.34224719101117357,1
0.2831073446327056,1
0.6067415729857508,1
0.3422471910111735,1
0.5673743016282885,1
0.32252808988757803,1
0.28308988764038706,1
0.5280446926897411,1
0.5394350282485249,1
0.9999999999520428,1
0.2831073446327056,1
0.3422471910111735,1
0.5673743016282885,1
0.46221765910779483,1
0.48212461692644754,1
0.22806349206349208,1
0.20315457413249213,1
0.7573761713522188,1
0.9917695473249569,1
0.46880658435942507,1
0.5319999999288637,1
0.524123159304026,1
0.5236213991768087,1
0.3907818930014005,1
0.5124481327092418,1
0.4657866666668099,1
0.5040983606555923,1
0.39836065573770535,1
0.7574074074075491,1
0.4674074074070634,1
0.5241231593040256,1
0.6124031007273368,1
0.5240740740742158,1
0.37018518518484117,1
0.5241066666668095,1
0.5542084941608221,1
0.5240579710146339,1
0.39815546772039606,1
0.46894308942821256,1
0.5236213991768087,1
0.5240740740742161,1
0.5317073170037695,1
0.3908943089404077,1
0.5040983606555923,1
0.4657180500660177,1
0.5121457489187339,1
0.3983805668016199,1
0.3907818930014005,1
0.38962962962928566,1
0.3908943089404077,1
0.4926829267598669,1
0.4298360655710668,1
0.40911725955169953,1
0.42995951416736966,1
0.4656680161943277,1
0.5788700564971124,1
0.5649717513304863,1
0.2830898876403871,1
0.505649717432181,1
0.505649717432181,1
0.2633707865167916,1
0.5649999999175912,1
0.28310734463270565,1
0.9999999999175913,1
0.5649717513304863,1
0.2830898876403871,1
0.48212461692644754,1
0.28308988764038706,1
0.5673743016282885,1
0.28308988764038706,1
0.2633707865167915,1
0.5083798882204672,1
0.2831073446327056,1
0.6067415729857508,1
0.5788700564971123,1
0.28308988764038706,1
0.5673743016282885,1
0.3439759036144579,1
0.6407496653281224,1
0.9917695473249569,1
0.4883127571989313,1
0.6099585061532252,1
0.4657866666668099,1
0.6016393442621496,1
0.45688524590163976,1
0.6407407407408825,1
0.40907407407373003,1
0.5241066666668095,1
0.5929729729253007,1
0.5240579710146339,1
0.37870882740419054,1
0.48845528455016385,1
0.6016393442621496,1
0.4657180500660177,1
0.609716599121163,1
0.4569230769230773,1
0.4493442622923783,1
0.389670619235494,1
0.44947368420785544,1
0.5437246963562711,1
0.6380446927373681,1
0.5649438201432362,1
0.5253932583454834,1
0.34223463687144634,1
0.5649717513304863,1
0.34224719101117357,1
0.5649717513304863,1
0.9999999999185172,1
0.6380446927373681,1
0.34223463687144634,1
0.34223463687144634,1
0.5279999999525758,1
0.3422471910111735,1
0.5673743016282885,1
0.28308988764038706,1
0.6380446927373681,1
0.9999999999525757,1
0.4245901639344155,1
0.32786885245900566,1
0.7379548472776991,1
0.9918367346937328,1
0.5349387755102045,1
0.7379790026248125,1
0.4759580052490559,1
0.5350000000000005,1
1.0,1
1.0,1
1.0,1
1.0,1
1.0,1
1.0,1
0.5253932583454834,1
0.3225139664803849,1
0.5451977400310511,1
0.3225280898875781,1
0.505649717432181,1
0.5649438201432362,1
0.34223463687144634,1
0.3809836063196073,1
0.6183240223463067,1
0.485875706132746,1
0.2830898876403871,1
0.505649717432181,1
0.5253932583454834,1
0.34223463687144634,1
0.28308988764038706,1
0.5280446926897411,1
0.2633707865167915,1
0.34223463687144634,1
0.5279999999525758,1
0.5394350282485249,1
0.5649999999175912,1
0.5649717513304863,1
0.34224719101117357,1
0.2831073446327056,1
0.3422471910111735,1
0.5673743016282885,1
0.5649717513304863,1
0.2830898876403871,1
0.6380446927373681,1
1.0,1
0.0,0
0.0,0
0.015706806282263994,0
0.0,0
0.0,0
0.0,0
0.00411184210522664,0
0.0,0
0.00977198697039877,0
0.0,0
0.0,0
0.0,0
0.0,0
0.01578947368375013,0
0.0,0
0.0,0
0.0,0
0.0,0
0.0,0
0.0,0
0.0,0
0.0,0
0.0,0
0.0,0
0.009771986970399086,0
0.02280130293172456,0
0.0,0
0.0,0
0.0,0
0.0,0
0.0,0
0.2159447004608295,0
0.0,0
0.0,0
0.0,0
0.01683501683501235,0
0.01578947368375013,0
0.004823151125261285,0
0.0,0
0.0,0
0.0,0
0.0,0
0.02272727272740053,0
0.0,0
0.0,0
0.016722408026751397,0
0.0,0
0.0,0
0.0,0
0.006578947368421412,0
0.0,0
0.0,0
0.0,0
0.0,0
0.0,0
0.0,0
0.013736263736141648,0
0.0,0
0.01948051948051948,0
0.0,0
0.00964630225080386,0
0.02258064516141755,0
0.06327380952377647,0
0.008278145695290671,0
0.008278145695290671,0
0.013513513513393405,0
0.0,0
0.0,0
0.0,0
0.0,0
0.0,0
0.009740259739975398,0
0.0,0
0.0,0
0.0,0
0.0,0
0.23727272727272727,0
0.0,0
0.0,0
0.0,0
0.0,0
0.0,0
0.0,0
0.0,0
0.0,0
0.0,0
0.0,0
0.0,0
0.0,0
0.01689189189188738,0
0.0,0
0.0,0
0.02280130293172431,0
0.0,0
0.006644518272425774,0
0.006578947368421573,0
0.0,0
0.0,0
0.006600660066007122,0
0.0018848167491860718,0
0.043458646616507945,0
0.0,0
0.0,0
0.00980392156834125,0
0.00827814569529072,0
0.008361204013303621,0
0.0,0
0.0,0
0.013736263736141648,0
0.0,0
0.0,0
0.0,0
0.04276691729322629,0
0.0,0
0.0,0
0.0,0
0.0,0
0.23563636363636362,0
0.0,0
0.0,0
0.0,0
0.0,0
0.004118616144938711,0
0.0,0
0.0,0
0.0,0
0.0,0
0.0,0
0.0,0
0.0,0
0.0,0
0.028662420381886693,0
0.0,0
0.0,0
0.0,0
0.0,0
0.0,0
0.004111842105226617,0
0.0,0
0.0,0
0.0,0
0.0,0
0.0,0
0.0,0
0.0,0
0.008305647840457798,0
0.0,0
0.00486223662870733,0
0.0,0
0.0,0
0.0,0
0.0,0
0.0029940119760411416,0
0.00830564784045775,0
0.0,0
0.0,0
0.0,0
0.0,0
0.0,0
0.0,0
0.0,0
0.00819672131147322,0
0.0,0
0.0,0
0.0,0
0.0,0
0.015789473683749593,0
0.0,0
0.0,0
0.0,0
0.0,0
0.0,0
0.0,0
0.0,0
0.0,0
0.0,0
0.0016483516482975807,0
0.02280130293172456,0
0.0,0
0.0,0
0.0,0
0.0,0
0.0,0
0.0,0
0.2749321266968326,0
0.0,0
0.0,0
0.0,0
0.0,0
0.0,0
0.0,0
0.0029850746268589292,0
0.0,0
0.00830564784045775,0
0.0,0
0.0,0
0.0,0
0.0,0
0.0,0
0.0,0
0.0,0
0.0,0
0.004830917874255264,0
0.0,0
0.0,0
0.0,0
0.0,0
0.013513513513393405,0
0.0,0
0.00668896321070287,0
0.0,0
0.006644518272425774,0
0.006644518272425774,0
0.02258064516141755,0
0.0,0
0.0,0
0.0,0
0.0,0
0.0,0
0.0,0
0.0,0
0.0,0
0.008278145695290671,0
0.0,0
0.0,0
0.009740259739975398,0
0.0,0
0.0,0
0.0,0
0.2370403587443946,0
0.0,0
0.16,0
0.009836065573483353,0
0.016778523489928414,0
0.022874251496999228,0
0.0,0
0.0,0
0.0,0
0.0,0
0.016722408026751397,0
0.0,0
0.0,0
0.10297619047615743,0
0.0,0
0.004078303425738634,0
0.0,0
0.21592592592592594,0
0.0,0
0.0,0
0.0,0
0.0,0
0.0,0
0.0,0
0.0,0
0.0,0
0.0,0
0.0,0
0.0,0
0.0,0
0.0,0
0.0,0
0.0,0
0.0,0
0.00980392156834125,0
0.0,0
0.0,0
0.009836065573483353,0
0.0,0
0.0,0
0.0,0
0.0,0
0.0,0
0.0,0
0.0,0
0.0,0
0.00977198697039877,0
0.004830917874255264,0
0.0,0
0.0,0
0.004084967320225159,0
0.0,0
0.0,0
0.21519650655021835,0
0.0456852791873727,0
0.0,0
0.0,0
0.0,0
0.0,0
0.0,0
0.0,0
0.0,0
0.0,0
0.0,0
0.0,0
0.00830564784045775,0
0.0,0
0.008278145695290671,0
0.2552511415525114,0
0.0,0
0.04343283582086236,0
0.17661971830985915,0
0.0,0
0.0,0
0.0,0
0.0,0
0.0,0
0.0,0
0.008333333333259276,0
0.022874251496999228,0
0.27488584474885847,0
0.02759740259733051,0
0.02288721804510599,0
0.0,0
0.0,0
0.06285714285714286,0
0.04476439790286825,0
0.0,0
0.0,0
0.0,0
0.0,0
0.0,0
0.0,0
0.0,0
0.0,0
0.19551569506726457,0
0.00980392156834125,0
0.17666666666666664,0
0.036065573770487434,0
0.016778523489928414,0
0.0,0
0.004870129869987856,0
0.04274626865670968,0
0.0,0
0.17661971830985915,0
0.0,0
0.1956140350877193,0
0.0,0
0.0,0
0.0,0
0.016778523489928414,0
0.2356164383561644,0
0.0,0
0.0,0
0.013586956521618416,0
0.0,0
0.0,0
0.0,0
0.0,0
0.0,0
0.01689189189188738,0
0.015706806282263994,0
0.02258064516141755,0
0.022874251496999228,0
