0.0002731139975367114
0.0001523320097476244
0.0001703970046946779
0.0001563199912197888
0.00014380599895957857
0.0001420030021108687
0.0001428740069968626
0.0001432150020264089
0.00014122099673841149
0.00014122000720817596
0.00015306299610529095
0.00015210200217552483
0.00014198200369719416
0.0001416220038663596
0.00017550599295645952
0.0001435349986422807
0.00014017900684848428
0.00015345399151556194
0.0001508999994257465
0.00013997798669151962
0.00013989800936542451
0.00013990899606142193
0.00014150200877338648
0.00013883599604014307
0.00017260099411942065
0.00015222199726849794
0.0001526220003142953
0.00015318399528041482
0.00015131999680306762
0.0001545370032545179
0.00015385499864351004
0.00015063901082612574
0.00015115999849513173
0.00015211199934128672
0.0001498769997851923
0.00014604000898543745
0.00014015899796504527
0.00014223299513105303
0.00013973801105748862
0.0001398780004819855
0.0001405500079272315
0.0001403989881509915
0.00014456699136644602
0.00013971800217404962
0.00015046900080051273
0.00016103900270536542
0.00015867399633862078
0.00015165099466685206
0.00014087000454310328
0.00013775400293525308
0.00013857599697075784
0.00013852599659003317
0.00013796499115414917
0.00013817498984280974
0.0001388160017086193
0.0001426539965905249
0.00017093798669520766
0.0001426130038453266
0.00013944700185675174
0.00014088100579101592
0.00014010901213623583
0.0001402689958922565
0.00015929598885122687
0.00014439699589274824
0.0001439460029359907
0.00013861600018572062
0.000137393013574183
0.00014697200094815344
0.00013967799895908684
0.00013877599849365652
0.0001424530055373907
0.00014313400606624782
0.00013802500325255096
0.00013835499703418463
0.0001381250040140003
0.00013846599904354662
0.00014017899229656905
0.00014036899665370584
0.00015065900515764952
0.00013956699694972485
0.00013785400369670242
0.00014201200974639505
0.0001422529894625768
0.00013829499948769808
0.00013837599544785917
0.00014200201258063316
0.00014293499407358468
0.00013849500101059675
0.0001410810073139146
0.00014200199802871794
0.0001417219900758937
0.00014180199650581926
0.00014382599329110235
0.00016043799405451864
0.0001286069891648367
0.00013466800737660378
0.00010448000102769583
0.00010331800149288028
0.00010309800563845783
0.00024235498858615756
0.000232615988352336
0.0002542870061006397
0.00030238000908866525
0.0002849570009857416
0.00029224000172689557
0.00027790300373453647
0.00029950500174891204
0.0002662309998413548
8.700700709596276e-05
8.58550047269091e-05
8.492299821227789e-05
8.520399569533765e-05
8.457200601696968e-05
8.36910039652139e-05
0.00011188499047420919
0.0001532140013296157
0.00015299400547519326
0.00016673900245223194
8.61149892443791e-05
8.590500510763377e-05
8.538400288671255e-05
8.503299613948911e-05
8.498299575876445e-05
8.487301238346845e-05
0.00011787601397372782
0.00019760899886023253
0.0001327740028500557
9.658500493969768e-05
0.00010195600043516606
9.338899690192193e-05
0.00010374900011811405
0.00010466000821907073
0.00010402999760117382
0.00010100301005877554
0.00010204600403085351
0.00010323799506295472
0.00010270599159412086
9.888899512588978e-05
9.075399430003017e-05
0.00010067300172522664
0.00010499100608285517
0.00010355800623074174
0.00010041298810392618
0.00010865800140891224
0.00010212599590886384
0.00010584300616756082
9.933000546880066e-05
0.00010814701090566814
0.0001091900048777461
0.00010829699749592692
0.00010381900938227773
0.00010559298971202224
0.00010628400195855647
0.00010557200585026294
9.947099897544831e-05
0.00010178500087931752
0.00010557299538049847
9.757699444890022e-05
9.98820032691583e-05
9.931999375112355e-05
9.862000297289342e-05
0.00010993100295308977
0.00011015099880751222
0.00010438999743200839
0.00010699499398469925
0.00010672399366740137
0.00010736599506344646
0.00012089200026821345
0.00010689500777516514
0.00011000099766533822
0.00011043199629057199
0.00010864798969123513
0.00010741600999608636
0.00010905000090133399
0.00011038199590984732
0.00010955000470858067
0.00010512200242374092
0.00010594299237709492
0.00010609399760141969
0.00010725599713623524
0.00010624399874359369
0.00010849800310097635
0.00013496799510903656
0.00024223400396294892
0.00016452500130981207
0.00023914899793453515
0.00010493199806660414
0.0001516110060038045
0.00014333399303723127
0.0001363620103802532
0.0002182280004490167
0.00012360700930003077
0.00012193399015814066
0.00014532900240737945
0.00012379800318740308
0.00015573900600429624
0.0001470420102123171
0.000194933993043378
0.00018094699771609157
0.00015255299513228238
0.00021177600137889385
0.0001526120031485334
0.0001437760074622929
0.00014451700553763658
0.00020724799833260477
0.00019660699763335288
0.00017784199735615402
0.00017144900630228221
0.0001302499877056107
0.00011674300185404718
0.00025695298973005265
0.00021836798987351358
0.00018226899555884302
0.0002175370027543977
0.00017552699137013406
0.00013687199680134654
0.00017302201013080776
0.00010085300891660154
0.00011292699491605163
0.00013823500194121152
0.0001539049990242347
0.00020342000061646104
0.0001402589987264946
0.00012224499369040132
0.0001856159942690283
0.0001439159968867898
0.00010159499652218074
0.00023699399025645107
0.00012781500117853284
0.00021608399401884526
0.00012485899787861854
0.000120672004413791
0.0001462399959564209
0.000218289002077654
0.0002728630061028525
0.000134737987536937
0.00012761401012539864
0.00018301099771633744
0.00012162300117779523
0.00014602999726776034
0.0002057650126516819
0.00020192700321786106
0.00014057000225875527
0.00010260700946673751
0.0001368630037177354
0.0001182569976663217
0.0002483060088707134
0.0001294980029342696
0.00011213499237783253
0.0001323040050920099
0.0001386560034006834
0.00017409400606993586
0.0001896739995572716
0.00012881698785349727
0.0003565240040188655
0.00014326500240713358
0.00013750299694947898
0.00016826200590003282
0.0001276949915336445
0.00012038100976496935
0.00017531598859932274
0.0002064360014628619
0.0001520509977126494
0.00011964999430347234
0.00017343199579045177
0.00012550099927466363
0.00019684700237121433
0.0001783720072126016
0.0001576329959789291
0.00011958999675698578
0.00012895799591206014
0.00019638599769677967
0.00015280299703590572
0.00010479100455995649
0.00018887199985329062
0.00012976898869965225
0.00011775600432883948
0.00025997799821197987
0.00017364299856126308
0.00012443799641914666
0.00011874800838995725
0.00023280599270947278
0.00013808500079903752
0.00014066000585444272
0.00022081298811826855
0.00012159299512859434
0.00010028199176304042
0.00012064099428243935
0.00011577199620660394
0.0001224349980475381
0.00010021199705079198
0.00014464699779637158
0.0001634330110391602
0.00018376299703959376
0.00017929299792740494
0.00020448199938982725
0.00013950800348538905
0.0001242279977304861
0.00013759300054516643
0.0001176959922304377
0.00013001900515519083
0.00018277100753039122
0.00010430999100208282
0.00010565300181042403
0.00013092099106870592
0.0003015990077983588
0.00025679200189188123
0.00021690600260626525
0.00013874599244445562
0.00010426000517327338
0.00010390901297796518
0.00015059899305924773
0.0001170049945358187
0.0001991219905903563
0.0001258910051546991
0.00014823400124441832
9.765700087882578e-05
0.00023951999901328236
0.00012702398817054927
0.00018242999794892967
0.0001919979986269027
0.00012528100342024118
0.000208739991649054
0.00011982000432908535
0.00014347500109579414
0.00014645099872723222
0.00024630199186503887
0.00022055300360079855
0.00013504900562111288
0.00012040100409649312
0.00019730899657588452
0.00019338099809829146
0.000143596000270918
0.00019911200797650963
0.00013894600851926953
0.00013175199273973703
0.00013479900371748954
0.00012850599887315184
0.0001466710091335699
0.00018653699953574687
0.00015324300329666585
0.0001427040115231648
9.846899774856865e-05
0.00012084199988748878
0.00023997000243980438
0.00021634499717038125
0.00012144300853833556
0.00015031899965833873
0.00019547500414773822
0.00012351700570434332
0.0001392270060023293
0.00018097700376529247
0.00019175799388904124
0.00012637200416065753
0.00013544999819714576
0.00012453900126274675
0.00011814699973911047
0.00012297600915189832
0.0002343399974051863
0.00020483200205489993
0.00012874699314124882
0.00016075899475254118
0.00020915099594276398
0.00024698399647604674
8.366999099962413e-05
9.048300853464752e-05
8.562399307265878e-05
8.298900502268225e-05
0.00011938800162170082
0.00011773500591516495
0.00011431900202296674
9.026398765854537e-05
8.31500074127689e-05
0.00017590800416655838
0.00014614999236073345
0.00011726500815711915
0.00010306799958925694
0.00011734500003512949
8.762801007833332e-05
8.722698839846998e-05
8.638598956167698e-05
8.768800762481987e-05
0.00010108300193678588
9.969199891202152e-05
9.935999696608633e-05
9.8889009677805e-05
9.993198909796774e-05
9.975099237635732e-05
0.00011005200212821364
0.00010213600762654096
9.895999392028898e-05
9.935999696608633e-05
9.914999827742577e-05
0.00013695300731342286
8.648600487504154e-05
9.844900341704488e-05
9.233700984623283e-05
0.00012646200775634497
9.621400386095047e-05
9.834900265559554e-05
9.304900595452636e-05
9.405000309925526e-05
9.375999798066914e-05
9.306799620389938e-05
8.342000364791602e-05
8.146600157488137e-05
8.726799569558352e-05
9.137501183431596e-05
9.244699322152883e-05
0.00010650399781297892
9.509199298918247e-05
9.395000233780593e-05
9.505200432613492e-05
0.00011317699681967497
9.662599768489599e-05
8.633600373286754e-05
8.609500946477056e-05
8.490300388075411e-05
8.592499943915755e-05
8.474200149066746e-05
8.455199713353068e-05
8.492301276419312e-05
8.35699902381748e-05
8.430200978182256e-05
8.377998892683536e-05
8.454199996776879e-05
8.080499537754804e-05
0.00010047199612017721
0.00010038199252448976
9.920999582391232e-05
9.885999315883964e-05
0.00010849800310097635
9.935999696608633e-05
9.929999941959977e-05
9.98619943857193e-05
9.879999561235309e-05
8.23580048745498e-05
9.09850059542805e-05
0.00010879899491555989
0.00012547099322546273
0.00011094300134573132
0.00012321599933784455
0.00014178200217429549
0.00013076099276077002
0.00013006899098400027
8.625599730294198e-05
8.642500324640423e-05
8.820000221021473e-05
0.00011234600970055908
0.00010765700426418334
0.00017894299526233226
0.00011642299068626016
0.00010535200999584049
0.00010492099681869149
0.00011076200462412089
9.765800496097654e-05
8.555399836041033e-05
8.333000005222857e-05
0.00013124100223649293
0.00012694399629253894
0.00011401899973861873
0.00016463600331917405
0.00016454499564133584
0.00017294099961873144
0.00017462500545661896
0.0001716090046102181
0.00016681000124663115
0.0001655369997024536
0.0001694550010142848
0.00016556799528189003
0.00016572800814174116
0.00016420499014202505
0.00015661100042052567
0.0001577829971211031
0.0001648259931243956
0.00016536700422875583
0.0001651070051593706
0.00015632000577170402
0.00015532800171058625
0.00014548900071531534
0.00015151099069043994
0.00015475699910894036
0.0001457399921491742
0.0001378450106130913
0.00013252400094643235
0.00012311599857639521
0.00012562099436763674
0.0001228259934578091
0.0001222139981109649
0.00014263299817685038
0.0001457699981983751
0.00013502899673767388
9.161600610241294e-05
9.141500049736351e-05
8.919100218918175e-05
8.957198588177562e-05
8.969199552666396e-05
0.00011167398770339787
0.00012017000699415803
0.00011116299720015377
0.00012047099880874157
0.00011054199421778321
0.00011917899246327579
0.00011744500079657882
0.00012590100232046098
0.0001242380094481632
0.00010800700692925602
0.00011862799874506891
8.968199836090207e-05
0.000123006000649184
0.00012170300760772079
0.0001212619972648099
0.00010634399950504303
0.00011498000822030008
0.00010560201189946383
0.00010520199430175126
0.00010606400610413402
0.00012033099483232945
0.00011832699237857014
0.00010395899880677462
0.00011416900088079274
0.00013119100185576826
0.0001236870011780411
0.0001155420031864196
0.00011450900638010353
0.00011467000877019018
0.0001299090072279796
0.00012882699957117438
0.0001142490073107183
0.0001280959986615926
0.00011673399421852082
0.00010668499453458935
0.00010579300578683615
0.00010473000293131918
0.00011861699749715626
0.00011992000509053469
0.00010451998969074339
0.00011357798939570785
0.00011429900769144297
0.00011536099191289395
0.00012215400056447834
0.00012836699897889048
0.0001271840010304004
0.0001136880018748343
0.00012118300946895033
9.204600064549595e-05
8.817898924462497e-05
8.930100011639297e-05
8.6294996435754e-05
0.00010554199980106205
0.00010602299880702049
0.00011923800047952682
0.00011858801008202136
0.00010388900409452617
0.00011530199844855815
0.00010230600310023874
9.319899254478514e-05
9.223699453286827e-05
9.097400470636785e-05
9.051400411408395e-05
0.00010367899085395038
9.005299943964928e-05
9.721600508783013e-05
9.038300777319819e-05
9.037299605552107e-05
8.951200288720429e-05
8.977300603874028e-05
8.969201007857919e-05
0.00012484900071285665
8.732799324207008e-05
0.00010625399590935558
0.00011998999980278313
0.00012484999024309218
0.00010436000593472272
0.0001287869963562116
0.00011929900210816413
0.00011857699428219348
0.00010397999722044915
0.00011388800339773297
0.00011215500126127154
0.00012992900155950338
0.00011140399146825075
9.613399743102491e-05
9.372000931762159e-05
9.539299935568124e-05
0.00015088901272974908
0.00011091299529653043
0.00011032199836336076
9.403999138157815e-05
9.237701306119561e-05
0.00013042100181337446
0.00011786700633820146
0.0001278749987250194
9.193700680043548e-05
9.12950054043904e-05
9.172600402962416e-05
9.158600005321205e-05
9.133499406743795e-05
9.11149982130155e-05
9.051400411408395e-05
9.075399430003017e-05
9.411000064574182e-05
9.031400259118527e-05
9.105500066652894e-05
9.167598909698427e-05
9.079399751499295e-05
9.168600081466138e-05
9.05030028661713e-05
9.015300020109862e-05
9.081400639843196e-05
9.139500616583973e-05
9.069401130545884e-05
9.119500464294106e-05
9.100500028580427e-05
9.078400034923106e-05
9.052400127984583e-05
8.990299829747528e-05
9.189599950332195e-05
9.078400034923106e-05
8.914100180845708e-05
8.991299546323717e-05
9.005299943964928e-05
9.30279929889366e-05
9.201599459629506e-05
0.0001337770081590861
0.00011986999015789479
0.00012202399375382811
0.00012784500722773373
0.0001582730037625879
0.0001463109947508201
9.059399599209428e-05
9.104500350076705e-05
9.078400034923106e-05
9.109500388149172e-05
9.199700434692204e-05
9.094399865716696e-05
9.014300303533673e-05
9.055400732904673e-05
9.05030028661713e-05
9.058299474418163e-05
9.086400677915663e-05
9.042299643624574e-05
9.072400280274451e-05
0.00010711500362958759
9.160499030258507e-05
8.958199759945273e-05
9.034300455823541e-05
9.169599798042327e-05
9.048399806488305e-05
9.189599950332195e-05
8.987198816612363e-05
9.199600026477128e-05
9.118499292526394e-05
9.098499140236527e-05
9.086499630939215e-05
0.0001002630015136674
0.00011144399468321353
0.00010059299529530108
0.00010289800411555916
9.863900777418166e-05
0.00010336899140384048
9.732700709719211e-05
9.854898962657899e-05
9.091399260796607e-05
0.0001031079882523045
9.60140023380518e-05
0.00010034198930952698
0.00017821199435275048
0.00017555701197125018
0.00016492599388584495
0.00016527700063306838
0.0001719900028547272
0.0001637940004002303
0.00016389400116167963
9.288800356443971e-05
9.178600157611072e-05
0.00016561801021452993
0.00016299300477840006
0.00010982099047396332
8.42809968162328e-05
0.00015614900621585548
0.00011084199650213122
9.908000356517732e-05
9.411000064574182e-05
8.296000305563211e-05
0.00010725599713623524
0.00010888899851124734
0.00010250599007122219
9.911000961437821e-05
9.250699076801538e-05
0.00011999999696854502
0.00013515999307855964
8.895999053493142e-05
0.00014960698899812996
0.0002891040057875216
0.00017210000078193843
0.00010643398854881525
9.200700151268393e-05
0.00021084399486426264
0.00016258200048469007
8.812900341581553e-05
8.988199988380075e-05
0.00010474000009708107
0.00010087300324812531
8.838900248520076e-05
9.156500163953751e-05
8.885099668987095e-05
8.759800402913243e-05
8.59849969856441e-05
9.474100079387426e-05
9.014300303533673e-05
8.97619902389124e-05
8.882999827619642e-05
9.019298886414617e-05
8.906099537853152e-05
8.898999658413231e-05
0.00010966999980155379
9.299899102188647e-05
9.022299491334707e-05
8.87909991433844e-05
8.924100256990641e-05
9.504301124252379e-05
9.064399637281895e-05
0.00010960000508930534
0.00010809699597302824
9.230700379703194e-05
8.974201045930386e-05
8.998299017548561e-05
8.986200555227697e-05
8.917100785765797e-05
8.998300472740084e-05
8.960199193097651e-05
9.077400318346918e-05
9.999200119636953e-05
9.302800754085183e-05
9.765700087882578e-05
9.521300671622157e-05
0.00010200499673373997
9.542300540488213e-05
8.982198778539896e-05
0.00010091299191117287
9.335899085272104e-05
0.00011423899559304118
0.00014379600179381669
9.24969936022535e-05
0.00011108299077022821
0.00011062200064770877
0.0001015539892250672
0.00010099398787133396
0.00012399799015838653
0.00013704200682695955
0.00010098300117533654
8.902099216356874e-05
8.614499529358e-05
0.00017536600353196263
0.00010977000056300312
9.792800119612366e-05
9.015300020109862e-05
0.00014451699098572135
0.00014272400585468858
0.00014946599549148232
0.00011373798770364374
0.00010152500180993229
0.00011613199603743851
9.898999996948987e-05
9.887000487651676e-05
0.00011108299077022821
0.00010682499851100147
0.00010115400073118508
0.0001383849885314703
0.0001042500080075115
0.00010982999810948968
0.00010752699745353311
0.00012743400293402374
0.00020371100981719792
0.00012746499851346016
9.811800555326045e-05
0.00011213499237783253
0.00011616300616879016
0.00012349699682090431
0.0001249089982593432
0.0001028970000334084
9.892000525724143e-05
0.00011279700265731663
9.757699444890022e-05
9.7487005405128e-05
0.0001112040044972673
0.0001551180030219257
0.00013563000538852066
0.00015288300346583128
0.0001036689936881885
0.00011875800555571914
9.383998985867947e-05
0.00011655400157906115
0.0001377340086037293
0.000135580005007796
0.000109629996586591
8.978300320450217e-05
0.00012757400691043586
0.00013173300249036402
9.621400386095047e-05
0.00011149299098178744
0.00012046100164297968
8.523400174453855e-05
0.0001112629979616031
0.00011521099077071995
0.00012561999028548598
0.0001322330062976107
9.952099935617298e-05
0.0001379650057060644
9.474200487602502e-05
0.0001483149972045794
0.00021998200099915266
8.56749975355342e-05
9.427100303582847e-05
0.00010684499284252524
0.0001847240055212751
0.00014201299927663058
0.0001412310084560886
0.00011201501183677465
8.833000902086496e-05
0.00010201599798165262
8.889099990483373e-05
8.66960035637021e-05
8.591500227339566e-05
9.948101069312543e-05
0.00012523999612312764
9.184599912259728e-05
9.333899652119726e-05
0.00014143100997898728
9.63950005825609e-05
0.00010710601054597646
0.00010448000102769583
9.412100189365447e-05
0.00010718499834183604
0.00010375899728387594
0.00010043200745712966
0.00010500098869670182
0.00011349799751769751
0.00011401899973861873
9.087499347515404e-05
9.658500493969768e-05
0.00013527899864129722
0.00010665399895515293
9.70859982771799e-05
0.00014925599680282176
0.00010224599100183696
0.00012232500012032688
0.00010484099038876593
0.00013676199887413532
9.924100595526397e-05
0.00010807800572365522
0.00015852399519644678
0.00015490700025111437
0.0001238570112036541
0.0001242480066139251
0.00012148299720138311
0.00011037199874408543
0.00010336900595575571
0.0001335970009677112
0.00010481099889148027
0.00010378900333307683
9.50719986576587e-05
0.00010393999400548637
0.00011180499859619886
9.613500151317567e-05
9.078400034923106e-05
0.00010130398732144386
0.0001255509996553883
0.00012308600707910955
9.248800051864237e-05
8.973199874162674e-05
0.00010130400187335908
0.00012324599083513021
0.00011446900316514075
9.404101001564413e-05
0.00011919799726456404
0.0001254599919775501
0.00011975999223068357
8.972198702394962e-05
9.575400326866657e-05
9.6214993391186e-05
0.00010814699635375291
0.0001111330057028681
0.00011768599506467581
9.511300595477223e-05
9.851899812929332e-05
9.123500785790384e-05
0.00015843400615267456
0.00012084199988748878
9.8718999652192e-05
9.578400931786746e-05
0.00013105099787935615
0.00015815299411769956
9.671600128058344e-05
0.00012497899297159165
9.253800089936703e-05
0.00011607300257310271
0.00020937201043125242
0.00011196499690413475
9.789799514692277e-05
9.123499330598861e-05
9.255799523089081e-05
8.892999903764576e-05
0.00011588199413381517
0.00012773499474860728
0.00013403700722847134
0.0001285860053030774
8.906099537853152e-05
0.00010896899038925767
9.602399950381368e-05
0.00011667399667203426
8.649600204080343e-05
0.0001851659908425063
0.000108098000055179
0.00011198500578757375
9.008200140669942e-05
0.00012409799091983587
0.00010629399912431836
9.34590061660856e-05
0.00010307699267286807
0.00013085099635645747
9.315799979958683e-05
0.00017020599625539035
8.95020057214424e-05
0.00011204500333406031
0.0001132769975811243
0.00013473899161908776
0.0001318220020039007
9.499299630988389e-05
0.00012801600678358227
0.00010846799705177546
0.00010458999895490706
0.00010151400056201965
0.00010407999798189849
9.118500747717917e-05
0.00012924800103064626
0.00010117399506270885
9.297899669036269e-05
0.00011444000119809061
0.00011264599743299186
8.889099990483373e-05
0.0001384250062983483
0.00010850800026673824
9.914999827742577e-05
9.861899889074266e-05
0.00010831799590960145
0.00012691300071310252
0.0001265820028493181
0.0002108750049956143
0.00012769398745149374
0.0001237579999724403
0.0001718700077617541
0.00014220300363376737
0.00011404798715375364
0.00011946899758186191
0.00013964800746180117
9.711600432638079e-05
0.00010275699605699629
0.00011496100341901183
9.701600356493145e-05
0.00014357500185724348
0.00012512000103015453
9.600400517228991e-05
0.00013298499106895179
0.000107557003502734
0.00010606400610413402
9.971098916139454e-05
0.0001025669916998595
0.00010879899491555989
0.00011413900938350707
0.00012359699758235365
0.00010970100993290544
0.00015303399413824081
0.00015939600416459143
0.000171078005223535
0.0001084079995052889
0.00011398800415918231
0.0001196389930555597
0.00019478300237096846
0.00011506000009831041
0.00016383398906327784
0.00013374599802773446
0.000123846999485977
0.0001232270005857572
9.90699918475002e-05
9.555301221553236e-05
0.00013959799252916127
0.00011071299377363175
0.00011504000576678663
0.0001078469940694049
0.00010667501192074269
0.00016410500393249094
9.711600432638079e-05
0.00011021099635399878
9.918000432662666e-05
0.0001305599871557206
9.501200111117214e-05
0.00010319800639990717
9.468098869547248e-05
0.0001667199976509437
9.678499191068113e-05
0.00010580300295259804
0.0001373630075249821
0.00010045200178865343
0.000109629996586591
0.00011414900654926896
9.442200826015323e-05
0.00012079199950676411
0.00016239100659731776
0.00010760599980130792
0.0001390670076943934
0.00010940000356640667
9.477201092522591e-05
0.00011506098962854594
0.0001417419989593327
0.00011019199155271053
8.745800005272031e-05
0.00014493799244519323
0.00012445800530258566
0.00010538200149312615
0.00012958899606019258
9.261700324714184e-05
9.262700041290373e-05
9.382001007907093e-05
0.00010758600546978414
9.53230046434328e-05
0.00010927898983936757
0.000135018999571912
0.00010732500231824815
0.00012007998884655535
0.0001315219997195527
0.00011508000898174942
0.00016971600416582078
0.00010930999997071922
0.00017960500554181635
9.571299597155303e-05
9.320900426246226e-05
0.00020681599562522024
0.00011418899521231651
0.00011914900096599013
9.620501077733934e-05
0.00014349499542731792
9.424099698662758e-05
0.00014744300278834999
0.00011788599658757448
0.00014805298997089267
0.00010130499140359461
9.480099834036082e-05
0.00010872900020331144
0.00011870799062307924
9.207599214278162e-05
0.00012976799916941673
9.420100832358003e-05
0.00012041100126225501
0.00013192299229558557
0.00013638100062962621
9.520299499854445e-05
0.0001408099924447015
0.00011324699153192341
0.00010559300426393747
8.829000580590218e-05
0.00012770500325132161
0.00011808599811047316
0.00012941799650434405
0.00011015099880751222
0.00016059799236245453
8.787900151219219e-05
9.893000242300332e-05
9.788699389901012e-05
0.00012533999688457698
0.00010978098725900054
9.521299216430634e-05
9.47319931583479e-05
0.00010888899851124734
0.00012093200348317623
0.00013645199942402542
0.00012561099720187485
0.0001381250040140003
0.00014798299525864422
0.0001316419948125258
9.18460136745125e-05
0.00010000201291404665
0.00011015099880751222
0.00011577201075851917
9.020300058182329e-05
0.00016316300025209785
0.0001118240033974871
0.00011551201168913394
9.414099622517824e-05
0.00010127399582415819
0.00011063199781347066
0.00010730499343480915
0.00011244599591009319
0.0001343769981758669
0.00010519199713598937
9.31289978325367e-05
0.00010276699322275817
0.0001032779982779175
0.00010287700570188463
0.00015920599980745465
0.00011361800716258585
0.00011838800855912268
0.00014318499597720802
8.27189942356199e-05
0.00013107199629303068
0.00010630401084199548
0.00010166500578634441
0.0002520529960747808
0.00017646800552029163
0.0001085880066966638
0.00010816699068527669
0.00010713499796111137
0.00010785700578708202
0.00010811700485646725
0.00010834699787665159
0.00010757600830402225
0.00010785700578708202
0.0001073360035661608
0.0001078469940694049
0.00010726600885391235
0.000122876008390449
0.00011754500155802816
0.00011753500439226627
0.00011685400386340916
0.00011681400064844638
0.00011710499529726803
0.00011732500570360571
0.00011666399950627238
0.00011604199244175106
0.00011702399933710694
0.00011661300959531218
0.00011618300050031394
0.0001173350028693676
0.00011833700409624726
0.00011682500189635903
0.00011589299538172781
0.00012167298700660467
0.00011700399045366794
0.00011797600018326193
0.0003416149993427098
0.00016771198716014624
0.00018082700262311846
0.0002041420084424317
0.00020605498866643757
0.0002926609886344522
0.00023129399050958455
0.0002279780019307509
0.00024195399601012468
0.00023665299522690475
0.00023274600971490145
0.00024349699378944933
0.00025873599224723876
0.00010428001405671239
0.00010288700286764652
0.00010251699131913483
0.0001018250040942803
0.00010172498878091574
0.00010259699774906039
9.844900341704488e-05
9.77180025074631e-05
9.780800610315055e-05
9.807798778638244e-05
9.914000111166388e-05
9.843899169936776e-05
9.839799895416945e-05
9.788801253307611e-05
0.00010014200233854353
9.792800119612366e-05
9.633399895392358e-05
9.900999430101365e-05
9.808799950405955e-05
9.759799286257476e-05
9.676600166130811e-05
0.00021469101193360984
0.00013889599358662963
0.00012396799866110086
0.00012346699077170342
0.000122204000945203
0.00012419899576343596
0.00012292599421925843
0.00012267500278539956
0.00012308600707910955
0.00012210400018375367
0.00011765499948523939
0.0001144700072472915
0.00011472000915091485
0.00011705399083439261
0.0001310419902438298
0.00011467999138403684
0.00011582199658732861
0.00011480999819468707
0.00011440999514888972
0.00013399700401350856
0.00011937900853808969
0.00011875800555571914
0.00011846701090689749
0.00011737499153241515
0.00011664399062283337
0.00011780599015764892
0.00011798700143117458
0.00012098198931198567
0.00016845299978740513
0.00012123199121560901
0.00012119200255256146
0.00012093099940102547
0.00011972901120316237
0.0001238879922311753
0.00011885800631716847
0.00012121199688408524
0.00012079199950676411
0.00012106199574191123
0.00014320500486064702
0.00017569700139574707
0.00015185101074166596
0.00012738400255329907
0.00012552100815810263
0.0001282459998037666
0.00012718398647848517
0.00014662199828308076
0.00020150700584053993
0.00027686099929269403
0.00012513001274783164
0.0001267729967366904
0.00012302599498070776
0.000122074008686468
0.00012287500430829823
0.00012137301382608712
0.00012134300777688622
0.00012206399696879089
0.00012180399789940566
0.00012122200860176235
0.00012255599722266197
0.00012150300608482212
0.00012242500088177621
0.00012266600970178843
0.00012234500900376588
0.00012170299305580556
0.00012182400678284466
0.00012176299060229212
0.00012310600141063333
0.00013209300232119858
0.00012184299703221768
0.00012173299910500646
0.00012112200784031302
0.00012135200086049736
0.00013714299711864442
0.00012210400018375367
0.00012107299698982388
0.00012159300968050957
0.00019817000429611653
9.992199193220586e-05
9.853900701273233e-05
9.870999201666564e-05
0.00010225600271951407
9.739700180944055e-05
9.8178003099747e-05
9.962100011762232e-05
9.805800800677389e-05
9.8718999652192e-05
0.00010862799535971135
9.822800348047167e-05
9.810799383558333e-05
9.790800686459988e-05
9.77769959717989e-05
9.803799912333488e-05
9.8028001957573e-05
9.898000280372798e-05
9.88100073300302e-05
9.939100709743798e-05
9.877899719867855e-05
9.819900151342154e-05
0.00010181499237660319
9.962100011762232e-05
9.944099292624742e-05
9.876900003291667e-05
9.841899736784399e-05
9.709599544294178e-05
9.78680036496371e-05
9.658500493969768e-05
9.715599298942834e-05
0.00010619401291478425
9.635501191951334e-05
9.643500379752368e-05
9.788799798116088e-05
9.689599392004311e-05
0.00011241500033065677
0.000110020991996862
9.91200067801401e-05
9.766800212673843e-05
9.810799383558333e-05
9.646500984672457e-05
9.714599582366645e-05
9.567300730850548e-05
9.397100075148046e-05
9.29180096136406e-05
9.43509949138388e-05
9.485200280323625e-05
9.46020008996129e-05
9.470200166106224e-05
9.38400044105947e-05
9.538300218991935e-05
0.0001084079995052889
0.00010139499499928206
0.00010266700701322407
9.379000402987003e-05
9.436099207960069e-05
9.30989917833358e-05
0.0001040700008161366
9.711598977446556e-05
9.437100379727781e-05
9.393099753651768e-05
9.260699152946472e-05
9.326900180894881e-05
9.499200677964836e-05
9.44720086408779e-05
9.531300747767091e-05
9.465200128033757e-05
9.527300426270813e-05
9.501198655925691e-05
9.466199844609946e-05
9.413000952918082e-05
9.367898746859282e-05
9.499299630988389e-05
9.582401253283024e-05
9.607399988453835e-05
9.537300502415746e-05
9.49120003497228e-05
9.40000027185306e-05
9.6214993391186e-05
9.512300312053412e-05
9.514199336990714e-05
9.565400250721723e-05
9.495200356468558e-05
9.530200622975826e-05
0.00012438900012057275
0.00012017998960800469
0.00012019100540783256
0.00011900899698957801
0.0001199100079247728
0.00011986900062765926
0.00011945900041610003
0.0001222139981109649
0.00011724400974344462
0.0001204510044772178
0.00011720499605871737
0.00011707500379998237
0.00011629400250967592
0.00012601200432982296
0.0001176650112029165
0.00011691400140989572
0.0001159819948952645
0.0001173149939859286
0.00011866800196003169
0.00011696500587277114
0.00011596300464589149
0.00011666399950627238
0.0001163929991889745
0.00011728500248864293
0.00011611300578806549
0.00011732499115169048
0.00011701500625349581
0.00011639400327112526
0.00011179500143043697
0.00010846799705177546
0.00010929000563919544
0.0001079969952115789
0.00010980998922605067
0.0001092489983420819
0.00011741500929929316
0.00011009200534317642
0.00011229599476791918
0.00011057300434913486
0.00011014100164175034
0.00011059199459850788
0.00011087200255133212
0.00010994100011885166
0.00011001100938301533
0.0001099909859476611
0.00010936999751720577
0.00010895899322349578
0.00010926900722552091
0.00011813700257334858
0.00010886900417972356
0.00011121299758087844
0.00011201499728485942
0.00011037099466193467
0.00011020099918823689
0.00010982100502587855
0.00011041200195904821
0.0001086289994418621
0.00010888899851124734
0.00010941000073216856
0.00010875800217036158
0.00011830699804704636
0.000110020991996862
0.0001088390126824379
0.0001104019902413711
0.00011050199100282043
0.00010925999958999455
0.00011130400525871664
0.00010956999904010445
0.00011157400149386376
0.00010895900777541101
0.00010985099652316421
0.00010820699390023947
0.00010761700104922056
0.00010846801160369068
0.00010818701412063092
0.000110191002022475
0.00010961000225506723
0.000108938998891972
0.00011070299660786986
0.00011012100731022656
0.0001102419919334352
0.00011154399544466287
0.00011196400737389922
0.00010867899982258677
0.00010857799497898668
0.00010933999146800488
0.00011280699982307851
0.00011248499504290521
0.00011265600915066898
0.00011188400094397366
0.00011253499542362988
0.0001114939950639382
0.00011122300929855555
0.00011241600441280752
0.0001253100053872913
0.00011029100278392434
0.0001111129968194291
0.00010989099973812699
0.00011063199781347066
0.00011074199574068189
0.00010958999337162822
0.00010933898738585413
0.00011563098814804107
0.00011016200005542487
0.0001136170030804351
0.00011008100409526378
0.00010958999337162822
0.00011845699918922037
0.0001011849963106215
9.9971002782695e-05
0.00013550999574363232
0.00011083199933636934
0.00011021200043614954
0.0001138380030170083
0.00011163399904035032
0.00011143300798721611
0.0001105519913835451
0.0001118950021918863
0.00011100299889221787
0.00011108300532214344
0.00010987000132445246
0.00011184399772901088
0.00011097300739493221
0.00011050199100282043
0.00011159399582538754
0.00011139300477225333
0.0001118749933084473
0.0001136880018748343
0.0001118749933084473
0.00011084300058428198
0.0001125859998865053
0.00011133401130791754
0.00011159399582538754
0.00011052199988625944
0.0001111129968194291
0.000110041000880301
0.00011214500409550965
0.00011152398656122386
0.00011120300041511655
0.00011014199117198586
0.00010991099406965077
0.00011022199760191143
0.00011129399354103953
0.00011076199007220566
0.0001102719979826361
0.00011203500616829842
0.00012173400318715721
0.00011027099390048534
0.0001102620008168742
0.0001176149962702766
0.00011054199421778321
0.00011023199476767331
0.00011270599497947842
0.00012358700041659176
0.00011012100731022656
0.00011016200005542487
0.00011032199836336076
0.00010178500087931752
0.00010099400242324919
9.975100692827255e-05
0.00010052300058305264
9.973101259674877e-05
0.00010139400546904653
0.00010007199307437986
0.00010052300058305264
0.00010102399392053485
0.00010916899191215634
0.00010086300608236343
0.0001012940047075972
0.00010105399996973574
0.00010166499123442918
9.998200403060764e-05
9.99120093183592e-05
0.00010013200517278165
0.0001007329992717132
0.00010003198985941708
0.00010065299284178764
0.00010132500028703362
0.00010059299529530108
0.00010002200724557042
0.00010068299889098853
9.930999658536166e-05
0.00010038299660664052
0.00011726499360520393
0.00011356799222994596
0.00017006599227897823
0.0001874089939519763
0.00016583799151703715
0.00011359799827914685
0.00011136301327496767
0.0001153410121332854
0.00010912900324910879
0.0001122760004363954
0.00015262300439644605
0.00013517000479623675
0.0001176450023194775
0.00013443799980450422
0.0001112040044972673
0.0001527130079921335
0.00012038099521305412
0.00012168301327619702
0.0001229759945999831
0.0001218230027006939
0.00018475399701856077
0.00014843500684946775
0.00016938499175012112
0.00013973801105748862
0.00021518200810533017
0.0001993019977817312
0.00012508999498095363
0.00010452100832480937
0.00012218400661367923
0.00014294400170911103
0.00012491900997702032
0.00011693499982357025
0.00011218500731047243
0.00010591300087980926
0.00011576199904084206
0.00016705099551472813
9.963101183529943e-05
0.0001578419905854389
0.00012632300786208361
0.00011414899199735373
0.00012961900210939348
0.00015168999379966408
0.00010410000686533749
0.00017113800277002156
0.00010466000821907073
0.00023481999232899398
0.00011613300011958927
0.0002153630048269406
0.00015179099864326417
0.00011213500692974776
0.00013696300447918475
0.0001202910061692819
0.00018138799350708723
0.00011667399667203426
9.900999430101365e-05
0.00014965700393076986
0.00017282200860790908
0.0001282660086872056
0.0001104219991248101
0.00010992099123541266
0.00016093900194391608
0.00022328800696413964
0.00012779500684700906
0.00020223799219820648
0.00018002500291913748
0.00016365399642381817
0.00011090200860053301
0.0001248299959115684
0.00013354599650483578
0.00016585800040047616
0.00013318499259185046
0.00013517899787984788
0.00016611898900009692
0.00011181400623172522
0.00013971699809189886
9.786798909772187e-05
0.00012388800678309053
0.00017373300215695053
0.00010230598854832351
0.0001608480088179931
0.00010961000225506723
0.00020766801026184112
0.00015871500363573432
0.00011807700502686203
0.00010953999299090356
0.00012876700202468783
0.00010085299436468631
0.0001146300055552274
0.00011357699986547232
9.524199413135648e-05
0.00010629399912431836
0.00011339799675624818
0.00013700300769414753
0.00010759600263554603
0.00011449999874457717
0.00010299700079485774
0.0002741759963100776
0.000157552000018768
0.00013812498946208507
0.0001623110001673922
9.046299965120852e-05
9.761800174601376e-05
0.00010099299834109843
0.00011937800445593894
9.956098801922053e-05
0.00011801600339822471
0.00011279599857516587
9.205599781125784e-05
0.00012163299834355712
0.0001431540003977716
0.00018660699424799532
9.221700020134449e-05
0.00013823500194121152
0.0001521619997220114
0.00011707399971783161
0.00010255700908601284
0.00010316800035070628
0.00010466099774930626
0.00011051200272049755
8.887999865692109e-05
9.479200525674969e-05
0.00010971000301651657
9.942999167833477e-05
0.00010170499444939196
0.00011522100248839706
0.00011635299597401172
0.00021080399164929986
0.00012679399515036494
0.0001402589987264946
0.00015910500951576978
0.00011428901052568108
0.00011870700109284371
0.00011953900684602559
0.00011638300202321261
0.0002020679967245087
0.000110191002022475
0.00011652300599962473
0.00019622599938884377
0.0001373630075249821
0.00010985099652316421
0.00011691400140989572
0.00010978100181091577
0.00012287599383853376
0.00019705800514202565
0.0001246190076926723
0.00010140499216504395
0.00015084899496287107
0.0001123349939007312
0.0001492870069341734
0.00010964099783450365
0.00011944898869842291
0.00020935099746566266
0.00010645401198416948
0.00020740799664054066
0.00010887900134548545
0.00011597199772950262
0.0001579730014782399
0.00013624200073536485
0.00013977799972053617
0.00021683599334210157
0.00010944000678136945
9.895999392028898e-05
0.00011890899622812867
0.00013549999857787043
0.00020723699708469212
0.00011096301022917032
0.00021305900008883327
0.00012439799320418388
0.00012200399942230433
0.0002461420081090182
0.00023427899577654898
0.00011219500447623432
0.0001275850081583485
0.00012722400424536318
0.0001290580112254247
0.00013430800754576921
0.00012492999667301774
0.0001312120002694428
0.00017000599473249167
0.0001523730024928227
0.00010751599620562047
0.00011606300540734082
0.00011614299728535116
0.00012035100371576846
0.00011067200102843344
0.00010897900210693479
0.0001373429986415431
0.00010554199980106205
0.00014109000039752573
0.00013241400301922113
0.00010580300295259804
0.00010534199827816337
0.0001257619878742844
0.0001627930032555014
0.00014194200048223138
0.00012692400196101516
0.00012920799781568348
0.00017101800767704844
0.00011649398948065937
0.00010331800149288028
0.0001247389882337302
0.00011591200018301606
0.0001012639986583963
0.00019169700681231916
0.0001050709979608655
0.0002006450085900724
0.0001435250014765188
0.0001803359918994829
9.767700976226479e-05
0.00012957799481227994
0.0001994119957089424
0.0002047729940386489
0.00011371799337211996
9.882000449579209e-05
0.00012386699381750077
0.00011943900608457625
9.604399383533746e-05
0.00018533499678596854
0.00019556500774342567
0.00012891700316686183
0.00010634399950504303
0.00013837500591762364
0.0001377239968860522
0.00018781100516207516
0.00014656099665444344
0.0002167350030504167
0.00020466199202928692
0.00012036100088153034
0.00011617300333455205
0.00011339799675624818
0.00010973999451380223
0.00011377799091860652
0.00010915899474639446
0.00012208399130031466
0.00013394698908086866
0.0001419320033164695
0.00012542099284473807
0.00020266900537535548
0.0001216730015585199
0.00017808200209401548
9.684599353931844e-05
0.0001981899986276403
0.00010939899948425591
0.00010107399430125952
9.19860030990094e-05
0.00010353900142945349
9.233700984623283e-05
0.00016012699052225798
0.00011708500096574426
0.00018693901074584574
0.00014633098908234388
0.00016024700016714633
0.00010203600686509162
0.00010456101153977215
0.0001670299971010536
0.0001526929991086945
0.00010864798969123513
0.00012361699191387743
0.00010172498878091574
0.0002977410040330142
0.00010671500058379024
0.00011685400386340916
0.00010109400318469852
0.0001449879928259179
0.0001026170066324994
9.527300426270813e-05
0.00012759400124195963
9.756699728313833e-05
0.00010215499787591398
8.653599070385098e-05
0.00023628400231245905
0.0001513600000180304
0.00015276299382094294
0.00015898499987088144
9.873899398371577e-05
0.00010447099339216948
0.00013949800631962717
0.00014264299534261227
0.00014988800103310496
0.00011714399443008006
0.00011269599781371653
0.0001921579969348386
0.00011143401206936687
0.00012176399468444288
0.00020604499150067568
0.00015396499657072127
0.00014031899627298117
0.00012653300655074418
0.00011168399942107499
0.00015054800314828753
9.898000280372798e-05
9.227701229974627e-05
0.00010625401046127081
0.00013015000149607658
0.00013685300655197352
0.00020849000429734588
0.00018626700330059975
0.0001773810072336346
0.0001885610108729452
0.00010331798694096506
0.00010942999506369233
0.0001545060076750815
0.00015771300240885466
9.690500155556947e-05
0.00017494500207249075
9.690600563772023e-05
8.953199721872807e-05
9.700600639916956e-05
0.0001104219991248101
9.541300823912024e-05
0.00010354899859521538
0.00011817700578831136
9.33090050239116e-05
9.643500379752368e-05
0.0001116940111387521
0.00010553200263530016
0.00016586799756623805
0.00015946599887683988
0.0001481039944337681
0.00011366800754331052
0.00021772799664177
0.0001050709979608655
0.00011322699720039964
0.00016322301235049963
0.00011357800394762307
0.00010971100709866732
0.0001487560075474903
0.00011951899796258658
0.00014521798584610224
0.00016427499940618873
0.00012417799734976143
0.00012068099749740213
0.00011766600073315203
0.00021958100842311978
0.00014223299513105303
0.0001164840068668127
0.00010344799375161529
9.888000204227865e-05
0.00015060900477692485
0.00012666299880947918
0.00013015999866183847
0.0001629920006962493
0.00011046200233977288
0.00012531099491752684
0.00023227499332278967
0.00011268598609603941
0.00012175300798844546
0.00010400998871773481
0.00019326999608892947
0.00012612198770511895
0.00012210400018375367
0.00020969301112927496
0.00010796700371429324
0.00012494898692239076
0.00016057799803093076
0.00017251000099349767
0.00015262300439644605
0.00011430900485720485
0.00023500100360251963
0.00015043900930322707
0.00012037101259920746
0.000108788997749798
0.00020066498836968094
0.00012817600509151816
0.00014016899513080716
0.0001419320033164695
0.00017280199972447008
0.00012265499390196055
0.0001122050016419962
0.00012178400356788188
0.0002140099968528375
0.00018879200797528028
0.00017096799274440855
0.00014973701036069542
0.00011809599527623504
0.00012209400301799178
0.00011467999138403684
0.00018445300520397723
0.00011376800830475986
0.0001315520057687536
0.00012720399536192417
0.00014891599130351096
0.00017723000200930983
0.00011796600301750004
0.0001315219997195527
0.00010278800618834794
0.00012016099935863167
0.00012682400119956583
0.00013003000640310347
0.00012738398800138384
0.00011742500646505505
0.00013885600492358208
0.00010127399582415819
0.00010517200280446559
0.00010204600403085351
0.00014129100600257516
0.00019684700237121433
0.00012210400018375367
0.00011921899567823857
0.00015935600094962865
0.00013742399460170418
0.0001557689975015819
0.0001478429912822321
0.00010895899322349578
0.00014131100033409894
0.00010992100578732789
0.00010378900333307683
0.00013156198838260025
9.143500938080251e-05
0.00010910000128205866
0.00011221600288990885
0.00014168198686093092
0.00014035899948794395
0.00011834698671009392
0.00018471499788574874
0.00016302301082760096
0.00016009699902497232
0.00015266300761140883
0.00042665901128202677
0.00013377600407693535
0.00011433901090640575
0.00011015099880751222
0.00011201400775462389
0.00010811699030455202
0.00011310700210742652
0.00010792700049933046
0.00011315698793623596
0.00010843799100257456
0.0001061630027834326
0.00011095199442934245
0.00010633400233928114
0.00011092300701420754
0.0001224349980475381
0.00011845699918922037
0.00012195399904157966
0.00018931299564428627
0.00019229899044148624
0.00018633798754308373
0.0001860269985627383
0.00011783599620684981
0.00012028099445160478
0.00012007998884655535
0.00011439899390097708
0.00010768599167931825
0.00010580300295259804
0.00010831700637936592
0.00010541199299041182
0.00012383800640236586
0.00012304600386414677
0.0001404189970344305
0.0001359610032523051
0.00012317599612288177
0.00013574000331573188
0.0001229250046890229
0.00011644400365184993
0.00012165399675723165
0.00012249400606378913
0.0001209820038639009
0.00011772599827963859
0.00012870700447820127
0.00011509099567774683
0.00011563200678210706
0.00011068199819419533
0.00011559099948499352
0.00011630299559328705
0.00011575200187508017
0.00012104200141038746
0.00012832600623369217
0.00012775500363204628
0.00011963999713771045
0.000122485012980178
0.00012009999772999436
0.00011456001084297895
0.00011901800462510437
0.00011895799252670258
0.00012581099872477353
0.0001227060129167512
0.00013062100333627313
0.00012695399345830083
0.00012590100232046098
0.00011994999658782035
0.0001243579899892211
0.0001253910013474524
0.00012609201075974852
0.00012595100270118564
0.00011907800217159092
0.00013489898992702365
0.00012397799582686275
0.00012303600669838488
0.00011780600470956415
0.00012410800263751298
0.0001226559979841113
0.00012875700485892594
0.00012144300853833556
0.00012770500325132161
0.00012752499605994672
0.0001390370016451925
0.00012251498992554843
0.00012717398931272328
0.00012671299919020385
0.00012738400255329907
0.00012507999781519175
0.00012976900325156748
0.00012937799328938127
0.0001386560034006834
0.0001248090120498091
0.00012955800048075616
0.00012917800631839782
0.00012715400953311473
0.0001244489976670593
0.00012878701090812683
0.0001289369974983856
0.00012818600225728005
0.00012452900409698486
0.00012803600111510605
0.00012897698616143316
0.00012851700012106448
0.0001198800018755719
0.000132814995595254
0.00012800599506590515
0.00013918698823545128
0.00013541999214794487
0.0001264830061700195
0.00012150399561505765
0.00011968999751843512
0.00012132299889344722
0.00012018099369015545
0.00012191399582661688
0.00011906899453606457
0.00011973900836892426
0.00012222499935887754
0.00018980400636792183
0.00018386199371889234
0.0001831210101954639
0.00011248599912505597
0.00011359700874891132
0.00011404800170566887
0.00010550199658609927
0.00010779699368868023
0.00011187500786036253
0.0001301890006288886
0.00011797600018326193
0.00011516999802552164
0.00011138399713672698
0.00011591200018301606
0.00011594299576245248
0.00011526100570335984
0.00011085200821980834
0.00011546099267434329
0.0001147399889305234
0.00012643200170714408
0.00011173399980179965
0.00011535100929904729
0.00011443000403232872
0.0001150310126831755
0.00011911799083463848
0.00012046100164297968
0.00012150300608482212
0.00013063999358564615
0.0001229759945999831
0.0001204009895445779
0.00011647399514913559
0.00011932900815736502
0.00012061100278515369
0.00012094200064893812
0.00011914900096599013
0.00012294600310269743
0.00012344600690994412
0.0001244489976670593
0.00019631699251476675
0.00012412799696903676
0.00011971899948548526
0.00012498899013735354
0.00012339699605945498
0.00012549999519251287
0.00011947900929953903
0.00015529700613114983
0.00012451899237930775
0.00012507000064942986
0.00013826499343849719
0.00016452600539196283
0.00012502999743446708
0.00012544100172817707
0.00012148299720138311
0.00012638300540857017
0.00012512000103015453
0.00012319599045440555
0.00012154299474786967
0.0001243479928234592
0.0001244489976670593
0.0001232960057677701
0.0001202200073748827
0.0001252999936696142
0.0001249089982593432
0.0001502679951954633
0.00012143299682065845
0.00011642300523817539
0.00012021099973935634
0.00011476999497972429
0.00012517999857664108
0.00011841699597425759
0.00011477000953163952
0.00011967000318691134
0.00011403900862205774
0.0001192579948110506
0.00011962901044171304
0.00011557199468370527
0.00011858799553010613
0.0001189479953609407
0.00012170300760772079
0.00011989999620709568
0.00012336600048001856
0.00012164301006123424
0.0001223439903696999
0.00012325600255280733
0.00011907900625374168
0.00012138199235778302
0.0001202910061692819
0.0001191689952975139
0.00012186399544589221
0.00019088599947281182
0.00018402301066089422
0.00011374900350347161
0.00011102300777565688
0.00011972998618148267
0.00011935899965465069
0.00012023000454064459
0.00011426900164224207
0.00011935899965465069
0.0001196389930555597
0.00011866800196003169
0.00011918800009880215
0.00011906800500582904
0.00011823700333479792
0.00011884700506925583
0.00012421899009495974
0.00012378700193949044
0.00011889799498021603
0.00013050100824330002
0.0001258309930562973
0.00012522999895736575
0.00011899799574166536
0.0001240379933733493
0.00012470899673644453
0.00012486999912653118
0.00012480000441428274
0.0001199100079247728
0.0001240379933733493
0.00012232399603817612
0.00012743400293402374
0.00011979900591541082
0.0001245079911313951
0.00012319600500632077
0.00012452900409698486
0.00012069199874531478
0.0001236770040122792
0.00012496999988798052
0.0001225849991897121
0.00011946899758186191
0.000123306002933532
0.00012902700109407306
0.00012362700363155454
0.00012039099237881601
0.00011737499153241515
0.00012018100824207067
0.00011944900325033814
0.00011613300011958927
0.00013549000141210854
0.00011612199887167662
0.0001185369910672307
0.0001136579958256334
0.00011412901221774518
0.00011897800141014159
0.00019135700131300837
0.00011998999980278313
0.00012191401037853211
0.00012398800754453987
0.0001188080059364438
0.0001226659951498732
0.00011898799857590348
0.00012197400792501867
0.00011871701281052083
0.00012174301082268357
0.00012206399696879089
0.00011429899313952774
0.00013225400471128523
0.00012534100096672773
0.00011952899512834847
0.00011582199658732861
0.00011878801160492003
0.00011851701128762215
0.00012101199536118656
0.00012355699436739087
0.0001233670045621693
0.00012000999413430691
0.00012242500088177621
0.00012600200716406107
0.00012481000158004463
0.00012549100210890174
0.00011858801008202136
0.00012402801075950265
0.00012466900807339698
0.0001251809881068766
0.00012850599887315184
0.00012567100930027664
0.00012475000403355807
0.00012309600424487144
0.00011906899453606457
0.00011812699085567147
0.00011346799146849662
0.00011881798855029047
0.0001136579958256334
0.00011895799252670258
0.0001140180102083832
0.0001139779924415052
0.0001309509971179068
0.00012214400339871645
0.00011864700354635715
0.0001214720105053857
0.00012011999206151813
0.00012164299550931901
0.0001244790037162602
0.00012905700714327395
0.00012288500147406012
0.00010656400991138071
0.00010324799222871661
0.00011994999658782035
0.00012017998960800469
0.00011998999980278313
0.0001243680017068982
0.00012423799489624798
0.0001236770040122792
7.517400081269443e-05
7.289899804163724e-05
7.2359005571343e-05
7.235798693727702e-05
7.19579984433949e-05
7.221900159493089e-05
0.00011732500570360571
0.00012085099297109991
0.00011572199582587928
0.00012066200724802911
0.00012604199582710862
0.0001299499999731779
0.00012315699132159352
0.00010600300447549671
0.00011979999544564635
0.00011452000762801617
0.0001201999984914437
0.0001147399889305234
0.00011496100341901183
0.00011938900570385158
0.00011860700033139437
0.00012202400830574334
0.00011882800026796758
0.0001191990013467148
0.00012105201312806457
0.0001171850017271936
0.0001144499983638525
0.00011439899390097708
0.00011827699199784547
0.00013149200822226703
0.00012056199193466455
0.00012169299589004368
0.00011483998969197273
0.00011875700147356838
0.00011889899906236678
0.00015085999621078372
0.00012944800255354494
0.00014076000661589205
0.00012052099918946624
9.202701039612293e-05
0.00036984898906666785
0.0001694550010142848
0.00015425599121954292
0.00014418699720408767
0.00012055200932081789
0.00010176499199587852
0.00014035899948794395
0.0001588239974807948
0.00012597198656294495
0.00011854800686705858
0.00011289700341876596
0.00014820400974713266
0.00030870200134813786
0.00012896698899567127
0.00011489000462461263
0.00013433799904305488
0.0002988439955515787
0.0001404289942001924
0.00014745299995411187
0.00013037001190241426
0.0001269739877898246
0.0001394070131937042
0.00017075700452551246
0.00017956399824470282
0.00010143499821424484
0.00012960899039171636
0.0001437860046280548
0.00012397799582686275
9.92299901554361e-05
0.00015618900943081826
0.00010163499973714352
0.0001194990036310628
0.00011640301090665162
0.00016132000018842518
0.00012378799146972597
0.00010145500709768385
0.00013279500126373023
0.0001289970095967874
0.0001322839962085709
0.00012559100287035108
0.00016273300570901483
0.00011723500210791826
0.00017721000767778605
0.0001365020143566653
0.00013506899995263666
0.00012628200056497008
0.00014410600124392658
0.00013802401372231543
0.0003091730031883344
9.848900663200766e-05
0.00029184899176470935
0.00013511900033336133
0.0001135380007326603
0.00017645800835452974
0.00012832599168177694
0.00029968500894028693
0.00016391401004511863
0.0001262119913008064
0.00015410500054713339
0.0001233160000992939
0.00012251500447746366
0.00012667299597524107
0.00011347800318617374
0.00015248300042003393
0.00015058899589348584
0.00014883499534334987
0.0001229759945999831
0.00013082099030725658
0.0001266730105271563
0.00012389699986670166
0.00010518199997022748
0.00010127399582415819
0.00013613099872600287
0.0001280150027014315
0.0003111159894615412
0.00013394698908086866
0.00017181900329887867
0.00015161000192165375
0.00015016799443401396
0.00015476699627470225
0.000134066998725757
0.00015557900769636035
0.00011362800432834774
0.00011513099889270961
0.00013647200830746442
0.00011983999866060913
0.0001651759957894683
0.00014127099711913615
0.0001297389972023666
0.00015823300054762512
0.0001267729967366904
0.00015290299779735506
0.00013710300845559686
0.00012247500126250088
0.00012868600606452674
0.00011707399971783161
0.0001603980053914711
0.00015772299957461655
0.00012076200800947845
0.00012719399819616228
0.0001279949938179925
0.00012612099817488343
0.00010448100510984659
0.00014386599650606513
0.0001158319937530905
0.0003044539917027578
0.00012332599726505578
0.00011360800999682397
0.00015775300562381744
0.00013445800868794322
0.00013507899711839855
0.00015762200928293169
9.934999980032444e-05
0.00011729499965440482
0.0001572420005686581
0.0003333490021759644
0.0003057669964618981
0.00014302399358712137
0.00016103900270536542
0.0001523730024928227
0.00019504400552250445
0.00017695999122224748
0.0001521420053904876
0.0001571809989400208
0.00010517099872231483
0.0001319130096817389
0.0001241979916812852
0.00012914699618704617
0.00015073901158757508
0.00014090001059230417
0.00010432999988552183
0.00030312199669424444
0.00014096000813879073
0.000170928004081361
0.00011628300126176327
0.00010574300540611148
0.00014814399764873087
0.00016794200928416103
0.0003126800002064556
0.0001390469988109544
0.00013286499597597867
0.00012720399536192417
0.00010122399544343352
0.00016441500338260084
0.00014217199350241572
0.00012662199151236564
0.00010523200035095215
0.00015696100308559835
0.0001564900012454018
0.00013876600132789463
0.00010087300324812531
0.0001258309930562973
0.00011579199053812772
0.0003095940046478063
0.00014377498882822692
0.00016742099251132458
0.00030504500318784267
0.00016350399528164417
0.00010431000555399805
0.00015422599972225726
0.00014239299343898892
0.0001383849885314703
0.00012077100109308958
0.00030882199644111097
0.00012215400056447834
9.8589007393457e-05
0.0001539249933557585
0.00014647100761067122
0.000341054008458741
0.0001432349963579327
0.00013036000018473715
0.00015730100858490914
0.00011225500202272087
0.00012807500024791807
0.00017666899657342583
0.000135880007292144
0.00015094999980647117
0.00030726900149602443
0.00013326600310392678
0.00012979900930076838
0.0001217440003529191
0.00010407900845166296
0.00014707200170960277
0.0001253910013474524
0.00012457900447770953
0.00018651799473445863
0.0001823499915190041
0.00015940600133035332
0.00013826500799041241
0.0001252899965038523
0.00015056900156196207
0.0001377239968860522
0.00010341800225432962
0.00012228399282321334
9.929999941959977e-05
0.0003342620038893074
0.0001263129961444065
0.00015718200302217156
0.00016370399680454284
0.0001142490073107183
0.00018992400146089494
0.00015500698646064848
0.0002998749987455085
0.00012119198800064623
0.00013946800027042627
0.0001244790037162602
0.00010423001367598772
0.00012128199159633368
0.00012814599904231727
0.0001278449926758185
0.00013769499491900206
0.0001413810095982626
0.00014875599299557507
0.00013801398745272309
0.00016869400860741735
0.00013372700777836144
0.0001567900035297498
0.0001445969974156469
0.00012801600678358227
0.0001439460029359907
0.00016217099619098008
0.0001273039961233735
0.00013705299352295697
0.00010438999743200839
0.00015007799083832651
0.0001258910051546991
0.00017673899128567427
0.00016627900185994804
0.00012574100401252508
0.00011978999827988446
0.00015663100930396467
0.00013669200416188687
0.00012945799971930683
0.0001582830009283498
0.00015108998923096806
0.00012065099144820124
0.00016441500338260084
0.00015267300477717072
0.00016192099428735673
0.00014686099893879145
0.0001605480065336451
0.00014290399849414825
0.00012323599366936833
0.00032325999927707016
0.00013820499589201063
0.00014254300913307816
0.00011332699796184897
0.00015184099902398884
0.00034101400524377823
0.0001285860053030774
0.00013008899986743927
0.00015713198808953166
0.00015408499166369438
0.00011730499682016671
0.00015829299809411168
0.00015264299872796983
0.0001448580005671829
0.0001478340127505362
0.00015964600606821477
0.00012701400555670261
0.00010233699867967516
0.0001599569950485602
0.00013122100790496916
0.0003102650080109015
0.00012053099635522813
0.000304172994219698
0.00015659000200685114
0.0001211320050060749
0.00014197200653143227
0.0001391969999531284
0.0001250100031029433
0.00013021999620832503
0.00017325300723314285
0.00016583800606895238
0.00015777299995534122
0.0001607979938853532
0.00011795600585173815
9.551300900056958e-05
0.00012448799679987133
0.00012358700041659176
0.0003179400082444772
0.00028469599783420563
0.0001473829906899482
0.00015202199574559927
0.00016897400200832635
0.00013684200530406088
0.00015412599896080792
0.0001878100010799244
0.00015458599955309182
0.00010214500071015209
0.00013023900100961328
0.0001494960015406832
0.00012857699766755104
0.00011927899322472513
0.00034205599513370544
0.00016274199879262596
0.00012054199760314077
0.00017754099098965526
0.00014796300092712045
0.0001822990016080439
0.0003214269963791594
0.00010677399404812604
0.00013061099161859602
0.00013877599849365652
0.00017332199786324054
0.00012279600196052343
0.0001462010113755241
0.00016383400361519307
0.0001529629953438416
0.0001261120050912723
0.00011885800631716847
0.00012573099229484797
0.00010099400242324919
0.00013801500608678907
0.0001597259979462251
0.00014493800699710846
0.0001610790059203282
0.0001403190108248964
0.00030349200824275613
0.000147743005072698
0.0001317730057053268
0.00012882699957117438
0.00012527999933809042
0.0001257109979633242
0.00012292599421925843
0.00010725601168815047
0.00016758099081926048
0.00016120000509545207
0.0001566099963383749
0.00012200401397421956
0.00014951699995435774
0.00013023900100961328
0.00021757700596936047
0.00014561900752596557
0.0003301630058558658
0.00012217399489600211
0.00012125298962928355
0.0001587250008014962
0.00015261300723068416
0.00011955900117754936
0.00013874699652660638
0.00010578299406915903
0.00010593299521133304
0.00014907598961144686
0.00010460999328643084
0.00012238499766681343
0.00011922800331376493
0.00013276499521452934
0.0001575820060679689