0.005667928999173455
0.005822156002977863
0.0059262549912091345
0.005964447991573252
0.005827996996231377
0.00536194299638737
0.005723747002775781
0.005848546003107913
0.006028171002981253
0.0058302910038037226
0.005957604997092858
0.006219938004505821
0.005442187000880949
0.0054295629961416125
0.005403763003414497
0.005816024000523612
0.00611440499778837
0.005870908993529156
0.0059984840045217425
0.005510607996257022
0.005793370000901632
0.005578779004281387
0.005737452986068092
0.005363595992093906
0.006254474006709643
0.006012280005961657
0.0063181260047713295
0.0060626570048043504
0.006327234004857019
0.0061650429997825995
0.0060879049997311085
0.006564900002558716
0.006731459012371488
0.00675193800998386
0.006521435992908664
0.005831993999890983
0.005375058011850342
0.0055632389994570985
0.00534019099723082
0.006118864999734797
0.005612614011624828
0.0054207060020416975
0.005797548990813084
0.0055567160015925765
0.005587674997514114
0.00634482700843364
0.006764992998796515
0.006132631009677425
0.005151088000275195
0.005649625003570691
0.005086143995868042
0.0055943589977687225
0.0052561510092346
0.005358376001822762
0.005232063995208591
0.005322768003679812
0.005324571000528522
0.005160946995601989
0.0061267999990377575
0.005997041007503867
0.006184640995343216
0.005756118000135757
0.006467652987339534
0.005590792003204115
0.005569952001678757
0.0060209060029592365
0.005752551995101385
0.005292098998324946
0.0053549200092675164
0.005456935003167018
0.005140537992701866
0.0051588829956017435
0.0050987979921046644
0.005885075996047817
0.0051831599994329736
0.0051063319988315925
0.005305694998241961
0.00549553899327293
0.005640607996610925
0.0052459510043263435
0.005357605012250133
0.0059743080055341125
0.005485208996105939
0.005485178990056738
0.005470981996040791
0.005668671001330949
0.005313118992489763
0.005260669000563212
0.005577936986810528
0.00531372100522276
0.005338467992260121
0.005222545005381107
0.0054688170057488605
0.005677077002474107
0.004592526995111257
0.006634792996919714
0.005356301990104839
0.00594531100068707
0.00557601400942076
0.022659694994217716
0.01592991000507027
0.014417137994314544
0.016874531997018494
0.01733136699476745
0.01766435499303043
0.01683316199341789
0.019567907002056018
0.018582296004751697
0.002734614987275563
0.0028393450047587976
0.0026412349980091676
0.002669699999387376
0.0023365309898508713
0.0023951839975779876
0.004537592001724988
0.0080575619940646
0.00827886701154057
0.009095914007048123
0.0022207490110304207
0.0019507610122673213
0.0019997249910375103
0.002061362989479676
0.002091500995447859
0.0022996799962129444
0.004850872996030375
0.00991311100369785
0.0039328919956460595
0.002938564997748472
0.0026354750007158145
0.002692663998459466
0.003124862996628508
0.0031539379997411743
0.0033531100052641705
0.003213031988707371
0.0036047230096301064
0.0031381680018967018
0.0032007179979700595
0.0029059230000711977
0.002658949000760913
0.003275120005127974
0.0034931490081362426
0.003371565995621495
0.003138277999823913
0.003419927990762517
0.003313524997793138
0.0029552269988926128
0.002617539998027496
0.003301570992334746
0.003106727992417291
0.0033455560042057186
0.0030031890055397525
0.0032434400054626167
0.0032559240062255412
0.003252257010899484
0.002870394993806258
0.003345916004036553
0.003493889991659671
0.0027841589908348396
0.0028230539901414886
0.0028322520083747804
0.003021134005393833
0.0041527330031385645
0.003929685990442522
0.0032320690079359338
0.0033851620100904256
0.0035465420078253374
0.004226404998917133
0.0036300820065662265
0.003406802992685698
0.003576508999685757
0.003966948002926074
0.003453744007856585
0.0032797900057630613
0.004043573993840255
0.0035712489916477352
0.003573604000848718
0.0032569960021646693
0.0033707949914969504
0.0033500950084999204
0.0039445139991585165
0.0038173209904925898
0.003552392008714378
0.003966267002397217
0.010914692000369541
0.0069379250053316355
0.010725799002102576
0.0029970080067869276
0.00608049999573268
0.00489206200290937
0.009155507999821566
0.011056884002755396
0.007114523992640898
0.004381232996820472
0.006760985997971147
0.007166794006479904
0.006897847997606732
0.010388342008809559
0.013534707002690993
0.005498904996784404
0.010736811003880575
0.013835692996508442
0.007988040000782348
0.007152987003792077
0.006914729994605295
0.011120075985672884
0.011533979995874688
0.013334462011698633
0.007949163991725072
0.0052768099994864315
0.0032737480069044977
0.0135153290029848
0.012076871003955603
0.008581426009186544
0.012074094993295148
0.006742019992088899
0.00752767598896753
0.008046902003115974
0.004572189005557448
0.0049708629958331585
0.009334119997220114
0.01141375899896957
0.011120176000986248
0.004700564997619949
0.0058465620095375925
0.008769127001869492
0.007989863006514497
0.0045992499944986776
0.013906460008001886
0.005398273002356291
0.012166671993327327
0.005229479007539339
0.0045443749986588955
0.007951428997330368
0.011917234005522914
0.015175733002251945
0.005693729006452486
0.005503783992026001
0.009947045997250825
0.00458868000714574
0.007162355002947152
0.011995034001301974
0.014011699997354299
0.005739316999097355
0.004330084004322998
0.006873631005873904
0.003275822993600741
0.013488576994859613
0.004779416005476378
0.004697468000813387
0.005493985998327844
0.005235861011897214
0.008996794000267982
0.010207946004811674
0.004817888999241404
0.007748781004920602
0.0036699780030176044
0.006351781004923396
0.006829267003922723
0.005188551003811881
0.005239217993221246
0.009047401006682776
0.010966832007397898
0.007336098002269864
0.0038962719991104677
0.008691969007486477
0.006464496997068636
0.010556403998634778
0.010225650010397658
0.006718664997606538
0.0049053469992941245
0.005655394998029806
0.009075995010789484
0.006427565997000784
0.003015223002876155
0.010647770002833568
0.004129759996430948
0.004683912004111335
0.015083186008268967
0.008665517991175875
0.004614057994331233
0.005145817995071411
0.012703140993835405
0.00700913199398201
0.006872850994113833
0.013086627004668117
0.004876150997006334
0.0034641030069906265
0.005284844999550842
0.004534815991064534
0.0041906760015990585
0.003516825003316626
0.005094119012937881
0.005638151997118257
0.010083437999128364
0.00829236299614422
0.011849223999888636
0.005660965995048173
0.006114296003943309
0.006184009005664848
0.004333760996814817
0.00523254499421455
0.008412082999711856
0.002750113999354653
0.002938254998298362
0.003994931001216173
0.015746406992548145
0.012029479010379873
0.009926726008416153
0.005259487006696872
0.0028583109960891306
0.0024095709959510714
0.006246870005270466
0.00289589399471879
0.009151730002486147
0.004768494996824302
0.006026297007338144
0.0023742730118101463
0.011666653997963294
0.004545386997051537
0.008838280002237298
0.008869058001437224
0.004854650003835559
0.009642361997975968
0.004261752008460462
0.005659303002175875
0.00602614700619597
0.012326038005994633
0.010753572001704015
0.005102876006276347
0.0039018919924274087
0.008012566002435051
0.008938892002333887
0.0060925339930690825
0.008769287000177428
0.005234948999714106
0.0046841629955451936
0.005913640998187475
0.0048340710054617375
0.005982732996926643
0.008520789997419342
0.006552304999786429
0.0050823260098695755
0.002883219000068493
0.004662110994104296
0.012312231992837042
0.01029285900585819
0.00451721299032215
0.005919481991440989
0.00796639799955301
0.00392104999627918
0.004885589994955808
0.007519659993704408
0.008761923993006349
0.004964079998899251
0.005097355009638704
0.004211275998386554
0.004143636993831024
0.004754508001497015
0.010217995004495606
0.009924562007654458
0.0045936199894640595
0.006958344005397521
0.009428150005987845
0.011065680999308825
0.0010659440013114363
0.0023218319984152913
0.0013348299980862066
0.0010056480095954612
0.0024333470064448193
0.002783447998808697
0.0030219150066841394
0.0022603239922318608
0.0017465900018578395
0.007798996986821294
0.005485109009896405
0.003946497992728837
0.002831610996508971
0.00471002199628856
0.0022490129922516644
0.0019396199932089075
0.0018500680016586557
0.0020827340049436316
0.003345616001752205
0.0029396280006039888
0.002775521992589347
0.0025640980020398274
0.002983612008392811
0.0025691769988043234
0.0025659399980213493
0.0028957229951629415
0.002964175000670366
0.0026573960058158264
0.0031652000034227967
0.0046493559930240735
0.0017473909974796697
0.002346249995753169
0.002081151003949344
0.0035009540006285533
0.002151766006136313
0.0019397500000195578
0.0021609340037684888
0.0021343730040825903
0.002327444002730772
0.0018835920054698363
0.001490298003773205
0.0015836169914109632
0.0028187160060042515
0.0033150980016216636
0.0026337710005464032
0.002382339007453993
0.0025156350020552054
0.002927743989857845
0.002734003006480634
0.00401664299715776
0.0023646649933652952
0.0012629320117412135
0.0016055489977588877
0.0014312350103864446
0.0015261969965649769
0.0015087640058482066
0.0015274190081981942
0.0015802200068719685
0.001627491001272574
0.001363445000606589
0.001575030997628346
0.0016478100005770102
0.001662016991758719
0.0030069970089243725
0.0027151570102432743
0.0026384999946458265
0.002810630001476966
0.0026891470042755827
0.0026550520124146715
0.0027658240142045543
0.0026144339935854077
0.002634502001455985
0.0013984809920657426
0.001840750002884306
0.003586277991416864
0.004473319000680931
0.003179637002176605
0.004783614000189118
0.005995268002152443
0.005202246000408195
0.004915926998364739
0.001777518991730176
0.001566342994919978
0.0015589999966323376
0.004006193004897796
0.0029808969993609935
0.007328213003347628
0.002916022000135854
0.002812542996252887
0.0029446879925671965
0.0038196959940250963
0.002677784999832511
0.002022047992795706
0.001581602991791442
0.005060234005213715
0.004275629995390773
0.003437612991547212
0.007145323004806414
0.0067904820025432855
0.007701409995206632
0.007821690000128001
0.007363190001342446
0.0071403729962185025
0.006997290009167045
0.006019953987561166
0.00716311699943617
0.0071615240012761205
0.007012668007519096
0.00636590899375733
0.006277398992097005
0.0070801580004626885
0.006952262003323995
0.007549528003437445
0.006278200002270751
0.006454128000768833
0.0063264030031859875
0.007411954007693566
0.007292605005204678
0.006400083992048167
0.0043984249932691455
0.005388222998590209
0.005165647002286278
0.004755360001581721
0.00441935499839019
0.005175375001272187
0.006676334000076167
0.006488804006949067
0.005811214999994263
0.0018680829962249845
0.0017903429979924113
0.001668579992838204
0.0019294000085210428
0.001756387995555997
0.003905891004251316
0.0043175999890081584
0.003564867001841776
0.004330415002186783
0.003760933002922684
0.003866846003802493
0.003988629003288224
0.004560134999337606
0.004780497009051032
0.004018185994937085
0.004091285998583771
0.00188623700523749
0.0048452820046804845
0.0044765049970010296
0.0039641820039832965
0.004034236000734381
0.003884739999193698
0.0032206659961957484
0.0033498039992991835
0.0031821029988350347
0.004645758992410265
0.004240982991177589
0.002774951994069852
0.0035284360055811703
0.003834613991784863
0.0048814119945745915
0.004178824005066417
0.0038588900060858577
0.003995842998847365
0.004818401008378714
0.005657329005771317
0.0035360110050532967
0.004443591999006458
0.004028876006486826
0.0032056479976745322
0.004152483001234941
0.0037329890037653968
0.004817888999241404
0.0043731870100600645
0.0028789409989258274
0.004280057997675613
0.00396922200161498
0.003920779010513797
0.004136622999794781
0.00483630399685353
0.005752121011028066
0.003590426000300795
0.004339663006248884
0.0018744249973678961
0.0018279049982083961
0.0018828600004781038
0.0019096820033155382
0.0036349199945107102
0.0032692300010239705
0.004481603988097049
0.004683512001065537
0.002959977005957626
0.004526420001639053
0.0017668079963186756
0.0017133960063802078
0.0016368990036426112
0.0018072660022880882
0.0016895599983399734
0.0018902149895438924
0.0017258099978789687
0.0016662850102875382
0.0018881410069298
0.0019436080037849024
0.001692625999567099
0.0017152390064438805
0.0016685489972587675
0.005030437008826993
0.0015355350042227656
0.0033653540012892336
0.004177301001618616
0.004245071002515033
0.0029005019896430895
0.004148214997258037
0.004388956993352622
0.006146596992039122
0.00443147899932228
0.0053939539939165115
0.004400769001222216
0.0042197620059596375
0.004575975995976478
0.0033530599903315306
0.004566557006910443
0.0035686740011442453
0.007874753006035462
0.0030721020011696965
0.0027527700003702193
0.002320760002476163
0.002198707006755285
0.00539469500654377
0.003918945993063971
0.0045374019973678514
0.0017386740073561668
0.0018619909969856963
0.0016671369958203286
0.0016767850029282272
0.001761537991114892
0.001689089011051692
0.0016544919926673174
0.0016768549976404756
0.0016946090036071837
0.0016523689992027357
0.0017810759891290218
0.0016410969983553514
0.0017561679997015744
0.0017418100032955408
0.001723985988064669
0.00186165000195615
0.0017820170032791793
0.0016382219910155982
0.0016593720065429807
0.0016594629996689036
0.0016260779957519844
0.00197093999304343
0.001687565993051976
0.0016642520058667287
0.0017724400095175952
0.0016893699939828366
0.0016994400066323578
0.0016458159952890128
0.0016005200013751164
0.001715960999717936
0.0016215900104725733
0.001652207996812649
0.0017049190064426512
0.004054364995681681
0.004603106994181871
0.0069848749990342185
0.006319970008917153
0.0017306390072917566
0.0017740019975462928
0.0017691429966362193
0.0017296769947279245
0.001843335005105473
0.0016564769903197885
0.001635987006011419
0.001689769997028634
0.001674320999882184
0.0020398420019773766
0.0016608949954388663
0.0016899509937502444
0.001722774002701044
0.0017469699960201979
0.0017097579984692857
0.0016883280040929094
0.0016408359952038154
0.0016699830011930317
0.0016875060100574046
0.0016618160007055849
0.001775655007804744
0.0016397750005126
0.0016312590014422312
0.0016072129947133362
0.00204570300411433
0.0026203460001852363
0.00359629699960351
0.003101677997619845
0.003381845002877526
0.00239422099548392
0.0025306239986093715
0.002270013006636873
0.0026198039995506406
0.0016804729966679588
0.0020457229984458536
0.001814520001062192
0.001752791999024339
0.007565688996692188
0.007607258012285456
0.0067658359912456945
0.006825450007454492
0.007692232000408694
0.007321600991417654
0.007047785009490326
0.0019447099912213162
0.0016583399992669001
0.007116898996173404
0.00712900199869182
0.0033040859998436645
0.0018785730062518269
0.006115276992204599
0.0035203110019210726
0.0024720100045669824
0.002033388998825103
0.0016464979999000207
0.003192372008925304
0.0033899109985213727
0.002550261007854715
0.003136154991807416
0.0021552029938902706
0.0039207289955811575
0.0050993289914913476
0.0016733089869376272
0.006765273996279575
0.01636328099993989
0.008058915002038702
0.002978221993544139
0.0025979319907492027
0.010542527001234703
0.0066144549928139895
0.0017465889977756888
0.0020940760005032644
0.0035428539995336905
0.0033384830021532252
0.0019289990013930947
0.0019427749939495698
0.001753192991600372
0.001730919990222901
0.0017521599947940558
0.0019547890115063637
0.0017342860082862899
0.0016479800106026232
0.0016266690072370693
0.0016544719983357936
0.0017468499863753095
0.0017133460059994832
0.0027978160069324076
0.0021430399938253686
0.001678297994658351
0.0017542940040584654
0.0016638810047879815
0.0016262090066447854
0.00165107699285727
0.0016130930016515777
0.0016964230017038062
0.0017070839967345819
0.0023577719985041767
0.002673547001904808
0.0026488800067454576
0.0027104280015919358
0.0026323979982407764
0.002562713998486288
0.002918486003181897
0.003998147003585473
0.0028932980058016255
0.0037818829878233373
0.003526822998537682
0.00356352400558535
0.0034813859965652227
0.0024579230084782466
0.0032921439997153357
0.0030536760023096576
0.003529036999680102
0.0077661840041400865
0.003371434999280609
0.005084360993350856
0.004020861000753939
0.003438504005316645
0.0036837740044575185
0.006255075000808574
0.006636567006353289
0.0034956040035467595
0.0028808850038331
0.002362411003559828
0.010770043998491019
0.004609540003002621
0.0037864920013817027
0.0028713260107906535
0.00830669999413658
0.007470907992683351
0.008894556987797841
0.003995984006905928
0.003554126000381075
0.005497552992892452
0.0038665549946017563
0.0037813920062035322
0.007101057999534532
0.003745744004845619
0.0028281139966566116
0.004907440990791656
0.002765343990176916
0.00409439200302586
0.0028225029964232817
0.004402792998007499
0.009078028990188614
0.00537188199814409
0.0020161970023764297
0.0032704420009395108
0.003998688000137918
0.0038863130030222237
0.003773375996388495
0.0026164879964198917
0.0026533589989412576
0.0036641869955928996
0.002468213002430275
0.0025906179944286123
0.0033065510069718584
0.00691907899454236
0.0050717169942799956
0.005537218996323645
0.002292777004186064
0.0042449710017535836
0.0020005459955427796
0.0035794639989035204
0.004882483000983484
0.005515937999007292
0.003639057991676964
0.0018749459995888174
0.004648054004064761
0.004852746002143249
0.0020411139994394034
0.003019781011971645
0.0040977989992825314
0.0013593569892691448
0.0033299759961664677
0.0033987679926212877
0.004477747002965771
0.004329132003476843
0.0029379040061030537
0.005228016001638025
0.0021528180077439174
0.00630849800654687
0.010912407000432722
0.0018623609939822927
0.002256456995382905
0.0028900120087200776
0.008148597000399604
0.004127045001951046
0.004962738006724976
0.0033718060003593564
0.0018382349953753874
0.0025000940077006817
0.0018019260023720562
0.0021250749996397644
0.00169080299383495
0.0025012870028149337
0.003862687008222565
0.0027754030015785247
0.0018597470043459907
0.00555163600074593
0.002375936004682444
0.0032978749950416386
0.0029647550109075382
0.0023507279984187335
0.0033921050053322688
0.0030009649926796556
0.0029434140014927834
0.002188897007727064
0.003128449010546319
0.0033676979946903884
0.0021450030035339296
0.0023835210013203323
0.005110509999212809
0.0032536990038352087
0.0023825390089768916
0.006009124001138844
0.003823923005256802
0.003894859997672029
0.003173476012307219
0.004981583988410421
0.00230694399215281
0.0037103950016899034
0.00640344999555964
0.006854855993879028
0.003991093995864503
0.004971433998434804
0.003460456005996093
0.003557260992238298
0.003118690990959294
0.0046361109998542815
0.0031784260063432157
0.0030001440027263016
0.0022491929994430393
0.0023627710033906624
0.003614201006712392
0.0024154120037565008
0.001816955002141185
0.002750544997979887
0.005360800991184078
0.004531070007942617
0.0023660080041736364
0.0019483570067677647
0.002539439999964088
0.004026100999908522
0.0036771820014109835
0.0021869440097361803
0.0038187930040294304
0.004120392011827789
0.0034387949999654666
0.0017413690075045452
0.0031761209975229576
0.002237199994851835
0.003436409999267198
0.003835887007880956
0.003720945998793468
0.0018872990040108562
0.002474235006957315
0.0018640250054886565
0.006444418002502061
0.00414691299374681
0.002430741995340213
0.0019942450016969815
0.005006179999327287
0.006540372996823862
0.0023039989901008084
0.0036783349933102727
0.0017731500120135024
0.0036759700014954433
0.010087495000334457
0.004217488007270731
0.0030596980068366975
0.0021585490030702204
0.0020520859980024397
0.0018451279902365059
0.0034898820013040677
0.006212484004208818
0.004541299000266008
0.004260310000972822
0.001956242005690001
0.003173856995999813
0.002396376003162004
0.0040357999969273806
0.0016992379969451576
0.00857883199932985
0.0025566030089976266
0.00334986399684567
0.0019810790108749643
0.00474894700164441
0.0030558700091205537
0.002418236996163614
0.0032065800041891634
0.004072009003721178
0.0018547369982115924
0.007904910002253018
0.0016824459889903665
0.0032786779920570552
0.0034142479998990893
0.005427327996585518
0.004472636996069923
0.002024993998929858
0.00443876298959367
0.002834105005604215
0.0028494339931057766
0.0020628260099329054
0.003298716008430347
0.002165893994970247
0.0047446590033359826
0.0027394530043238774
0.0020234609983162954
0.003817702003289014
0.004327378992456943
0.0019216149958083406
0.005099339003209025
0.0029087180009810254
0.0022286540042841807
0.0023992510105017573
0.0031548400002066046
0.004819431997020729
0.004707337997388095
0.008508026003255509
0.005754926998633891
0.0043551720009418204
0.006955258009838872
0.005970810001599602
0.004137373995035887
0.004045719004352577
0.0050160399987362325
0.0024067060003289953
0.002337252997676842
0.004350182993221097
0.0023636030091438442
0.005906416001380421
0.004426839004736394
0.0024789040035102516
0.005007063009543344
0.0035763890045927837
0.002992317997268401
0.0025409719964955
0.002489524005795829
0.0028426609933376312
0.003836157004116103
0.0034927379892906174
0.002555982006015256
0.0055667859996901825
0.005045284997322597
0.007225957000628114
0.0030351299938047305
0.003766683003050275
0.0038218800036702305
0.008365342990146019
0.0036358229990582913
0.0070079300057841465
0.004804443989996798
0.004287090996513143
0.004144026999711059
0.0019986630068160594
0.0028057710005668923
0.004797350004082546
0.0026634679961716756
0.0033757140045054257
0.0033634800056461245
0.0032932259928202257
0.006701991995214485
0.0022283230064203963
0.0032392120047006756
0.002150914995581843
0.004282592999516055
0.0019390080124139786
0.0026871129957726225
0.0018505990010453388
0.005878854004549794
0.002433686997392215
0.0023469010047847405
0.004440915989107452
0.003452119999565184
0.002665191001142375
0.0034768879995681345
0.0021844889997737482
0.0036243600043235347
0.006089759001042694
0.0031656210048822686
0.004407561995321885
0.0032744789932621643
0.002127069004927762
0.003518748009810224
0.005747142000473104
0.0032517859945073724
0.001634945991099812
0.005084180011181161
0.004051609997986816
0.002342072009923868
0.0047338779986603186
0.0017744530050549656
0.0015297829959308729
0.0017307889938820153
0.003048697006306611
0.0020650899969041348
0.0027800419920822605
0.004851203004363924
0.0034993310109712183
0.0031565530080115423
0.004006533010397106
0.0028611570014618337
0.006976990000111982
0.0027965929912170395
0.007641214004252106
0.0023485240089939907
0.002176444002543576
0.01044366900168825
0.003860312994220294
0.004343320004409179
0.0021303059911588207
0.005098348003230058
0.002006208000238985
0.0048127699992619455
0.0034875879937317222
0.00601312100479845
0.0024920489959185943
0.0023441749945050105
0.003297424002084881
0.0038018009945517406
0.0019765100005315617
0.005119538007420488
0.0021777660003863275
0.004110993002541363
0.004319463012507185
0.005404152994742617
0.0025925009977072477
0.005083018011646345
0.0035327449877513573
0.0026542310079094023
0.0016848910017870367
0.004777201989782043
0.004089763009687886
0.0045628500083694234
0.003108642005827278
0.0061649520066566765
0.002698344993405044
0.002518570006941445
0.0026920430100290105
0.004412340989802033
0.0035350599937373772
0.0020312159904278815
0.0020763020002050325
0.003822099999524653
0.004008467993116938
0.004484149991185404
0.004322669992689043
0.004722686993773095
0.005854848990566097
0.005491531002917327
0.0017440849915146828
0.0019623129919636995
0.0029176050011301413
0.004101505997823551
0.001778220001142472
0.006299351007328369
0.0025512830034131184
0.003619462004280649
0.00204529199982062
0.0031327680044341832
0.0023710169916739687
0.0028499050094978884
0.003225084990845062
0.004570545002934523
0.002601037995191291
0.002237371008959599
0.0031723529973533005
0.002607079004519619
0.0025568729906808585
0.005975630003376864
0.0032718550064601004
0.004508956990321167
0.006432556008803658
0.0019694259972311556
0.006052306009223685
0.004645078006433323
0.003226617001928389
0.015468675002921373
0.010267649995512329
0.005414814004325308
0.004610902993590571
0.004679593999753706
0.004742595003335737
0.005464860005304217
0.004862204994424246
0.004723118006950244
0.004752394001116045
0.005082827003207058
0.004825373995117843
0.005189732008147985
0.005231994000496343
0.005788169990410097
0.00490841300052125
0.004883564994088374
0.005041277996497229
0.005528060995857231
0.005198478989768773
0.0050073129968950525
0.004750149993924424
0.005560452991630882
0.004778874004841782
0.00502637900353875
0.0046965969959273934
0.005170246004126966
0.004693300012149848
0.004754156994749792
0.0047283070016419515
0.0030222359928302467
0.0038816640008008108
0.019041906998609193
0.007084557000780478
0.007210998999653384
0.010311613994417712
0.009876630996586755
0.012269088998436928
0.011866998000186868
0.01121699099894613
0.012105835994589143
0.013356965995626524
0.01279497699579224
0.01434237499779556
0.015389954001875594
0.00320476500201039
0.0029666290065506473
0.0032969730091281235
0.0030089909996604547
0.003664436997496523
0.0037672750040655956
0.0030049230117583647
0.003213201998732984
0.0033189550013048574
0.003129260992864147
0.0036511020007310435
0.0033784789993660524
0.003241927013732493
0.003216048004105687
0.0031091330019989982
0.0030643159989267588
0.0036055039963684976
0.00324188701051753
0.0030520830041496083
0.0030193910060916096
0.0031376269907923415
0.011528347997227684
0.006397017990821041
0.004735422000521794
0.005237274002865888
0.00496536199352704
0.005065453995484859
0.004722016004961915
0.005061746996943839
0.004834541003219783
0.0046082680055405945
0.00460852800460998
0.004345544002717361
0.005350601000827737
0.004186157995718531
0.004721364006400108
0.00426428799983114
0.0051937709940830246
0.004403514991281554
0.004446798004209995
0.0043081920011900365
0.004406360007124022
0.00493848099722527
0.004714040012913756
0.0046486649953294545
0.00452580901037436
0.005085493001388386
0.004498456008150242
0.004542360999039374
0.006550090998644009
0.005413491991930641
0.004362777006463148
0.004678432000218891
0.004233839994412847
0.004561146997730248
0.00420901199686341
0.004260820991476066
0.0050388730014674366
0.005359196991776116
0.007245134009281173
0.008207539998693392
0.006453506008256227
0.006517068002722226
0.006431955000152811
0.00543009300599806
0.0054933450010139495
0.007285111001692712
0.010295094005414285
0.017298243998084217
0.005956373002845794
0.0055025929905241355
0.006250076010474004
0.0055221700022229925
0.005597363997367211
0.006878190994029865
0.005909122002776712
0.005907779996050522
0.005949280006461777
0.005631820997223258
0.00568208699405659
0.005370099010178819
0.006795451990910806
0.005452065001009032
0.005616019989247434
0.005572846988798119
0.005527650995645672
0.005371371007640846
0.005412389989942312
0.006213966989889741
0.005680743997800164
0.00611121000838466
0.0054030110040912405
0.005281007994199172
0.005718877000617795
0.006022891000611708
0.00557470100466162
0.005575461997068487
0.008425849009654485
0.002175351997721009
0.0020540389959933236
0.002148870989913121
0.0020749089890159667
0.002058226993540302
0.002129664004314691
0.002167717000702396
0.002584286005003378
0.0022673889907309785
0.002143820995115675
0.0021249049896141514
0.0021800999966217205
0.0022592329914914444
0.0021079930011183023
0.002090078007313423
0.002253080005175434
0.0030797859944868833
0.0024421940033789724
0.0023880490043666214
0.002370725997025147
0.002398719996563159
0.002607319998787716
0.0025660310056991875
0.002504792995750904
0.0029682519962079823
0.0026812220021383837
0.002246187999844551
0.002262598995002918
0.002365976994042285
0.0022862549958517775
0.002309249000973068
0.0025404619955224916
0.0031250439933501184
0.0025803089956752956
0.0024986409989651293
0.0025658609956735745
0.0026710120000643656
0.002570549986558035
0.0025483170029474422
0.002713383990339935
0.00280323599872645
0.002274482001666911
0.0019913990108761936
0.0021049670031061396
0.002188988000852987
0.0020861509983660653
0.002116640011081472
0.0020911309984512627
0.0025778940034797415
0.0022961429931456223
0.0019633049960248172
0.002162417004001327
0.002154922010959126
0.0022052490094210953
0.002110367000568658
0.002118452001013793
0.0021536099957302213
0.0024795950012048706
0.0023389749985653907
0.0020135719969403
0.001923347997944802
0.002411113993730396
0.002255506013170816
0.0022909239924047142
0.002088515000650659
0.0022579999931622297
0.002704947008169256
0.002418247007881291
0.0020871929882559925
0.0021092149981996045
0.0021505940094357356
0.0020978730026399717
0.0021469069906743243
0.0020687979995273054
0.0021103170001879334
0.002541544003179297
0.002173818997107446
0.0021280310029396787
0.0021176809968892485
0.0021563149930443615
0.0026333400019211695
0.002110777990310453
0.002174961002310738
0.0020632369996747
0.00392864499008283
0.0038155270012794062
0.003863478996208869
0.004404396997415461
0.004080696002347395
0.00390251399949193
0.0037387400079751387
0.0037165469984756783
0.004321678003179841
0.0041763089975574985
0.003942590992664918
0.0038820850022602826
0.0037752999924123287
0.004619399012881331
0.0038385219959309325
0.0039055700035532936
0.0037592290027532727
0.003731064993189648
0.004321257001720369
0.0036993139947298914
0.00383303000126034
0.003965765004977584
0.003762324995477684
0.004607676004525274
0.0038598819955950603
0.004049526003655046
0.003958161003538407
0.0037180000072112307
0.0048779339995235205
0.00447653399896808
0.004748475999804214
0.004367756002466194
0.004659676007577218
0.004744559002574533
0.00438948800729122
0.004412933005369268
0.004311298005632125
0.005023073012125678
0.004277873988030478
0.004435516006196849
0.0042670639959396794
0.00416810299793724
0.005059792994870804
0.004393365001305938
0.004785707002156414
0.004733387002488598
0.004925877001369372
0.0044428200053516775
0.004480953008169308
0.0042849479941651225
0.005383083989727311
0.004571596989990212
0.004804933996638283
0.004510740996920504
0.004530789010459557
0.004435666007339023
0.004450395004823804
0.0050432610005373135
0.004652021001675166
0.004378477009595372
0.004358318998129107
0.004487675993004814
0.0050918350025312975
0.004374409007141367
0.0044448539993027225
0.004626683003152721
0.0050015619926853105
0.004368206995422952
0.00448526100080926
0.004671378992497921
0.005143083006259985
0.004561558002023958
0.004411289992276579
0.00429577799513936
0.004150218999711797
0.004650247996323742
0.0042856389918597415
0.0043921530013903975
0.004469601990422234
0.004709371001808904
0.004995619994588196
0.004628716997103766
0.004367005007225089
0.004566215997328982
0.005179172003408894
0.004418893993715756
0.004540877998806536
0.004321407002862543
0.005288871994707733
0.004673874005675316
0.0045152079983381554
0.004328971990616992
0.004208961996482685
0.005115499996463768
0.004353779993834905
0.0042834650084842
0.004361564002465457
0.005003705999115482
0.004465153004275635
0.004458320006961003
0.004548814002191648
0.004765568999573588
0.004448300998774357
0.004693620998295955
0.005196104000788182
0.004540447000181302
0.004523936004261486
0.004674144001910463
0.0051929990004282445
0.004737634997582063
0.004788694001035765
0.0044052880111848935
0.004976323005394079
0.004390029003843665
0.004586605995427817
0.004230574006214738
0.0042482569988351315
0.0052928400109522045
0.004843549002544023
0.004939122009091079
0.005662128998665139
0.005280425990349613
0.004613848999724723
0.004464661993551999
0.004274538005120121
0.005144695998751558
0.004620420993887819
0.004467827995540574
0.00437669298844412
0.004828270000871271
0.004339352002716623
0.004273084006854333
0.004283344009309076
0.004150630004005507
0.005052499996963888
0.004241494010784663
0.004374409007141367
0.004223750001983717
0.0045483330031856894
0.004447459010407329
0.004284176000510342
0.004798231006134301
0.004332609008997679
0.005500618994119577
0.0042217959999106824
0.004716103998362087
0.004190776991890743
0.0048933640064205974
0.004089863010449335
0.004207999998470768
0.0045745329989586025
0.00438596100138966
0.004927779998979531
0.004455183996469714
0.004212468003970571
0.00413759499497246
0.0032317069999407977
0.00405958500050474
0.0032644599996274337
0.0031990550050977618
0.0037307640013750643
0.0034567289985716343
0.0034194180043414235
0.0032345630024792627
0.0032258459978038445
0.003312992994324304
0.004273885992006399
0.0036651679984061047
0.0036149520019534975
0.003504691005218774
0.0031982629880076274
0.0038552629994228482
0.0034960240009240806
0.003122829002677463
0.0033174419950228184
0.0034633920004125684
0.0032271489908453077
0.0036973410024074838
0.0036273759906180203
0.00318547899951227
0.0032546309957979247
0.0032292329997289926
0.003182202999596484
0.0038247549964580685
0.005510117000085302
0.007613090012455359
0.007927823011414148
0.003378117995453067
0.0030881120037520304
0.005075702996691689
0.0032168290053959936
0.004892912998911925
0.005665685006533749
0.005491021001944318
0.004275639003026299
0.005144454989931546
0.0036830629978794605
0.005983415001537651
0.005276819996652193
0.004616513004293665
0.00426287499431055
0.004519155991147272
0.007857327989768237
0.005269555011182092
0.007162324996897951
0.005814300995552912
0.010574148007435724
0.009647772007156163
0.003931870000087656
0.0029095000063534826
0.004627564994734712
0.00532739600748755
0.004733406996820122
0.004410759007441811
0.0033747819979907945
0.0028616979980142787
0.003915038003469817
0.006690770998829976
0.0022925860102986917
0.006539651003549807
0.004545386997051537
0.0033549939980730414
0.0054029519960749894
0.006079869010136463
0.0029556780064012855
0.007298085998627357
0.003253880000556819
0.01123191999795381
0.005145438000909053
0.010955851001199335
0.005733805999625474
0.003668404999189079
0.005045194993726909
0.005214639997575432
0.00883334998798091
0.004383766994578764
0.0021125820057932287
0.007090829007211141
0.008217219001380727
0.004918432008707896
0.003019349998794496
0.003081339003983885
0.007826729997759685
0.011293378003756516
0.00533784698927775
0.010936171995126642
0.00808429300377611
0.006656104989815503
0.0037245730054564774
0.004632374009815976
0.004919685001368634
0.0069636849948437884
0.005501008999999613
0.005132022008183412
0.007250535010825843
0.0037840269942535087
0.0044313279940979555
0.001986969989957288
0.004202309006359428
0.007512777010560967
0.002675601004739292
0.005972362996544689
0.004006041999673471
0.01058151200413704
0.007474414000171237
0.004188973005511798
0.003905941004632041
0.005395788000896573
0.0022650040045846254
0.0029348990065045655
0.004287372008548118
0.003066831995965913
0.004020941007183865
0.004335413992521353
0.005944449992966838
0.003757345999474637
0.0037817130069015548
0.0037142829969525337
0.01637606500298716
0.007677483998122625
0.006248452991712838
0.008599751992733218
0.002523028990253806
0.0036968100030208007
0.0037958199973218143
0.005384546995628625
0.003977478001615964
0.005348487000446767
0.00446298900351394
0.0029686130001209676
0.004993114998796955
0.006242392002604902
0.0100339630007511
0.002883889988879673
0.006496267989859916
0.006407839013263583
0.005051718006143346
0.00358033599331975
0.003530631001922302
0.0040546459931647405
0.004627744987374172
0.0024220439954660833
0.0033816039940575138
0.004469671999686398
0.0031074589933268726
0.003085066011408344
0.005462175002321601
0.0030922000005375594
0.010231150998151861
0.0044132230104878545
0.004508886995608918
0.007196731996373273
0.004085394000867382
0.003625532001024112
0.0032660129945725203
0.004073632997460663
0.01024216199584771
0.0036822209949605167
0.00426699299714528
0.009589339009835385
0.004744007994304411
0.0035019859933527187
0.0035320629976922646
0.0032022110099205747
0.0039404359995387495
0.008826748002320528
0.004378767000162043
0.0029597859975183383
0.006759733994840644
0.003877215989632532
0.00575932499486953
0.003113840997684747
0.004129038003156893
0.01019083299615886
0.0032789480028441176
0.01024381500610616
0.004483056996832602
0.003534748000674881
0.006342102002236061
0.005709780001780018
0.005622212003800087
0.009436526001081802
0.0037550510023720562
0.002352209994569421
0.00460186498821713
0.004695936004281975
0.009718989007524215
0.0036995650007156655
0.010412859002826735
0.004310705990064889
0.004356475008535199
0.01270090599427931
0.011307495005894452
0.004164486002991907
0.005183360000955872
0.004182891992968507
0.004491874002269469
0.0039834089984651655
0.004795166008989327
0.004836054009501822
0.006988331995671615
0.0053044219966977835
0.0036835539940511808
0.004083610998350196
0.0034215510095236823
0.004680395999457687
0.0037847880012122914
0.003756474005058408
0.004715032002422959
0.002545631999964826
0.004583820002153516
0.005432507998193614
0.0039208990056067705
0.0036241400084691122
0.0038904510001884773
0.006551294005475938
0.004421709993039258
0.00399977999040857
0.003914857006748207
0.006479736999608576
0.002889280003728345
0.002644320993567817
0.004280548993847333
0.004393805997096933
0.0027471579960547388
0.008892812998965383
0.0023118230019463226
0.009142021997831762
0.005142321999301203
0.007448363990988582
0.002309178002178669
0.004401801998028532
0.009393293992616236
0.010904883005423471
0.004019016996608116
0.0025299709959654137
0.005039834999479353
0.004375430988147855
0.0022641319956164807
0.007971086000907235
0.008997885001008399
0.004838057997403666
0.0028829479997511953
0.005744666006648913
0.005173682002350688
0.009233477001544088
0.005413731996668503
0.009787119008251466
0.01105023198761046
0.005345600991859101
0.003983118993346579
0.004101083992281929
0.003590937005355954
0.0039601850003236905
0.003767273999983445
0.0029488350119208917
0.005436826002551243
0.0047784330090507865
0.004859098989982158
0.011410883002099581
0.0045921470009488985
0.007857488002628088
0.0022425609931815416
0.00930869199510198
0.0034495959989726543
0.0020589390042005107
0.0021563550108112395
0.003338081995025277
0.002769922008155845
0.007539259007899091
0.004072699986863881
0.010029373006545939
0.007056432994431816
0.008300126995891333
0.004423824007972144
0.0041099419904639944
0.00894493400119245
0.008239860995672643
0.004042972999741323
0.005413651990238577
0.004276892010238953
0.017366384010529146
0.00423921000037808
0.00420141700305976
0.003863488993374631
0.00801696500275284
0.003644639000413008
0.0034804549941327423
0.0054916819935897365
0.0037215670017758384
0.004177591996267438
0.002350267008296214
0.013278844999149442
0.0077252149931155145
0.0078715550043853
0.00738295899645891
0.0038574169884668663
0.004330555006163195
0.0072675980045460165
0.006488031998742372
0.004491483006859198
0.0035072360042249784
0.0036644969950430095
0.009371912994538434
0.003971857004216872
0.005254467003396712
0.010780333992443047
0.005788151000160724
0.005912988999625668
0.003921771000023
0.00548008999612648
0.0064671619911678135
0.00338760600425303
0.002881855994928628
0.004179854993708432
0.005167208990314975
0.006340349005768076
0.010498042000108398
0.00964199099689722
0.009019136996357702
0.011272276999079622
0.0039135150000220165
0.004765709993080236
0.00772380200214684
0.008442489997833036
0.0025519039918435737
0.010472634006873704
0.003839443001197651
0.0029673509998247027
0.0037152349977986887
0.005611372005660087
0.0036345800035633147
0.00452575899544172
0.005079059992567636
0.004095233991392888
0.0036922500003129244
0.005044943987741135
0.0036419239913811907
0.00851642199268099
0.00743344500369858
0.006596299994271249
0.0036155839916318655
0.011233872995944694
0.003548205000697635
0.0037769729970023036
0.00767959700897336
0.004175558002316393
0.0037611330044455826
0.006515345012303442
0.004606974995112978
0.006075109995435923
0.007903215999249369
0.004604671004926786
0.005336774003808387
0.00479003599321004
0.012848259997554123
0.005792238007416017
0.005080353002995253
0.0028294859948800877
0.002347753004869446
0.005520296996110119
0.004114008988835849
0.004767383012222126
0.007506024994654581
0.0038130820030346513
0.005030618005548604
0.01158470701193437
0.0038075320044299588
0.005104317999212071
0.002857709987438284
0.007070940002449788
0.004478428003494628
0.005064741999376565
0.00925894599640742
0.0034093880094587803
0.004273865997674875
0.006183698991662823
0.007516634999774396
0.005772089003585279
0.004621793996193446
0.012555398003314622
0.0052793749928241596
0.005239467995124869
0.00347995400079526
0.010401716994238086
0.004979980003554374
0.004290708995540626
0.005161148001207039
0.00500691200431902
0.0032048260036390275
0.0033669870026642457
0.004282502006390132
0.010898359993007034
0.007976045992108993
0.007159450004110113
0.005327377002686262
0.0037127100076759234
0.004209983992041089
0.003126406008959748
0.008186349004972726
0.0034262209956068546
0.004651840994483791
0.004332729004090652
0.0056548349966760725
0.007153518992708996
0.003782252999371849
0.004252946004271507
0.0022846909996587783
0.003942971990909427
0.004471285006729886
0.004070105002028868
0.004559032997349277
0.003929064987460151
0.005615328991552815
0.0022634409979218617
0.003249392000725493
0.0023574009974254295
0.00535414699697867
0.008365943998796865
0.003494331002002582
0.005006842009606771
0.007069437997415662
0.005542589002288878
0.006652516996837221
0.007557243006885983
0.004107808010303415
0.006824647993198596
0.004230122998706065
0.0028894610004499555
0.006010817000060342
0.004477797003346495
0.004546538999420591
0.003988719006883912
0.006409631998394616
0.005826523003634065
0.00438781498814933
0.009382233009091578
0.006571381993126124
0.00856688899511937
0.00741568100056611
0.025974080999731086
0.006609585005207919
0.004912700998829678
0.004473749999306165
0.004647863010177389
0.004250801997841336
0.0045106499892426655
0.004175828013103455
0.005164643996977247
0.004351655006757937
0.004122165002627298
0.00463651200698223
0.004173042005277239
0.0046117040037643164
0.004231846003676765
0.004146792009123601
0.004871843004366383
0.009656477996031754
0.009538172002066858
0.009567238012095913
0.014180815007421188
0.006091250994359143
0.005678710003849119
0.005877090996364132
0.005976711996481754
0.006508522012154572
0.004427701001986861
0.0036971500085201114
0.0031236999930115417
0.004768725004396401
0.004216175002511591
0.004299926004023291
0.004253175997291692
0.004647010995540768
0.004523354000411928
0.0044555240019690245
0.004183443001238629
0.004628916998626664
0.0047072669985936955
0.004326127003878355
0.004281269997591153
0.004774196000653319
0.004344561995822005
0.0042496590031078085
0.004059925995534286
0.004556097002932802
0.004564734001178294
0.004318492006859742
0.0046297580120153725
0.0048295720043824986
0.004726835002657026
0.004982936006854288
0.004735191003419459
0.00464642999577336
0.004664153995690867
0.005244087005848996
0.004875368991633877
0.004580253997119144
0.00461172399809584
0.005236843004240654
0.004795036002178676
0.0046725099964533
0.004419435994350351
0.0050928269920405
0.004909495008178055
0.00481204800598789
0.004475793000892736
0.004428193002240732
0.004809794001630507
0.004531359998509288
0.0044093559990869835
0.004153554997174069
0.004751431988552213
0.0045860050013288856
0.004772882995894179
0.0042493389919400215
0.004799493995960802
0.004467546998057514
0.00469498400343582
0.004337257007136941
0.004683262013713829
0.004529836995061487
0.0043422070011729375
0.004318291990784928
0.0046976890007499605
0.0048249329993268475
0.004669924994232133
0.004477848007809371
0.004878544990788214
0.00455467400024645
0.004420477009261958
0.004366604000097141
0.004807680001249537
0.004872072997386567
0.0045107810001354665
0.004272032994776964
0.004978066004696302
0.004828349992749281
0.004767753009218723
0.004480802992475219
0.0050552350003272295
0.004563049995340407
0.004833068989682943
0.004303512992919423
0.005211153998970985
0.004558823013212532
0.0044597619998967275
0.004812899001990445
0.004750620995764621
0.005091153987450525
0.004626522000762634
0.004599349995260127
0.005129827986820601
0.00945242699526716
0.009900285993353464
0.01030338900454808
0.003733658988494426
0.0036546880000969395
0.00395928299985826
0.0033900709968293086
0.003290329987066798
0.0032596319942967966
0.004599029998644255
0.004605552006978542
0.004314503996283747
0.004290797995054163
0.00488243400468491
0.0047854970034677535
0.00440241199976299
0.006385496002621949
0.006977740995353088
0.00656734399672132
0.006525624005007558
0.006377569996402599
0.005296257004374638
0.004650768998544663
0.004347226000390947
0.004785205994267017
0.0049706220015650615
0.00454375401022844
0.0048949769989121705
0.0047638759861001745
0.004700403995229863
0.004485230994760059
0.005235910997726023
0.005166607996216044
0.004829642013646662
0.004491172992857173
0.004881460990873165
0.005015107002691366
0.004914974997518584
0.009831673989538103
0.004952677001710981
0.004927710004267283
0.004768554004840553
0.00458821898791939
0.004535577987553552
0.004469651001272723
0.0048817320057423785
0.004596936007146724
0.004509498001425527
0.004368606998468749
0.004947669003740884
0.004896600003121421
0.004995640003471635
0.004290238008252345
0.00486498000100255
0.004657071011024527
0.004465414007427171
0.004242796989274211
0.0048632870020810515
0.004546790005406365
0.004531600003247149
0.00430149000021629
0.004955202995915897
0.004804252996109426
0.004557729989755899
0.004683962994022295
0.0039387729921145365
0.004615551995811984
0.003932029998395592
0.004810354992514476
0.00437723399954848
0.00407513500249479
0.004545046002021991
0.004124048995436169
0.0046882610040484
0.00432105700019747
0.004423573991516605
0.004605762005667202
0.00460724500590004
0.004841535002924502
0.004584742011502385
0.004981063000741415
0.004592216006130911
0.004490681996685453
0.005168029994820245
0.004747413986478932
0.005442688008770347
0.00447218598856125
0.004686187006882392
0.005270135996397585
0.009346323000499979
0.009341034005046822
0.004089253008714877
0.0037581170035991818
0.004871541997999884
0.004619568993803114
0.0043894179980270565
0.004289636999601498
0.004593349003698677
0.004520167989539914
0.004262264003045857
0.0040806550096021965
0.004525377997197211
0.005199370993068442
0.004917831000057049
0.005560754987527616
0.005200564002734609
0.0053747470083180815
0.005507480993401259
0.005310794003889896
0.0052899439906468615
0.004913012002361938
0.004972504990291782
0.005174634003196843
0.004886751004960388
0.004924674009089358
0.004687669003033079
0.005188971990719438
0.004731303997687064
0.0050000689952867106
0.00448824699560646
0.005305414000758901
0.005064843004220165
0.00503026699880138
0.004455924994545057
0.004954731994075701
0.004585463990224525
0.005936114001087844
0.004801809001946822
0.005133975995704532
0.004808562007383443
0.004842868002015166
0.004652892996091396
0.004518154004472308
0.004873867001151666
0.004650347997085191
0.0039698640030110255
0.004683011007728055
0.003955094987759367
0.004404977007652633
0.004208790996926837
0.004005231006885879
0.005135979998158291
0.00992902099096682
0.004603307999786921
0.0053475650056498125
0.005279174001771025
0.004796448003617115
0.004869758995482698
0.004582697991281748
0.004666098990128376
0.004658453995944001
0.004601274005835876
0.005308339998009615
0.003942380004446022
0.005012972993426956
0.004724840997369029
0.004281891000573523
0.004037482998683117
0.004380630009109154
0.004756370995892212
0.004319012994528748
0.004862665009568445
0.0048294709995388985
0.004816626998945139
0.005757270002504811
0.005593415990006179
0.0055224310053745285
0.004663041996536776
0.004579272004775703
0.005274654991808347
0.005777097991085611
0.004851073012105189
0.0048184709885390475
0.005037349998019636
0.004747473998577334
0.004705713989096694
0.004656068995245732
0.004381692997412756
0.004173282999545336
0.0045380929950624704
0.003970854988438077
0.004708028005552478
0.004424364989972673
0.004168783998466097
0.004439062991878018
0.004622424996341579
0.004501461997278966
0.00536678200296592
0.004631743009667844
0.004942258005030453
0.004548101991531439
0.004745471000205725
0.005368875004933216
0.0035244390019215643
0.003495543001918122
0.005293100999551825
0.005001953002647497
0.0043150249985046685
0.005022171011660248
0.004752765002194792
0.0049545310030225664
0.001278531999560073
0.0011010410089511424
0.0011147980112582445
0.0011030049936380237
0.0010905720118898898
0.0011003499967046082
0.004470752988709137
0.005084710996015929
0.004185666999546811
0.004438190997461788
0.004292201003408991
0.004576466002617963
0.004894345998764038
0.003260362005676143
0.004574473001412116
0.004158113995799795
0.004514788000960834
0.004837426007725298
0.004544444993371144
0.005069492006441578
0.004992064001271501
0.005093287007184699
0.004313041994464584
0.004986261992598884
0.004789233993506059
0.004878245003055781
0.004008828007499687
0.004037543010781519
0.00451455800794065
0.004789024009369314
0.0047712800005683675
0.004979609002475627
0.004245471995091066
0.004459581992705353
0.00443251000251621
0.006042858003638685
0.004971924005076289
0.0056102189992088825
0.004300858010537922
0.0022457470040535554
0.01864410399866756
0.008042212997679599
0.0072959009994519874
0.005789932998595759
0.004727676001493819
0.0034546750102890655
0.005849989000125788
0.006980506994295865
0.004766671001561917
0.004941255989251658
0.004099351994227618
0.006449898995924741
0.01553340899408795
0.005074321001302451
0.004073350995895453
0.005297759998939
0.015346739994129166
0.0052789939945796505
0.006397409000783227
0.0050959619984496385
0.005156989995157346
0.00514390500029549
0.0065468949906062335
0.008596123996539973
0.003114502993412316
0.0049583090003579855
0.005853996000951156
0.004402473001391627
0.002731447995756753
0.0069450279988814145
0.0033102180022979155
0.004762493001180701
0.004642393003450707
0.007813253992935643
0.004487676007556729
0.00281047000316903
0.0050724280008580536
0.004907049995381385
0.004824342002393678
0.004597506995196454
0.007321570999920368
0.004219091002596542
0.008787943006609567
0.005729578013415448
0.005265107000013813
0.005165747003047727
0.0058607389946701005
0.005611581000266597
0.015231879995553754
0.002349596004933119
0.014631890007876791
0.004876612001680769
0.0037749199982499704
0.008802351003396325
0.004791058003320359
0.01586836100614164
0.007815017001121305
0.005113637002068572
0.007318253992707469
0.004422572004841641
0.004362516003311612
0.004051980999065563
0.0035345390060683712
0.006874343001982197
0.006501929005025886
0.0064023480081232265
0.004545125993900001
0.004578220003168099
0.004745811005705036
0.004584292008075863
0.002400304001639597
0.0030101329903118312
0.00415657099802047
0.004648975998861715
0.016910309001104906
0.004409856992424466
0.008039266991545446
0.005694710998795927
0.006338835999486037
0.006433757997001521
0.0050405160000082105
0.006714856994221918
0.003552221998688765
0.0036523640010273084
0.0053011359996162355
0.004166340004303493
0.00622202199883759
0.005603105004411191
0.005286839004838839
0.006730217006406747
0.004701116005890071
0.004949712005327456
0.005121782989590429
0.00471817801008001
0.004978978002327494
0.004143305995967239
0.007412956008920446
0.005738114006817341
0.004196187001070939
0.004869879005127586
0.004678932993556373
0.0044303960021352395
0.0032939669908955693
0.0049326199950883165
0.0037799790006829426
0.015541004002443515
0.004013075988041237
0.003564596001524478
0.0071251939953072
0.0052664600079879165
0.005012341993278824
0.006713053997373208
0.002860555992810987
0.004075215008924715
0.00665909999224823
0.017232186000910588
0.015035102987894788
0.005747613002313301
0.0070982220058795065
0.006739004005794413
0.009083459997782484
0.008071518008364365
0.00670986800105311
0.006720046992995776
0.0030941129953134805
0.004919754006550647
0.004358548001619056
0.004931807998218574
0.006309210002655163
0.006485737001639791
0.003424566995818168
0.015634802999556996
0.005292419999022968
0.00696526700630784
0.003937360001145862
0.003367087003425695
0.006199338007718325
0.007457161002093926
0.01618750300258398
0.005591362991253845
0.0054982539877528325
0.004791038008988835
0.0029551269981311634
0.008161140998709016
0.005248344998108223
0.004353419004473835
0.003329676008434035
0.006922465006937273
0.007569195993710309
0.004837587010115385
0.002669148991117254
0.004654906995710917
0.0041201409912901
0.016623709991108626
0.005478295992361382
0.007476737999240868
0.015896715005510487
0.0073950310033978894
0.0036607910005841404
0.0068948830012232065
0.005840030004037544
0.005960049995337613
0.004596263999701478
0.015510665005422197
0.004178604009211995
0.002708885003812611
0.005901797994738445
0.006144493992906064
0.01905353899928741
0.005810031987493858
0.004986713000107557
0.00656634199549444
0.0038787480007158592
0.005203709006309509
0.008503176999511197
0.005154444006620906
0.006453326001064852
0.015259142994182184
0.004462668002815917
0.004882312990957871
0.004592678000335582
0.0033121809974545613
0.006501879004645161
0.004999016993679106
0.004772051004692912
0.009830532988416962
0.009043653000844643
0.007341520002228208
0.005704990995582193
0.005407980992458761
0.006134654002380557
0.0061182430072221905
0.0031960990017978474
0.004531650003627874
0.0026744189963210374
0.016371726989746094
0.004901469990727492
0.00695762199757155
0.0072665550105739385
0.003650099999504164
0.00898213499749545
0.006802926000091247
0.01550115700229071
0.004421388992341235
0.005748674011556432
0.004821866998099722
0.0030285779939731583
0.004994097005692311
0.0053148320002947
0.005742883004131727
0.0061333010089583695
0.0062315499963006005
0.007265492997248657
0.005775765996077098
0.007158477994380519
0.005611000000499189
0.0068706449965247884
0.005722073998185806
0.005215803001192398
0.006221470990567468
0.007312061992706731
0.0046727819863008335
0.005749815987655893
0.0030898949917173013
0.006690861002425663
0.004373927004053257
0.008337790000950918
0.0070814809878356755
0.005107585006044246
0.005637100999592803
0.007186440998339094
0.005768401999375783
0.004992944988771342
0.006867219999548979
0.006760413991287351
0.004827747994568199
0.007007659005466849
0.006631616997765377
0.007428455006447621
0.004955081996740773
0.006940299004781991
0.005551284993998706
0.004570033997879364
0.015715228000772186
0.005260067002382129
0.0053187199955573305
0.003627145997597836
0.006761607000953518
0.01817127800313756
0.004967786997440271
0.004773715001647361
0.006560851004905999
0.006341982007143088
0.003747646987903863
0.006689739995636046
0.0066011190065182745
0.004483918994083069
0.005880616998183541
0.006028450996382162
0.004669685004046187
0.0026237220008624718
0.006634403005591594
0.0047643660072935745
0.015652267000405118
0.004352075993665494
0.015178748988546431
0.0062581609963672236
0.004200524999760091
0.005159744992852211
0.00506718699762132
0.004466635000426322
0.005176037011551671
0.00735046599584166
0.005518152000149712
0.006685780987027101
0.006758700998034328
0.0036685949889943004
0.0022078030015109107
0.004475392997846939
0.004464000987354666
0.015688366009271704
0.013705442994250916
0.005411648002336733
0.006200219999300316
0.006612930999835953
0.00510963900887873
0.006824006995884702
0.007849422996514477
0.006477381000877358
0.0028980380011489615
0.0045596140116686
0.006315552003798075
0.004637442994862795
0.004349251001258381
0.019104848004644737
0.007799307000823319
0.004332468000939116
0.008063443005084991
0.00607097199826967
0.008479900992824696
0.01691815500089433
0.003251485002692789
0.003783314998145215
0.004781449999427423
0.0067492329981178045
0.004278774998965673
0.004551929989247583
0.00725902100384701
0.0066222989989910275
0.004029237010399811
0.0040560680063208565
0.003973669998231344
0.002454407003824599
0.005331344000296667
0.005766237998614088
0.005638233007630333
0.0067556059948401526
0.0052574720029952005
0.013584492000518367
0.005677808003383689
0.004559683991828933
0.004570816003251821
0.0045453269995050505
0.004380471000331454
0.004214151995256543
0.0032143540011020377
0.007361247000517324
0.007048536994261667
0.006450750996009447
0.004028255993034691
0.0058139189932262525
0.00451252399943769
0.010523040997213684
0.0054079300025478005
0.01544960901082959
0.004309714000555687
0.004113569011678919
0.006962512998143211
0.006464537000283599
0.004394507996039465
0.005411688005551696
0.0031092730059754103
0.003138148007565178
0.006017819992848672
0.0030892749928170815
0.004198441994958557
0.004156841998337768
0.00520049300394021
0.006817343004513532