0.006197836002684198
0.0065032020065700635
0.006130566995125264
0.006065341993235052
0.006066935005947016
0.005534404001082294
0.0055176119931275025
0.005292530011502095
0.006325341004412621
0.006646185996942222
0.006943286003661342
0.007728001000941731
0.006843754992587492
0.006037207989720628
0.006466039994847961
0.006175211994559504
0.00760058598825708
0.0073725789989111945
0.006522969008074142
0.007196400998509489
0.005804442000226118
0.0068537939951056615
0.006146838000859134
0.005690303005394526
0.008007937998627312
0.0066036750067723915
0.007462502006092109
0.008794466004474089
0.008928622992243618
0.005695572996046394
0.006350289011606947
0.006652708005276509
0.005762660992331803
0.006788158003473654
0.006971990995225497
0.005882470999495126
0.006928957998752594
0.0060627769998973235
0.006075983008486219
0.005763712993939407
0.005977513996185735
0.005805603999760933
0.0060834360047010705
0.006200071002240293
0.0058020370051963255
0.006573195991222747
0.007094565007719211
0.006706381987896748
0.0053143419936532155
0.0055491120001534
0.0054249239910859615
0.0054087839962448925
0.0053745379991596565
0.006040765001671389
0.005400326001108624
0.005168761999811977
0.005099781003082171
0.005825701999128796
0.005363746007787995
0.00546906900126487
0.0056165010028053075
0.005588297004578635
0.0054188220092328265
0.005227866000495851
0.005715371007681824
0.004996703006327152
0.00539752199256327
0.005294914997648448
0.005241150996880606
0.005274145005387254
0.0060102159914094955
0.00487457899725996
0.005079210997791961
0.005413131002569571
0.006115016993135214
0.005569671993725933
0.005536939002922736
0.005531178001547232
0.005545025007450022
0.005424122005933896
0.005060515002696775
0.0058181079948553815
0.005274114009807818
0.005201195002882741
0.004867305004154332
0.005768853996414691
0.0057991420035250485
0.005354188004275784
0.0053287899936549366
0.006291355995927006
0.005820632999530062
0.005114939005579799
0.005438979991595261
0.005401539005106315
0.0035017359914490953
0.0037864220066694543
0.00298399300663732
0.002846880001015961
0.003301552002085373
0.013150368991773576
0.016449135990114883
0.013911037996876985
0.016879101007361896
0.01652476099843625
0.017596315999981016
0.016719594001187943
0.01778209299664013
0.016719573992304504
0.002324166998732835
0.0026887559943133965
0.002580968997790478
0.002137679999577813
0.002011136995861307
0.0019769310019910336
0.00435576299787499
0.009627934996387921
0.008491825996316038
0.009968147001927719
0.0022112909937277436
0.0019777619891101494
0.002372660004766658
0.002525572999729775
0.0021502939925994724
0.002558697000495158
0.005172659992240369
0.01188930100761354
0.004356384990387596
0.0030004740110598505
0.003911772000719793
0.0028211910102982074
0.003142797009786591
0.003162555003655143
0.0033558549912413582
0.004070847004186362
0.0036676540039479733
0.0028521899948827922
0.002761166004347615
0.002955196992843412
0.0032299550075549632
0.003138689004117623
0.0034729310136754066
0.0028583509993040934
0.0030362120014615357
0.004991241992684081
0.0037568340048892424
0.003148718999000266
0.002772797000943683
0.0035039200010942295
0.00311243899341207
0.0030257230100687593
0.002676132004125975
0.003037354996195063
0.00418826199893374
0.0037825740000698715
0.0030353010079124942
0.003064536998863332
0.0031097739993128926
0.003679696994367987
0.0038811529957456514
0.0030449000041699037
0.002953703995444812
0.004368077003164217
0.004205025004921481
0.004279807995771989
0.0037939660105621442
0.004323000001022592
0.004042832995764911
0.0033293350134044886
0.003271002002293244
0.0034816469997167587
0.004528244011453353
0.0072309880051761866
0.0037073199928272516
0.004610671996488236
0.0038108190055936575
0.004216615998302586
0.0034462090115994215
0.004339711987995543
0.0036906579916831106
0.00372376199811697
0.0037045749922981486
0.004694643008406274
0.004585072994814254
0.012081559994840063
0.009123597003053874
0.014723747997777537
0.005949929996859282
0.008473390000290237
0.009176869003567845
0.007455568003933877
0.01651940098963678
0.004151540997554548
0.008411931994487531
0.006759744006558321
0.004798352005309425
0.008009580997168086
0.006067925991374068
0.011542274995008484
0.005096043008961715
0.008529448008630425
0.009749636999913491
0.007971838000230491
0.007674257998587564
0.009306437001214363
0.010074941004859284
0.009195826001814567
0.007703012001002207
0.007628920997376554
0.00488632099586539
0.003594684007111937
0.01345436301198788
0.01448392700694967
0.00980951200472191
0.011386807993403636
0.006955959994229488
0.005602635006653145
0.00850830800482072
0.0027529390063136816
0.004131683992454782
0.007432433994836174
0.006239125999854878
0.010619013992254622
0.004751032000058331
0.005195442994590849
0.010444550003740005
0.007041274002403952
0.0030140399903757498
0.013583309992100112
0.005003764992579818
0.011156626991578378
0.003964271993027069
0.004219170994474553
0.006191003005369566
0.01133150199893862
0.012187522996100597
0.004739739000797272
0.004271262005204335
0.007953913998790085
0.0036490479978965595
0.00796688899572473
0.009840802988037467
0.010242894000839442
0.005083028008812107
0.0029622410074807703
0.004868646996328607
0.0028962649957975373
0.010660956002539024
0.004136261995881796
0.0029764479986624792
0.004179024006589316
0.0044358670129440725
0.006954908007173799
0.007913765992270783
0.0026017500058514997
0.007167937001213431
0.0025884429924190044
0.0040405990002909675
0.005834248993778601
0.00370105700858403
0.0037668639997718856
0.007048137005767785
0.009894635993987322
0.005698939989088103
0.003181380991009064
0.007401894996291958
0.0042961589933838695
0.008507556005497463
0.007296302996110171
0.0054888459999347106
0.003608860992244445
0.004704621998826042
0.008198331997846253
0.005838085999130271
0.0027868949982803315
0.008958841994171962
0.0036779030051548034
0.0043128610122948885
0.013333811992197298
0.007262528000865132
0.003961776994401589
0.003806269000051543
0.011370095002348535
0.004835523999645375
0.005286708998028189
0.010441734993946739
0.0039996599953155965
0.002416443996480666
0.0037293019995559007
0.004087579000042751
0.0037547800020547584
0.002306242997292429
0.004300105996662751
0.005017011993913911
0.007412756007397547
0.00804124200658407
0.009584782004822046
0.005182248001801781
0.004381952996482141
0.004805255986866541
0.0033950399956665933
0.004420638011652045
0.008335275007993914
0.0024251610011560842
0.0025809999933699146
0.0038304149929899722
0.015496560008614324
0.011849253991385922
0.010233886991045438
0.005051207001088187
0.0026142040005652234
0.0021967329957988113
0.00601492500572931
0.002765533994534053
0.008421459991950542
0.0042531870130915195
0.0055879860010463744
0.001875546993687749
0.010937535989796743
0.004166900995187461
0.008728087996132672
0.00802525099425111
0.004203390999464318
0.008228931998019107
0.0036557409912347794
0.005557287993724458
0.0053286600013962016
0.011560110011487268
0.01033708400791511
0.004947718000039458
0.003382316994247958
0.0076386790024116635
0.008569384008296765
0.004693141003372148
0.007669168000575155
0.00464272299723234
0.004270128993084654
0.004655708995414898
0.003767354995943606
0.0058177470054943115
0.007824787011486478
0.005546115993638523
0.004775528999743983
0.0022837900032754987
0.0038863529916852713
0.010861770002520643
0.009864106992608868
0.00399489099800121
0.005713696999009699
0.007675940010813065
0.004567779993521981
0.004619248007657006
0.007063647004542872
0.007711027996265329
0.004286861003492959
0.004509988997597247
0.004063993997988291
0.0037207449931884184
0.004017204002593644
0.010042028006864712
0.0093780150054954
0.0045378319919109344
0.006559389992617071
0.008986073997220956
0.010748774002422579
0.0008545790042262524
0.0020953180064680055
0.0009128910023719072
0.0007877610041759908
0.0020600309944711626
0.0023129249893827364
0.002202264004154131
0.0018423430010443553
0.0015512440004386008
0.007247079003718682
0.005158853993634693
0.003011034001247026
0.002601289001177065
0.003931409999495372
0.0021669659909093753
0.0019550890137907118
0.0016820760065456852
0.0019475449953461066
0.0028094179870095104
0.002568335010437295
0.002321872001630254
0.002497288995073177
0.002433376997942105
0.003027226004633121
0.0025967499968828633
0.002563046000432223
0.002539028995670378
0.0026506930007599294
0.0025626150018069893
0.004860219996771775
0.0016110500000650063
0.002312925993464887
0.002135796006768942
0.00349007299519144
0.002087503991788253
0.0018542160105425864
0.0019392190006328747
0.0020705100032500923
0.0020713819976663217
0.002126117004081607
0.0014377179904840887
0.00135701299586799
0.002005876987823285
0.002286906004883349
0.0023511879990110174
0.0023022850073175505
0.0022908839891897514
0.002250354998977855
0.002479654998751357
0.0032295640121446922
0.0018657879991224036
0.0009175889863399789
0.0012138280144426972
0.0011028750013792887
0.0012405390007188544
0.0013078080082777888
0.0014173889940138906
0.001338878006208688
0.0013667610037373379
0.0012406489986460656
0.0012478729913709685
0.001336422996246256
0.0015577270096400753
0.002798546993290074
0.002622658998006955
0.002568094991147518
0.002554719991167076
0.0023136880045058206
0.002321221007150598
0.002539149994845502
0.002514923005946912
0.0023172639921540394
0.0015302949905162677
0.0017855240002973005
0.0033510759967612103
0.004797000001417473
0.0032131820044014603
0.004964810999808833
0.005651658997521736
0.005238876998191699
0.005267011001706123
0.00125192099949345
0.001219308003783226
0.001307056998484768
0.003694967002957128
0.0027454049995867535
0.007409929996356368
0.0030583349871449172
0.0029844729870092124
0.002757088004727848
0.0038120800018077716
0.0024729120050324127
0.0017260710010305047
0.0012196290044812486
0.00485843799833674
0.004018748004455119
0.002922986008343287
0.006396546988980845
0.0066280920000281185
0.007450959004927427
0.007096068002283573
0.007283697996172123
0.006446822997531854
0.006466231003287248
0.005717945008655079
0.0066059889941243455
0.00659365500905551
0.006260505993850529
0.0056676700041862205
0.005999104992952198
0.006834747007815167
0.006817866000346839
0.00689811899792403
0.006799709997721948
0.00655299800564535
0.006658960992353968
0.006880574990645982
0.006978813995374367
0.006134164999821223
0.004042672997456975
0.004391431997646578
0.003957658991566859
0.004296268991311081
0.0040077869925880805
0.004487967002205551
0.006023011010256596
0.006139965000329539
0.005457827006466687
0.0018053419917123392
0.0015196040039882064
0.0014520650001941249
0.0016238249954767525
0.0015104469930520281
0.0035598170070443302
0.004096457007108256
0.0038282210007309914
0.005279976001475006
0.0035447780101094395
0.003351537001435645
0.0038214789965422824
0.005333669003448449
0.005144204988027923
0.003733449993887916
0.004304996007704176
0.0018451089999871328
0.004803642004844733
0.004403263999847695
0.003559136006515473
0.002851547993486747
0.0035713499964913353
0.0029993119969731197
0.0029978789971210063
0.002925970999058336
0.003973179991589859
0.004639186998247169
0.0025987539993366227
0.0031989349954528734
0.0035656480031320825
0.004100995007320307
0.0034588540002005175
0.003728470008354634
0.003553575006662868
0.005111674006911926
0.004728127998532727
0.0035713490069611
0.0040620399959152564
0.003569927008356899
0.0028797330014640465
0.0029604769952129573
0.0028776989929610863
0.003914738001185469
0.00408873098785989
0.002637988989590667
0.003138549000141211
0.003610333995311521
0.003594142006477341
0.0037880349991610274
0.004633616001228802
0.004619989995262586
0.0032146450103027746
0.003905068995663896
0.0016383319889428094
0.0015097150026122108
0.0016026640078052878
0.001806455009500496
0.0036549490032484755
0.003654429005109705
0.004603387991664931
0.005142922993400134
0.003013328998349607
0.003570225992007181
0.001646427990635857
0.0021950700029265136
0.001974146012798883
0.0018199399928562343
0.001646748001803644
0.0015852399956202134
0.001647129000048153
0.0015627469983883202
0.0015879249986028299
0.0015701709926361218
0.0015884770109551027
0.0015717640053480864
0.001627371006179601
0.004721975987195037
0.0014020890084793791
0.003575687005650252
0.004283704998670146
0.00432355199882295
0.0029494159971363842
0.003690787998493761
0.004576154999085702
0.004309113995986991
0.002818906999891624
0.0036637970042647794
0.003068384001380764
0.002996666997205466
0.003076559994951822
0.0021715949987992644
0.0021564060007221997
0.002088776003802195
0.0067825470032403246
0.002688085995032452
0.0028040479955961928
0.0020923320116708055
0.0020994160004192963
0.005497393009136431
0.003971445999923162
0.004623646993422881
0.0017035670025506988
0.0015707730053691193
0.0015798700042068958
0.0015412560023833066
0.0014123389992164448
0.0014719820028403774
0.0016081150097306818
0.001577123999595642
0.0015812829951755702
0.001591441992786713
0.0015571760013699532
0.0016581699892412871
0.0017564789886819199
0.0017651649977779016
0.0016963529924396425
0.0015782869886606932
0.0015480989968637004
0.0015932149981381372
0.0016058600012911484
0.0015756010106997564
0.0015657030016882345
0.0015569459937978536
0.0015323690022341907
0.0015435200039064512
0.0015808409953024238
0.0015673360030632466
0.0016453760035801679
0.0017218020075233653
0.0015643799997633323
0.0015650409914087504
0.0015801299887243658
0.001605648998520337
0.0016066309908637777
0.003631504994700663
0.004823890994885005
0.006971319991862401
0.006164992999401875
0.0016633200139040127
0.001586101992870681
0.001633542007766664
0.0016025429940782487
0.001562657009344548
0.0015886469918768853
0.0015228510019369423
0.0016028329991968349
0.0015509340009884909
0.0015402340068249032
0.001558820003992878
0.0014116880047367886
0.001371229998767376
0.0014974020014051348
0.0015482689923373982
0.001892729997052811
0.0015594009892083704
0.001562927005579695
0.0015356549993157387
0.0015549719973932952
0.0017113820067606866
0.0015868029877310619
0.0016900110058486462
0.0016496939933858812
0.0019229379977332428
0.002461811003740877
0.0034187860001111403
0.0028347159968689084
0.003048676997423172
0.0024234680022345856
0.0025690570037113503
0.002296063001267612
0.0023952129995450377
0.0016383219917770475
0.0018182969943154603
0.001805092004360631
0.0016529900021851063
0.007955908004078083
0.0072188250051112846
0.006580900007975288
0.006634734003455378
0.007076420995872468
0.006426124004065059
0.006682235994958319
0.0017654859984759241
0.0014202530001057312
0.00682340600178577
0.006780543000786565
0.003121025991276838
0.0017429730069125071
0.0061288540018722415
0.0029177859978517517
0.0022018130111973733
0.0018772199982777238
0.001381038993713446
0.003110214995103888
0.003213343006791547
0.0024733129976084456
0.0026463050016900524
0.0018716299964580685
0.003411712998058647
0.004483287993934937
0.0015431689971592277
0.0064677229966036975
0.01588233798975125
0.0074549170094542205
0.0028189970034873113
0.0020634669926948845
0.010530745013966225
0.006451702996855602
0.0014400210056919605
0.001652478997129947
0.003680158013594337
0.003582821009331383
0.0017346160020679235
0.0017671490059001371
0.0016738300037104636
0.0016644420102238655
0.001598666000063531
0.001783911997335963
0.0016441829939140007
0.0015583890053676441
0.001543990001664497
0.001549641994643025
0.0015715339977759868
0.0015547820075880736
0.0028181649977341294
0.0021347540023270994
0.0015907909983070567
0.001565532002132386
0.00155854900367558
0.0016271310014417395
0.0015866230096435174
0.0016300159913953394
0.0015772250044392422
0.0015789780009072274
0.0017597340047359467
0.0015939860022626817
0.0015662630030419677
0.0015699009964009747
0.0015466170007130131
0.001533671995275654
0.0015465659962501377
0.002666243992280215
0.0017154899978777394
0.0023801750066922978
0.002294549994985573
0.0024394979991484433
0.0024168749951059
0.0015359760000137612
0.002244194009108469
0.002034792007179931
0.0023149490007199347
0.005275547009659931
0.002193656997405924
0.003590434993384406
0.0026890370063483715
0.0022031350090401247
0.002326321991859004
0.0037563840014627203
0.004251223013852723
0.0022845110070193186
0.0017189360078191385
0.0013202819973230362
0.006882228990434669
0.0029530629981309175
0.0023852739977883175
0.001974787999643013
0.005971092003164813
0.004804083000635728
0.006364554996252991
0.0028920559998368844
0.002476630004821345
0.003730394004378468
0.002461370997480117
0.0024299099895870313
0.003289928994490765
0.002496227010851726
0.0027076629921793938
0.005214650998823345
0.0027649920084513724
0.003503710002405569
0.0029565610020654276
0.004374879994429648
0.008932800992624834
0.005096884997328743
0.001899983995826915
0.0028383629978634417
0.0035797250020550564
0.003878788003930822
0.0028992900042794645
0.002252599995699711
0.003081750008277595
0.00313774700043723
0.002081031008856371
0.0023852339945733547
0.003156813996611163
0.005907339000259526
0.005473826997331344
0.005240218990365975
0.0023856649931985885
0.0032942380057647824
0.0018625820084707811
0.005083629002911039
0.0066639100114116445
0.005668721001711674
0.002991467001265846
0.0017129250045400113
0.004573591009830125
0.004081356993992813
0.0018375239887973294
0.002753259992459789
0.0034390660002827644
0.0011602050071815029
0.00327605199709069
0.0034557470062281936
0.004140680990531109
0.0040605469985166565
0.0018698860076256096
0.0048539889976382256
0.0022980070061748847
0.005650406004860997
0.010291427010088228
0.0016117409977596253
0.0020842369995079935
0.0034052199916914105
0.007678485999349505
0.003794757998548448
0.004790056002093479
0.0034821979934349656
0.0015369579923572019
0.002232430997537449
0.0015124310011742637
0.0013918390031903982
0.0013163650000933558
0.0020805500098504126
0.0036874420038657263
0.0019571229931898415
0.0016093570011435077
0.006035685000824742
0.002090057998429984
0.0029717990109929815
0.00275151600362733
0.002057756995782256
0.0025451010005781427
0.0029924789996584877
0.002402015990810469
0.001658380002481863
0.002638270001625642
0.003343200995004736
0.0018472130032023415
0.002102282000123523
0.005381720999139361
0.003419629007112235
0.0020203339954605326
0.006519483009469695
0.0030323259998112917
0.00347462399804499
0.0031276279914891347
0.004593328994815238
0.0019889039976987988
0.0033604449999984354
0.0061918340070405975
0.006141096993815154
0.003750311996554956
0.004443831989192404
0.0033618570014368743
0.0032067299907794222
0.0028272019990254194
0.004743347002658993
0.0023797939938958734
0.003070638995268382
0.0021631779964081943
0.002177756992750801
0.003186811998602934
0.00237457400362473
0.0016362680034944788
0.0024592760019004345
0.00452823301020544
0.004779966999194585
0.0017281839973293245
0.0016156880010385066
0.0021904910099692643
0.0034513989958213642
0.0029797649913234636
0.00210206100018695
0.004064353997819126
0.004333401011535898
0.003127738003968261
0.0018185869994340464
0.002273110003443435
0.0019190400053048506
0.002848944001016207
0.003393418010091409
0.0034688919986365363
0.0016616969951428473
0.0019284590089228004
0.0013448190002236515
0.005736891005653888
0.0037044549972051755
0.0023661180021008477
0.0017717379960231483
0.004046610003570095
0.005808379006339237
0.001875316011137329
0.003429868011153303
0.0016578289942117408
0.003311861990368925
0.009309943998232484
0.002887979004299268
0.002297266008099541
0.0016869950050022453
0.0015680770011385903
0.0016330210055457428
0.0032822350040078163
0.004743526995298453
0.00430280200089328
0.0039118920103646815
0.001648240999202244
0.002804467992973514
0.0020428870047908276
0.0033099180000135675
0.001449770003091544
0.00822073599556461
0.002335088007384911
0.00298239900439512
0.0016054290026659146
0.003777214005822316
0.00261918299656827
0.0019224870047764853
0.002861487999325618
0.003822519996901974
0.0017836100014392287
0.006874814003822394
0.0015519860025960952
0.003031354004633613
0.0030826709989923984
0.004374237993033603
0.00372746899665799
0.0017774379957700148
0.004264978997525759
0.0028545240056701005
0.0025446509971516207
0.001774522999767214
0.0024734140024520457
0.001865086000179872
0.0041057240014197305
0.0021511059894692153
0.0017915259959409013
0.0034631320013431832
0.003124331997241825
0.0015973830013535917
0.004405597996083088
0.002371258000493981
0.0018993419944308698
0.002123872996889986
0.0027858319954248145
0.0042821120005100965
0.004241474001901224
0.00804855499882251
0.004694472998380661
0.004071007002494298
0.006532908999361098
0.005179483006941155
0.003163747998769395
0.0034891819959739223
0.0044878369953949004
0.002077463999739848
0.0019461920019239187
0.003077501998632215
0.001993924000998959
0.005095522006740794
0.00385035399813205
0.0019717510003829375
0.004346064990386367
0.0032629479974275455
0.002805960990372114
0.0021820240071974695
0.002353803996811621
0.0025688060122774914
0.0032607629982521757
0.003134992002742365
0.0024496980040566996
0.005085322001832537
0.004803521995199844
0.006730227003572509
0.0029302990005817264
0.0031593890016665682
0.0037152459990466014
0.008354170990060084
0.003678624998428859
0.006896385006257333
0.004865691997110844
0.004129259003093466
0.0042223770142300054
0.001919521004310809
0.0022319710114970803
0.0045644039928447455
0.002213323998148553
0.002979604003485292
0.002971027002786286
0.0031477159936912358
0.006553639002959244
0.002252108999527991
0.003163788001984358
0.0023128450120566413
0.004251012011081912
0.0015664640086470172
0.0018510800000512972
0.0018188179965363815
0.006268470999202691
0.002261907997308299
0.0022020629985490814
0.004537633009022102
0.0026495409983908758
0.0025250229955418035
0.00366712300456129
0.0018105630006175488
0.0035268539941171184
0.005747832998167723
0.0020288009982323274
0.004339170991443098
0.003068513993639499
0.001834447990404442
0.0034131260035792366
0.004805725999176502
0.0030821010004729033
0.0014702699991175905
0.005032430999563076
0.003662283008452505
0.0022514379961648956
0.004043084001750685
0.0015989259991329163
0.0013898050092393532
0.0016583510005148128
0.002899912011343986
0.001849787004175596
0.002472972992109135
0.004465853999136016
0.0032692399981897324
0.002768949998426251
0.003662222996354103
0.0026728759985417128
0.006499996001366526
0.0025268149911426008
0.007475014994270168
0.001827334999688901
0.0016975460021058097
0.009434121995582245
0.003289428001153283
0.00370182900223881
0.0017941600090125576
0.005012473004171625
0.0019918000034522265
0.004562789996271022
0.0027785489946836606
0.0063605580071453005
0.0023858160129748285
0.002116379007929936
0.0032798900065245107
0.003654177999123931
0.0014774430019315332
0.004449773012311198
0.00199060799786821
0.0037871929962420836
0.004126483996515162
0.004695775001891889
0.0022349760110955685
0.00494772799720522
0.003484351997030899
0.0026561140111880377
0.001449058996513486
0.0036094520037295297
0.003572931993403472
0.004339512001024559
0.0028784099995391443
0.006270544996368699
0.0020013079920317978
0.0024930910003604367
0.002492329993401654
0.003507667002850212
0.003161622997140512
0.0018710279982769862
0.0018452290096320212
0.0030514519894495606
0.003906701997038908
0.004450875989277847
0.003982076988904737
0.004588819996570237
0.005372814004658721
0.00494389099185355
0.001433990997611545
0.0017433129978599027
0.002606408001156524
0.003151352997520007
0.0015851500065764412
0.0058906269987346604
0.0022543040104210377
0.0032648609922034666
0.001821523008402437
0.0025747179897734895
0.0023790730047039688
0.0025358929997310042
0.0029127859888831154
0.004718598996987566
0.0023657270066905767
0.0017677700088825077
0.002613452001241967
0.0024714290047995746
0.0021641200000885874
0.00571907899575308
0.0030229880067054182
0.003658184999949299
0.006185702994116582
0.0015785770083311945
0.005913351007620804
0.004032533004647121
0.0026252040115650743
0.015619544996297918
0.009693560001323931
0.004450345004443079
0.004983808001270518
0.004708730994025245
0.004665957996621728
0.00441402499563992
0.004311898999731056
0.0043046060018241405
0.004947958994307555
0.004699032011558302
0.004543843999272212
0.0043531989940674976
0.004443290992639959
0.004863547001150437
0.00456355199276004
0.004680225989432074
0.00483913000789471
0.004799183996510692
0.004618516992195509
0.004777503010700457
0.0042714809969766065
0.004397633005282842
0.004581305998726748
0.00449805599055253
0.004248978002578951
0.004354129996499978
0.004698621007264592
0.004504058000748046
0.004509517995757051
0.0028251580079086125
0.0027383409906178713
0.018186216999311
0.006687746004899964
0.0068511989957187325
0.0093297720013652
0.00994665599137079
0.011027869011741132
0.01169824400858488
0.010304352006642148
0.01152871000522282
0.01246793000609614
0.011544049004442059
0.012688973991316743
0.013878305995604023
0.0030002429994056
0.0027898100088350475
0.002657275996170938
0.0025545489916112274
0.0028536430036183447
0.0028557269979501143
0.002590998003142886
0.0025811199884628877
0.0026695090055000037
0.0025368650094605982
0.002687864995095879
0.002467391997925006
0.00272965501062572
0.0024642960052005947
0.002358562996960245
0.002386175998253748
0.0028781690052710474
0.002431312997941859
0.0023740829929010943
0.002402978003374301
0.002640765000251122
0.010182558005908504
0.005636478992528282
0.004382213999633677
0.0042140110017498955
0.004184544988675043
0.00417523700161837
0.00426166299439501
0.004558000990073197
0.004189544008113444
0.004242747003445402
0.00396412200643681
0.003968080010963604
0.004078811994986609
0.003881373006151989
0.00396571600867901
0.0039470699994126335
0.004529064986854792
0.004140951990848407
0.0037896880094194785
0.004160989003139548
0.004015040001831949
0.004452419001609087
0.003981546004069969
0.004057742000441067
0.003937932007829659
0.003931819999706931
0.003963822004152462
0.0040842629969120026
0.005867522006155923
0.003938153007766232
0.004313062003348023
0.003967759999795817
0.0038410669949371368
0.004090945003554225
0.003860703989630565
0.003862928002490662
0.00411236600484699
0.004235934000462294
0.004236374006723054
0.006904672001837753
0.005587085004663095
0.004150128996116109
0.004163385005085729
0.004097579003428109
0.004314785008318722
0.005829338988405652
0.009578879995387979
0.015852641998208128
0.0054175299883354455
0.005040325995651074
0.005077087000245228
0.004826175994821824
0.005564460996538401
0.004942378000123426
0.004776750996825285
0.005002032994525507
0.00526287300453987
0.0047897350013954565
0.005022391997044906
0.004930686001898721
0.00517227899399586
0.004960963997291401
0.0048886949953157455
0.00490792200434953
0.00511682299838867
0.004846265001106076
0.004825042997254059
0.005361702002119273
0.005284874991048127
0.005296226998325437
0.005759104999015108
0.005861900994204916
0.0055631090071983635
0.0051675899885594845
0.005320583994034678
0.005191937001654878
0.007010485001956113
0.0021490520011866465
0.0019525050010997802
0.0019455010042292997
0.0019338690035510808
0.001955169005668722
0.0021327400027075782
0.0018699469947023317
0.0018129570089513436
0.0017999109986703843
0.0018107719952240586
0.0020440910011529922
0.0018358309898758307
0.0017936090007424355
0.0018207419925602153
0.0018044400057988241
0.0018145100038964301
0.002117470998200588
0.002048507987638004
0.0018607590027386323
0.0018247999978484586
0.0019526149990269914
0.002312013995833695
0.002205680008046329
0.0022773579985368997
0.002432023989968002
0.002254934996017255
0.0020439599902601913
0.001966701995115727
0.0019622030085884035
0.0019870199903380126
0.0021976849966449663
0.0021791390026919544
0.0021074709948152304
0.0020976030064048246
0.002261656991322525
0.002158589006285183
0.0020001060038339347
0.001983223992283456
0.0021355249918997288
0.002260674998979084
0.0020379380002850667
0.0020200340077281
0.0016531610017409548
0.001813316994230263
0.001836522002122365
0.0019032190029975027
0.0017932189948624
0.0016209889872698113
0.0018802159902406856
0.0018202400096924976
0.001678669999819249
0.0016208479937631637
0.0016412080003647134
0.001625987992156297
0.0018593260028865188
0.0016944899980444461
0.0017497450025985017
0.0016793009999673814
0.0016212789923883975
0.0016284629964502528
0.001631038001505658
0.001859456009697169
0.0018220149941043928
0.0018689840071601793
0.0017435439949622378
0.001936574000865221
0.0019463030039332807
0.0018197899917140603
0.0018212220020359382
0.0022165099944686517
0.002010324998991564
0.001997621002374217
0.001993212994420901
0.002044530992861837
0.0020508230081759393
0.001991619006730616
0.0019953070004703477
0.0020006970007671043
0.0018152419943362474
0.002002930996241048
0.002019963998463936
0.0017952330090338364
0.0018431140051689
0.0018900550057878718
0.003546862004441209
0.003856056006043218
0.003798744990490377
0.0038567160081584007
0.0038294039986794814
0.0035252700035925955
0.0034658070071600378
0.0033608749945415184
0.0034702150005614385
0.0036209239915478975
0.003643988005933352
0.0036164649936836213
0.0036164260091027245
0.0033858230017358437
0.0035098410007776693
0.0033562969911145046
0.003806249995250255
0.003569966007489711
0.0034234960039611906
0.00332270200306084
0.003402454996830784
0.003728449999471195
0.003804476000368595
0.003456338992691599
0.0034273729979759082
0.003430028009461239
0.0033599229936953634
0.00356172100873664
0.00416779299848713
0.0043361760035622865
0.003980573994340375
0.004025640009786002
0.004222076997393742
0.003997154999524355
0.003970524005126208
0.003929786995286122
0.0038561649998882785
0.004050127012305893
0.003823973995167762
0.004184193996479735
0.004005422000773251
0.00382017700758297
0.00396705798630137
0.004420997996930964
0.003971035010181367
0.003974332008510828
0.004102046994375996
0.00443237999570556
0.0039278820040635765
0.003934455002308823
0.004384387997561134
0.003912483996828087
0.004259197987266816
0.004378165991511196
0.004582588007906452
0.004404125997098163
0.004411369998706505
0.004340724000940099
0.004216967994580045
0.004146090999711305
0.004154718000791036
0.004784154996741563
0.003983349000918679
0.003923154014046304
0.0043036540009779856
0.0040363610023632646
0.004143496000324376
0.003962919989135116
0.004358599006081931
0.004488819002290256
0.004510551007115282
0.004418614000314847
0.003843861006316729
0.004277112995623611
0.00405397400027141
0.004311649012379348
0.003885612008161843
0.003949042991735041
0.004372395007521845
0.0039058409893186763
0.004056670004501939
0.004357476995210163
0.004372645998955704
0.004697167998529039
0.004132675006985664
0.004098960998817347
0.004122605998418294
0.004224190997774713
0.004071899005793966
0.004257303997292183
0.003902935000951402
0.004094643009011634
0.0046678719954798
0.00402827600191813
0.00428995699621737
0.004178033006610349
0.004306047994759865
0.004293514008168131
0.00454736000392586
0.004119019999052398
0.00387941999360919
0.0041830729896901175
0.0044849119876744226
0.0044041960063623264
0.004008596995845437
0.004103138999198563
0.004330233990913257
0.0041723809990799055
0.004220794988214038
0.004187660990282893
0.004429083986906335
0.004040779007482342
0.004114279989153147
0.004139046999625862
0.003957348992116749
0.004283404996385798
0.004530227990471758
0.004399557990836911
0.003936540000722744
0.004076237004483119
0.004077228993992321
0.004047391994390637
0.004140581004321575
0.004315536003559828
0.004268196003977209
0.0038681779988110065
0.004043655004352331
0.004154927999479696
0.004084202999365516
0.004262814996764064
0.003906281010131352
0.004211587001918815
0.003916330999345519
0.003794435993768275
0.004154957990976982
0.0038952110044192523
0.004249799996614456
0.004239080008119345
0.0042180599994026124
0.004187200000160374
0.004017754996311851
0.0043150450073881075
0.003838630989775993
0.004088540998054668
0.004358638994744979
0.004667340996093117
0.004043003005790524
0.003862197991111316
0.004004248999990523
0.0038751809915993363
0.0036188499943818897
0.003805897998972796
0.003543886006809771
0.003930748993298039
0.0035594569926615804
0.00356980599462986
0.0032468770077684894
0.003027055994607508
0.0028910249966429546
0.002941149999969639
0.002966409010696225
0.0033274010056629777
0.0033081449946621433
0.003202300998964347
0.00279311700433027
0.0030809690069872886
0.0032826550013851374
0.0029165029991418123
0.0030807380098849535
0.003530050002154894
0.003291772009106353
0.003131546007352881
0.003120093999314122
0.0028195769991725683
0.00281566999910865
0.00292462800280191
0.00313287899189163
0.002905060988268815
0.0032732979889260605
0.0031794269889360294
0.003157496001222171
0.0031751990027260035
0.0029819480114383623
0.002843051988747902
0.005470360993058421
0.006909872012329288
0.006416765987523831
0.0026531280018389225
0.0026588589971652254
0.00409398099873215
0.0027733790047932416
0.0037196530029177666
0.005100141002913006
0.005240871003479697
0.004202128999168053
0.004826346004847437
0.003436259998125024
0.005688339006155729
0.005004467006074265
0.004196939000394195
0.0038628479960607365
0.0041869790002238005
0.007800769992172718
0.004585203001624905
0.006771656990167685
0.0054865220008650795
0.010000990005210042
0.009233548000338487
0.0036142509925412014
0.0026287819928256795
0.004742024000734091
0.004933110991260037
0.004787500991369598
0.00397493400669191
0.003255784002249129
0.002845798007911071
0.003679004992591217
0.007052444998407736
0.002268169992021285
0.006713284004945308
0.004513637002673931
0.0034328129986533895
0.005077547000837512
0.006115148004028015
0.0029481139936251566
0.007282806996954605
0.002944257008493878
0.010491891007404774
0.0043973430001642555
0.010408520989585668
0.0052533450070768595
0.0036768110003322363
0.00484780699480325
0.00516975398932118
0.00826488999882713
0.004069554997840896
0.0017519800021545961
0.006665904002147727
0.00803928798995912
0.0044787200022256
0.002931140988948755
0.002855275000911206
0.007426212003338151
0.011633169997367077
0.004537132001132704
0.010105259003466927
0.007917643990367651
0.006379624988767318
0.0035597469977801666
0.004039767009089701
0.004863606998696923
0.0064727629942353815
0.0050683500012382865
0.0052456999983405694
0.007433295002556406
0.0037893970002187416
0.004588179988786578
0.0017032670002663508
0.004079752994584851
0.007099805996404029
0.0028026150102959946
0.006076292993384413
0.0037724940048065037
0.010748022003099322
0.006116710996138863
0.003706568997586146
0.003932342006010003
0.005207706999499351
0.002178388007450849
0.002856016988516785
0.004261202004272491
0.0024944939941633493
0.0036533669917844236
0.004184004006674513
0.006321201988612302
0.0035290779924253
0.003755101002752781
0.0038273599930107594
0.016954684993834235
0.00791477800521534
0.005981230991892517
0.008167434003553353
0.002002499997615814
0.0030312930030049756
0.003495724013191648
0.005306426988681778
0.0035298099974170327
0.0047877719916868955
0.004650458999094553
0.0027164700004504994
0.0050631800113478675
0.006600869004614651
0.009647812010371126
0.002523920004023239
0.005855009003425948
0.006666574001428671
0.004389477995573543
0.0034261700056958944
0.0030321150115923956
0.003999448992544785
0.004288193988031708
0.0023008930002106354
0.0032348340027965605
0.004892443001153879
0.00283794199640397
0.003147215989883989
0.004858848013100214
0.0029145890002837405
0.010223435994703323
0.004380620986921713
0.004371584000182338
0.007423606992233545
0.004229671001667157
0.003434957005083561
0.0030962579912738875
0.004350292991148308
0.010585581010673195
0.003495404002023861
0.0045154189865570515
0.010019534995080903
0.00480319099733606
0.0034605069959070534
0.003736726997885853
0.0028038370073772967
0.003850323992082849
0.008999067998956889
0.004514236992690712
0.002564768001320772
0.006668949994491413
0.0035971489996882156
0.005862773003173061
0.002698234995477833
0.004444282996701077
0.010735278003267013
0.0033702740038279444
0.010353004006901756
0.0036074390081921592
0.0035852860019076616
0.0063999940030043945
0.0055093160044634715
0.0059515240136533976
0.009697998990304768
0.003952200000640005
0.0020099539979128167
0.004420056007802486
0.00481567598762922
0.009954540990293026
0.0035599679977167398
0.009927509003318846
0.004311338008847088
0.003832479997072369
0.013525789996492676
0.011782756002503447
0.004139900003792718
0.005277981006656773
0.004254910003510304
0.004598068000632338
0.004237966990331188
0.004934012002195232
0.004793472995515913
0.007171193006797694
0.00559246500779409
0.0034826089977286756
0.003993508013081737
0.003129652002826333
0.004701415993622504
0.003962669012253173
0.003848751002806239
0.00446474298951216
0.00245773300412111
0.004253598002833314
0.005445413000416011
0.003448813993600197
0.0030967480124672875
0.0037540890043601394
0.006559079003636725
0.004503677002503537
0.003907102989614941
0.003925368000636809
0.006445100007113069
0.0029036479973001406
0.0025614120095269755
0.004461005999473855
0.004371582996100187
0.0025083899963647127
0.008799485003692098
0.0022239250101847574
0.009493966994341463
0.004826856995350681
0.006956992001505569
0.0021057980047771707
0.004292643003282137
0.009190675991703756
0.011375125002814457
0.0038668750057695433
0.0021480190043803304
0.004371714006992988
0.0036919400008628145
0.002049911010544747
0.007648308004718274
0.009450142999412492
0.004307871000492014
0.0027821350086014718
0.005768643008195795
0.0052914380066795275
0.00940291200822685
0.005834638999658637
0.010323608003091067
0.011503411005833186
0.005014687005314045
0.0039631709951208904
0.003769538991036825
0.0034899429883807898
0.0038199959963094443
0.004055779005284421
0.002967981999972835
0.0053848560055484995
0.004629388000466861
0.004870601012953557
0.011006347005604766
0.004896459999145009
0.007630061998497695
0.0019604090048233047
0.009876471012830734
0.003543886006809771
0.0021210779959801584
0.002178898997954093
0.0036404309939825907
0.002640093007357791
0.00813539199589286
0.004083971987711266
0.010428088993648998
0.0068334550014697015
0.00777516100788489
0.003522185012116097
0.0037930940015939996
0.008491002998198383
0.007730785990133882
0.0037743290013168007
0.004523273993982002
0.003661851995275356
0.018055826993077062
0.003980092995334417
0.0040550770063418895
0.003452240998740308
0.007891564004239626
0.003507407003780827
0.0032704619952710345
0.005169454001588747
0.003221819002646953
0.003951979000703432
0.002008221999858506
0.013280398008646443
0.0076167070074006915
0.007298557000467554
0.007501144995330833
0.003514670010190457
0.0045371510059339926
0.007237179001094773
0.006324750007479452
0.004632233001757413
0.0040496360015822574
0.0034242160036228597
0.0088085330062313
0.0036416740040294826
0.005076524990727194
0.011369754996849224
0.005965270000160672
0.005864085993380286
0.0038502239913214
0.004838209002627991
0.0066307259985478595
0.0038013710000086576
0.0029463700047926977
0.004242216004058719
0.0055080829915823415
0.007000925994361751
0.011486237999633886
0.010719247002271004
0.009199902997352183
0.01129826701071579
0.003260452998802066
0.004412192007293925
0.008145421001245268
0.008334934987942688
0.002118984004482627
0.010240789997624233
0.0035935209889430553
0.002541904992540367
0.0037692479963880032
0.00537035999877844
0.003681921007228084
0.004519016001722775
0.005108387005748227
0.0035710989905055612
0.0032333209965145215
0.004564904011203907
0.0033066409960156307
0.008260451999376528
0.007192904013209045
0.006125087005784735
0.003895800997270271
0.0105505639949115
0.0030855880031595007
0.003053886000998318
0.00708217200008221
0.0037775149976368994
0.0033836590009741485
0.00647607899736613
0.005143504007719457
0.0051378140051383525
0.007226198009448126
0.004459121002582833
0.004812489001778886
0.003963511000620201
0.01175409099960234
0.005368615995394066
0.004357716999948025
0.002538187996833585
0.0019842760084429756
0.004913762997603044
0.0036273270088713616
0.00410943099996075
0.006555832995218225
0.003350295010022819
0.00470098499499727
0.010443248000228778
0.003504391002934426
0.00419449400214944
0.0024666209938004613
0.006766737002180889
0.00398518200381659
0.004621853004209697
0.008934112993301824
0.002988660999108106
0.003777684993110597
0.0054510240006493405
0.006632278993492946
0.004976374009856954
0.0035801060002995655
0.011691450999933295
0.004134499991778284
0.004952568007865921
0.0031645490089431405
0.009832666997681372
0.004560426008538343
0.00390825500653591
0.005049073995905928
0.0047804280038690194
0.002580318003310822
0.0029996530065545812
0.004050528004881926
0.010511227999813855
0.007502018008381128
0.006622891000006348
0.004733508001663722
0.003152245990349911
0.0038700720033375546
0.0028106410027248785
0.007517115998780355
0.0027706639957614243
0.005007393003324978
0.003943723000702448
0.005191435993765481
0.007104744989192113
0.003432692989008501
0.003729392003151588
0.0020231899979989976
0.00365677299851086
0.004106506006792188
0.003707280004164204
0.003974331993958913
0.0037643499963451177
0.005174213001737371
0.0019279169937362894
0.00248299099621363
0.0019160049996571615
0.004653543990571052
0.008182712001143955
0.003058935995795764
0.00437123300798703
0.006646246998570859
0.005372202998842113
0.006380585997249
0.007008219996350817
0.0038733480032533407
0.005856682008015923
0.003293536006822251
0.002340138002182357
0.004536790002021007
0.0019020780018763617
0.003813233008258976
0.003505383006995544
0.005692737002391368
0.005492844007676467
0.004038896004203707
0.008782492994214408
0.006319730004179291
0.008144209001329727
0.00678932000300847
0.025537655004882254
0.0058691050071502104
0.004407903004903346
0.003833270995528437
0.004183272991213016
0.0038154869980644435
0.004276731997379102
0.0037101749912835658
0.004192370004602708
0.0038554439961444587
0.003809796995483339
0.0046264319971669465
0.004073161006090231
0.00463718299579341
0.003957078995881602
0.0041549890011083335
0.00478050799574703
0.010155076000955887
0.009168652992229909
0.009039315991685726
0.009157891996437684
0.0036910779890604317
0.0032481090020155534
0.0034319509868510067
0.0033717569895088673
0.00300255800539162
0.0031389499927172437
0.0028992500010645017
0.002826149997417815
0.004426498999237083
0.004327558999648318
0.0039439139945898205
0.004054785997141153
0.004087378008989617
0.0040625910041853786
0.004302261004340835
0.0036680350021924824
0.004072420008014888
0.00394337200850714
0.0038991769979475066
0.003705497001647018
0.004049124996527098
0.003919757000403479
0.003941469010896981
0.0037717639934271574
0.00444893199892249
0.003957859997171909
0.003962919989135116
0.004207178004435264
0.0043897989962715656
0.004308151997975074
0.005333559005521238
0.0053106839914107695
0.005420075001893565
0.004326087000663392
0.0053064759995322675
0.0052915089909220114
0.005379876994993538
0.004399076002300717
0.004912389995297417
0.004474891989957541
0.004231154001899995
0.00452856499759946
0.004969158995663747
0.004516101005719975
0.004521722003119066
0.004685314997914247
0.003980613997555338
0.004768054001033306
0.004065475994138978
0.0049417970003560185
0.00399125499825459
0.004129109001951292
0.004352917996584438
0.004073892006999813
0.004038964994833805
0.004469631996471435
0.004269678000127897
0.00404506700579077
0.004196859008516185
0.004285408009309322
0.00420409299840685
0.004120862999116071
0.004128928005229682
0.004578811000101268
0.004309896001359448
0.004698541000834666
0.004322319000493735
0.005030325992265716
0.004942658997606486
0.004798641995876096
0.00452480700914748
0.005150537996087223
0.004768173996126279
0.004338711005402729
0.004373107003630139
0.005124387011164799
0.0048908789904089645
0.004569493990857154
0.0042961589933838695
0.004712277004728094
0.004306028000428341
0.004400599005748518
0.0041858580079860985
0.004525377997197211
0.00417855400883127
0.004261341993696988
0.004409345987369306
0.004082159008248709
0.004809242993360385
0.004901980995782651
0.004480913994484581
0.004784586009918712
0.008900580010958947
0.009778271996765397
0.00892963599471841
0.003593692003050819
0.0034135259920731187
0.003351958002895117
0.0032824949885252863
0.0032510650053154677
0.003205857996363193
0.004252354003256187
0.003924516000552103
0.0041036900074686855
0.003644879994681105
0.0041899259958881885
0.004186488993582316
0.004284826994989999
0.004082319006556645
0.004409155997564085
0.0046025560004636645
0.004334892990300432
0.0039867549930932
0.00421014400490094
0.004017744999146089
0.0042788560094777495
0.00443500500114169
0.004454071997315623
0.004525999000179581
0.004731874985736795
0.004501172006712295
0.00470643601147458
0.004671488000894897
0.004667030007112771
0.004359139988082461
0.0045593539980473
0.004288844997063279
0.005381559996749274
0.0048046949959825724
0.004371123010059819
0.01070746399636846
0.004900437998003326
0.00446448200091254
0.004980532001354732
0.004528745004790835
0.004330846000812016
0.003978920998633839
0.004504187003476545
0.004492505002417602
0.004509708989644423
0.004489009006647393
0.004925315995933488
0.004863337002461776
0.0043656920024659485
0.0041167849994963035
0.0046344680013135076
0.004384088009828702
0.0040942319901660085
0.004023244997370057
0.004275179002434015
0.004431267996551469
0.004724200000055134
0.004711726011009887
0.004988436005078256
0.004830903999391012
0.005165316004422493
0.0042942750005749986
0.0036565619957400486
0.004656910998164676
0.0037680370005546138
0.0042341309890616685
0.003860584009089507
0.0038658539997413754
0.004000671993708238
0.003638478010543622
0.00425198400625959
0.00384366100479383
0.0041336879949085414
0.004548253011307679
0.004112746988539584
0.004987715001334436
0.004642622996470891
0.004456356007722206
0.004327189002651721
0.004194253007881343
0.004643314998247661
0.004086957007530145
0.004401080004754476
0.0040781710122246295
0.0042118470009882
0.0046191790024749935
0.008840554000926204
0.00886707499739714
0.00340053100080695
0.0034873080003308132
0.004468329003429972
0.003960786008974537
0.003812621987890452
0.0036374359915498644
0.004156441995291971
0.004277051993994974
0.0038431910070357844
0.0035995030048070475
0.004063772998051718
0.0048608219949528575
0.004289946999051608
0.004681167003582232
0.004536940992693417
0.00412804601364769
0.00464943700353615
0.004707407002570108
0.004736312999739312
0.004084522995981388
0.004436187009559944
0.0048622440081089735
0.004387284003314562
0.004511491992161609
0.003997264997451566
0.004795015993295237
0.0045850830065319315
0.004125241001020186
0.00395825099258218
0.004530527992756106
0.004285639006411657
0.004333541000960395
0.0038311969983624294
0.004277984000509605
0.0042360030056443065
0.004412052003317513
0.004144929000176489
0.004281570989405736
0.00409596499230247
0.004044496003189124
0.004433933005202562
0.004173723995336331
0.004235212007188238
0.0037563639925792813
0.003752036005607806
0.004240092006511986
0.0037561330100288615
0.004097627999726683
0.0038524069968843833
0.0036882429994875565
0.004152683992288075
0.008861123002134264
0.004154627997195348
0.004392324000946246
0.004277935004211031
0.004036240003188141
0.004322328997659497
0.004310115007683635
0.004814032989088446
0.004468379993340932
0.004045076988404617
0.004407262007589452
0.0034163020027335733
0.004423954000230879
0.004024408000987023
0.003814605006482452
0.0037914610002189875
0.004498867012443952
0.004011614000773989
0.003973400001996197
0.004596855986164883
0.005017882998799905
0.004395658994326368
0.004787782003404573
0.004357416997663677
0.004653673997381702
0.004464161000214517
0.004264538001734763
0.004409386005136184
0.004238948997226544
0.004737715993542224
0.004353438998805359
0.004645530003472231
0.004387905006296933
0.004220222996082157
0.004175546986516565
0.0036510819918476045
0.0036640759935835376
0.004253316990798339
0.004004189002444036
0.00412073299230542
0.003984301001764834
0.0037720539985457435
0.0042961199942510575
0.004625971996574663
0.004062922002049163
0.004378487006761134
0.004030248994240537
0.004371474002255127
0.004634999000700191
0.004078451995155774
0.0044119710073573515
0.0028077040042262524
0.0028891709953313693
0.004511683000600897
0.0044115399941802025
0.004064113003551029
0.004419796008733101
0.004975200994522311
0.0046464909974019974
0.0008337990002473816
0.0007565910054836422
0.000753754997276701
0.0008236190042225644
0.0007547970017185435
0.0007527139969170094
0.0038563050038646907
0.004296068989788182
0.003895541012752801
0.004323371002101339
0.0037852090026717633
0.003671020007459447
0.004114430004847236
0.0029438960045808926
0.004181548996712081
0.003654978994745761
0.004064544991706498
0.003618850008933805
0.0037278189993230626
0.004275760002201423
0.0040878690051613376
0.004764356999658048
0.004161450997344218
0.004202399999485351
0.004486393998377025
0.004262364003807306
0.003975854997406714
0.0037283999990904704
0.004097327997442335
0.004083181003807113
0.004035699996165931
0.00463162201049272
0.0038696810079272836
0.004137013995205052
0.00423473100818228
0.005844067010912113
0.004680165002355352
0.004993886992451735
0.003837650001514703
0.0018940029985969886
0.017599051003344357
0.007984722993569449
0.007032016001176089
0.005685293013812043
0.004320635998737998
0.0029831209976691753
0.005565342988120392
0.006746838000253774
0.0043218479986535385
0.004090624992386438
0.003502776991808787
0.0065363949979655445
0.01486541899794247
0.004435966999153607
0.0036767910060007125
0.004835252999328077
0.01492090499959886
0.005012402994907461
0.006029543001204729
0.004426929997862317
0.004348128000856377
0.004542832000879571
0.005957444998784922
0.007583452999824658
0.0025478559982730076
0.004472617001738399
0.0055195750028360635
0.004019006999442354
0.002333174998057075
0.005678781002643518
0.002644571999553591
0.0042085510067408904
0.0038200959970708936
0.006893259007483721
0.0040135970048140734
0.0026666640042094514
0.004588540003169328
0.004423642996698618
0.004367535992059857
0.004177201000857167
0.0072704729973338544
0.003951047008740716
0.007813935008016415
0.0052369429904501885
0.0049716649955371395
0.004532572012976743
0.005705310992198065
0.005118276007124223
0.014820362004684284
0.0021426790044642985
0.014197997996234335
0.004662370993173681
0.0034075150033459067
0.007902476005256176
0.004174715999397449
0.01517256700026337
0.006958635000046343
0.004843318005441688
0.006881235996843316
0.003997627005446702
0.004172321001533419
0.004120051002246328
0.003164499008562416
0.006109194990131073
0.006180632990435697
0.006441463003284298
0.004174044996034354
0.004363567990367301
0.004483158001676202
0.004161541000939906
0.0019578049978008494
0.0024393780040554702
0.003620322997448966
0.00431088799086865
0.01512040699890349
0.004080635990248993
0.00763462099712342
0.005296167000778951
0.0064004239975474775
0.006403880994184874
0.004785447003087029
0.006381908999173902
0.003412774996832013
0.0033753030002117157
0.004882002991507761
0.003798485005972907
0.0060170590004418045
0.005240950995357707
0.004993016002117656
0.0062074750021565706
0.004362666993984021
0.004279767003026791
0.00505011499626562
0.0040545550000388175
0.00458193699887488
0.003714152000611648
0.007433485996443778
0.0053473040024982765
0.0037828349886694923
0.0044807630038121715
0.0044394939905032516
0.004190837003989145
0.003155451995553449
0.004603959998348728
0.0034833499958040193
0.01474876499560196
0.00378956799977459
0.003270311004598625
0.006574408005690202
0.005825983011163771
0.005305023994878866
0.006542336996062659
0.0026868129934882745
0.004012295001302846
0.006308707990683615
0.017206437987624668
0.014939009997760877
0.005348407008568756
0.006677766010398045
0.0060033829940948635
0.008379459992283955
0.0074812569946516305
0.00583195399667602
0.006425724001019262
0.003515902004437521
0.004547460004687309
0.003786340996157378
0.004379118006909266
0.005993893995764665
0.0052395579987205565
0.002798266999889165
0.014885856988257729
0.004907110997010022
0.006893729994772002
0.0035580330004449934
0.00273936300072819
0.005693829007213935
0.006733884001732804
0.015235999002470635
0.005064641998615116
0.00455243099713698
0.004332748998422176
0.00239581499772612
0.007164679002016783
0.004811016988242045
0.003830545989330858
0.002807033000863157
0.006199560011737049
0.006599405998713337
0.004446967999683693
0.002413719004835002
0.003991906007286161
0.0034810250072041526
0.015185632000793703
0.00514141000167001
0.007104795993654989
0.01521633101219777
0.007224684988614172
0.00286190900078509
0.006166104998555966
0.00519408100808505
0.00523056200472638
0.0038626879977528006
0.014731089991983026
0.0037273789930623025
0.0021378700039349496
0.005223437998211011
0.005179814004804939
0.017562751003424637
0.004848647993640043
0.00424701499287039
0.006110547998105176
0.003461067986791022
0.004737315000966191
0.007744823000393808
0.004705554005340673
0.0060354750021360815
0.015088736996403895
0.004111373986233957
0.004618696999386884
0.003928403995814733
0.002523608985939063
0.005775635989266448
0.00447269799769856
0.004084724001586437
0.008195978007279336
0.008041452005272731
0.00643256600596942
0.0050303869938943535
0.004173623994574882
0.0055035449913702905
0.004899645995465107
0.0025457020092289895
0.0037752999924123287
0.002602660999400541
0.015606280008796602
0.004320797001128085
0.006297526997514069
0.007266725995577872
0.003271773995948024
0.008352898003067821
0.0063247189973481
0.014452757008257322
0.004817378998268396
0.0062106109980959445
0.005383875002735294
0.002844975999323651
0.00421302899485454
0.0047640259872423485
0.004835512998397462
0.0051610580121632665
0.005219580008997582
0.0060187019989825785
0.005457245002617128
0.006531495993840508
0.004441737997694872
0.006076061996282078
0.005227685003774241
0.0042123479943256825
0.00503917399328202
0.006437866002670489
0.004316267993999645
0.004745541009469889
0.002668757995706983
0.005982102011330426
0.003961327005526982
0.0073528110078768805
0.006614545010961592
0.004472717992030084
0.0038020819920348004
0.00682299499749206
0.004935876000672579
0.004259098001057282
0.006540311995195225
0.005996209991280921
0.0039895610098028556
0.006653278993326239
0.006115067008067854
0.006935811004950665
0.004737033988931216
0.00646863499423489
0.004991661990061402
0.004181329000857659
0.01506234600674361
0.004935334000037983
0.005432779013062827
0.0033917050022864714
0.005987010998069309
0.017804535003961064
0.004398495992063545
0.00434324900561478
0.006289220997132361
0.005902839999180287
0.003593691988498904
0.006418640012270771
0.006030645003193058
0.00427224300801754
0.005672468992997892
0.005536918994039297
0.004806356999324635
0.002461280004354194
0.006507159007014707
0.004585604008752853
0.015657627998734824
0.00393590799649246
0.014621661001001485
0.00567127599788364
0.0038754019915359095
0.0047756089916219935
0.004869237993261777
0.0040012539975577965
0.0042347309936303645
0.0069173959927866235
0.0053412830020533875
0.00628630600112956
0.006510416002129205
0.0033160890016006306
0.0021864730078959838
0.00472775699745398
0.00457706798624713
0.015259484003763646
0.01330653901095502
0.005320843993104063
0.005734846999985166
0.006118292993051
0.005017974006477743
0.006121218000771478
0.007766663999063894
0.005997411994030699
0.0027123720064992085
0.00442416500300169
0.006184529993333854
0.004472888002055697
0.004059946004417725
0.017872155003715307
0.006986148000578396
0.003870853004627861
0.007779409002978355
0.0055078029981814325
0.00751065400254447
0.016127839000546373
0.0030424849974224344
0.0035002329968847334
0.00422492201323621
0.006725096987793222
0.0036331479932414368
0.004148414998780936
0.0068558580096578225
0.005936154004302807
0.0036268659896450117
0.003838942007860169
0.003952731000026688
0.0022357480047503486
0.00471732699952554
0.005278273005387746
0.005613003988401033
0.006382018997101113
0.004844569994020276
0.013731302999076433
0.004917320009553805
0.004721434001112357
0.004372355004306883
0.004200855997623876
0.003956357002607547
0.003955345004214905
0.0028017940057907254
0.006977020006161183
0.006490126994322054
0.006017661013174802
0.0036728130071423948
0.005661969000357203
0.004099420999409631
0.010145375999854878
0.0055210880091181025
0.01486624000244774
0.0042548490018816665
0.003925046999938786
0.006069629991543479
0.005930804007221013
0.004076738987350836
0.005121883004903793
0.00294728200242389
0.0027603329945122823
0.0054041940020397305
0.0030206519877538085
0.0038388620014302433
0.0037885859928792343
0.004695524999988265
0.006737800998962484