0.004921487998217344
0.004885499001829885
0.005252742994343862
0.0052346579905133694
0.004972456008545123
0.005114958999911323
0.005091354003525339
0.004905718000372872
0.004971222995663993
0.0050233029905939475
0.005431215002317913
0.0051902539998991415
0.004889477000688203
0.005002894002245739
0.0049125910009024665
0.004915507000987418
0.004880951004452072
0.005191856005694717
0.005122674003359862
0.005086785007733852
0.004869198004598729
0.004923311003949493
0.004967066008248366
0.0049570959963602945
0.00549309300549794
0.005262491991743445
0.005199942999752238
0.005224638996878639
0.005219309008680284
0.005316195005434565
0.005187628994463012
0.005118204993777908
0.0051520700071705505
0.0052700259984703735
0.005176756996661425
0.005009916989365593
0.004944311003782786
0.005040987001848407
0.004915395998978056
0.005007233005017042
0.005135318002430722
0.005060694995336235
0.004903141991235316
0.004979599005309865
0.005728306001401506
0.0003918110014637932
0.0003025600017281249
0.0003013380046468228
0.005085361990495585
0.0050494939932832494
0.005012852998333983
0.004870329998084344
0.0049266580026596785
0.00505472399527207
0.004986772997654043
0.004466135011170991
0.004805456002941355
0.005071645995485596
0.005024415004299954
0.005058951006503776
0.005129185999976471
0.004703088998212479
0.005004077000194229
0.005018092997488566
0.005023272999096662
0.0050344949995633215
0.005169683994608931
0.004915797006106004
0.004972235998138785
0.0049955100112129
0.00498987000901252
0.004957035998813808
0.004979119010386057
0.0049713129992596805
0.005054513007053174
0.005008495005313307
0.004954992007697001
0.004981513004167937
0.0051874180062441155
0.005015137998270802
0.004966445005265996
0.004877843995927833
0.004969129993696697
0.004942858999129385
0.0050155680073658004
0.004975741991074756
0.005025507998652756
0.004922039006487466
0.004898675004369579
0.004884256006334908
0.004921068000840023
0.0050170510075986385
0.005060194001998752
0.0061046780028846115
0.00015596000594086945
0.00013900701014790684
0.00024297600612044334
0.0002610500087030232
0.00023651400988455862
0.0003924830089090392
0.005288992004352622
0.005409352990682237
0.009987842990085483
0.005626239988487214
0.011211290999199264
0.010195160997682251
0.010432305993163027
0.010452704998897389
0.00012280599912628531
0.00010835799912456423
0.00010607400326989591
0.00010436000593472272
0.00010293700324837118
0.00010419900354463607
0.00021199700131546706
0.005084299991722219
0.005323850011336617
0.005624476994853467
0.00016178999794647098
0.00010920000204350799
0.00010743600432761014
0.00012833598884753883
0.00010952999582514167
0.00010591300087980926
0.00028099899645894766
0.0054513240029336885
0.0001588849991094321
0.00018300100055057555
0.00017721000767778605
0.00017483500414527953
0.00019295999663881958
0.000232635997235775
0.00024059100542217493
0.00023284601047635078
0.0002358619967708364
0.00021881000429857522
0.00019497399625834078
0.00017443399701733142
0.0001701560104265809
0.0001731919910525903
0.00017375301104038954
0.00017519599350634962
0.0001863979996414855
0.00017410398868378252
0.00017217999265994877
0.00018506500055082142
0.00017250100790988654
0.00024910799402277917
0.00026961701223626733
0.00025265499425586313
0.0002479660033714026
0.0002459310053382069
0.0002470540057402104
0.00026344499201513827
0.00017496600048616529
0.00017287199443671852
0.00017324199143331498
0.00017062699771486223
0.0001712680095806718
0.00017813200247474015
0.000169114995514974
0.0002546679897932336
0.00025200299569405615
0.0002492680068826303
0.00024966899945866317
0.0002670820103958249
0.0002556999970693141
0.00025755401293281466
0.00025172300229314715
0.00025468900275882334
0.0002561810106271878
0.000268094998318702
0.0002556609979365021
0.0002538069966249168
0.0002501599956303835
0.00024861699785105884
0.0002523139992263168
0.00024693300656508654
0.00025729299522936344
0.0002497990062693134
0.00024507999478373677
0.0002499599941074848
0.00011760499910451472
0.005695603002095595
0.006406275992048904
0.005117754000821151
0.00016474598669447005
0.005546446001972072
0.0003901780000887811
0.0001432450080756098
0.00793198199244216
0.00011724499927368015
0.00010673499491531402
0.0046957949962234125
0.00014545900921802968
0.004731855005957186
0.006437516000005417
0.00027648000104818493
0.00013905699597671628
0.00017856199701782316
0.000253396006883122
0.0055540300090797246
0.005479929008288309
0.00028601899975910783
0.00016091800353024155
0.005439491011202335
0.0002649380039656535
0.00023361798957921565
0.004884566995315254
0.00020302900520619005
0.0062045380036579445
0.004660979000618681
0.004752834007376805
0.006191975000547245
0.00020302900520619005
0.004826024989597499
0.00021019300038460642
0.00010425999062135816
0.00010609399760141969
0.004957847006153315
0.005814450996695086
0.0002732540015131235
0.0001561190001666546
0.0049566849920665845
0.0002637959987623617
0.004753736007842235
0.00015355499635916203
0.00595146301202476
0.004882151988567784
0.00499545899219811
0.00022226700093597174
0.0054948580072959885
0.005728977004764602
0.006095127988373861
0.00685226998757571
0.00021892999939154834
0.0001930399885168299
0.00042275099258404225
0.00011617300333455205
0.005204169996432029
0.005303080004523508
0.00029941399407107383
0.00020178699924144894
0.0001074659958248958
0.004762012991704978
0.00014703199849464
0.004999458004022017
0.0001858059986261651
0.00012239500938449055
0.0001308210048591718
0.00013461901107802987
0.00014706200454384089
0.0001878199982456863
0.00010229699546471238
0.00015036801050882787
0.00010147399734705687
0.004633175005437806
0.00020259901066310704
0.00011229499068576843
0.000171748994034715
0.0045577699929708615
0.0003321270050946623
0.00425144299515523
0.0001501380029367283
0.00016880400653462857
0.004503075004322454
0.000281098997220397
0.004942176994518377
0.0001874699955806136
0.00010122399544343352
0.004546589989331551
0.0002865800051949918
0.0059178179944865406
0.0001488050038460642
0.000254066995694302
0.00010489199485164136
0.00010391899559181184
0.005100592010421678
0.0001436949969502166
9.916999260894954e-05
9.861899889074266e-05
0.004627703994628973
0.00023458999930880964
0.004835022002225742
0.005937947003985755
0.00020484298875089735
0.00010355800623074174
0.004436077011632733
0.00020720800966955721
0.00010298800771124661
9.49120003497228e-05
0.00015973699919413775
0.00011801600339822471
0.0002709789987420663
0.00020611500076483935
0.004608368006302044
0.00022352900123223662
0.0042498999973759055
0.0002271859993925318
0.00010510199354030192
0.00016181000682990998
0.00019583599350880831
9.53230046434328e-05
9.43509949138388e-05
9.899999713525176e-05
0.010979755999869667
0.004728517989860848
0.0058206219982821494
0.00020178699924144894
0.00010673499491531402
0.00010234599176328629
0.004667390996473841
0.0001613589993212372
0.000182941003004089
0.00017970400222111493
0.004925164990709163
0.00014818400086369365
0.004489008992095478
0.004212058003759012
0.00027187100204173476
0.0002417939977021888
0.00018887199985329062
0.0001953350001713261
0.00011056198854930699
0.004265010007657111
0.005950941995251924
0.006330591000732966
0.00033459199767094105
0.00027214200235903263
0.00010688499605748802
0.00029122899286448956
0.0002444589918013662
0.00012713400064967573
0.00025369699869770557
0.00012576200242619962
0.004734248999739066
0.00032826000824570656
0.0001718499988783151
0.00021353000192902982
0.00023706399952061474
0.005717765001463704
0.0057482830015942454
0.00021932099480181932
0.0002009349991567433
0.006116299002314918
0.0045895520015619695
0.00021601399930659682
0.0045602550089824945
0.0003510329988785088
0.00011024100240319967
0.0001264220045413822
0.00022900999465491623
0.00020931199833285064
0.004551819001790136
0.00015971699031069875
0.0002002240071306005
0.00024981900060083717
0.00016716000391170382
0.00020469300216063857
0.0002657290024217218
0.004479240000364371
0.0056453059951309115
0.00022864800121169537
0.004804944997886196
0.00013582099927589297
0.00017904301057569683
0.0001591059990460053
0.00015682101366110146
0.00012829600018449128
0.00013328500790521502
0.00012874699314124882
1.1241005267947912e-05
0.00010844800272025168
0.005046347010647878
0.0003065880009671673
0.00019537500338628888
0.0001819789904402569
0.00019503399380482733
9.584400686435401e-05
9.618399781174958e-05
9.517199941910803e-05
9.610499546397477e-05
0.00011191399244125932
0.00011084201105404645
0.000110752007458359
0.00010888899851124734
0.00010857800953090191
0.00010911899153143167
0.00010921999637503177
0.00011036200157832354
0.0001081269874703139
0.00010703499719966203
0.00010712599032558501
0.006097252990002744
0.00010008199024014175
0.00016681000124663115
0.00015244200767483562
0.00018712799646891654
9.942999167833477e-05
0.0001570009917486459
9.883999882731587e-05
9.696600318420678e-05
9.608399705030024e-05
9.766699804458767e-05
8.535401138942689e-05
8.411100134253502e-05
9.047400089912117e-05
0.00015400499978568405
0.00015293399337679148
0.00015237199841067195
0.0001561599929118529
0.0001741640007821843
0.00016901400522328913
0.00019265999435447156
0.00011115300003439188
0.0001603980053914711
9.463100286666304e-05
9.52929985942319e-05
9.566401422489434e-05
9.526299254503101e-05
9.677599882707e-05
9.626499377191067e-05
9.387999307364225e-05
9.500198939349502e-05
9.392001084052026e-05
9.45510109886527e-05
9.061400487553328e-05
0.00011692500265780836
0.00011357800394762307
0.0001304500037804246
0.0001232270005857572
0.00011210500088054687
0.00011204500333406031
0.00011178400018252432
0.00011144399468321353
0.00011138299305457622
0.00015559900202788413
0.0001657980028539896
0.0001217239914694801
0.0001406399969710037
0.00024859698896761984
0.005068309998023324
0.005240950005827472
0.004896680999081582
0.00480540499847848
0.00011432899918872863
0.00010634399950504303
0.00010466099774930626
0.006036787002813071
0.00015465599426534027
0.00019615600467659533
0.0003302629920653999
0.00032909099536482245
0.0003119080065516755
0.0041042109951376915
0.0002227770019089803
0.00016428499657195061
9.59639874054119e-05
0.00548099099250976
0.005048110993811861
0.004940553990309127
0.005405486997915432
0.005818078003358096
0.007072092004818842
0.0075876210030401126
0.006349396993755363
0.007027817002381198
0.0070598290039924905
0.005717754989746027
0.009293623006669804
0.008823020005365834
0.0060601719887927175
0.008058402992901392
0.005875857998034917
0.008662683001603
0.007272516988450661
0.006686533000902273
0.006367731009959243
0.00588575798610691
0.006277859007241204
0.006318436004221439
0.005985538009554148
0.00639953299832996
0.0003477569989627227
0.005908710998483002
0.00029832200380042195
0.0056119429937098175
0.00030981400050222874
0.005350080013158731
0.00558526000531856
0.008712829003343359
0.007652976011740975
0.00020160700660198927
0.000270017990260385
0.00016199999663513154
0.00015798299864400178
0.00015353401249740273
0.006542717004776932
0.005285656006890349
0.005070162995252758
0.005999696004437283
0.00499025899625849
0.004788442995049991
0.005735929997172207
0.005440473003545776
0.005319191011949442
0.005768111994257197
0.005330462008714676
0.00013564000255428255
0.006649893010035157
0.006925942012458108
0.005212586009292863
0.005858435004483908
0.0054509129986399785
0.005254245988908224
0.0075698669970734045
0.008767843988607638
0.00709666901093442
0.00815016900014598
0.005488986003911123
0.006049570991308428
0.005588126994553022
0.0060776850004913285
0.004938110010698438
0.004894095996860415
0.005527450004592538
0.00572222399932798
0.005567536994931288
0.0055385610030498356
0.0056375710119027644
0.0052383260044734925
0.005985588009934872
0.00486670300597325
0.00519596399681177
0.005761818989412859
0.005463348003104329
0.005074300992419012
0.005928819009568542
0.005324932004441507
0.005308260006131604
0.005753213001298718
0.005670575003023259
0.005843345992616378
0.0068338660057634115
0.005860128003405407
0.00013884699728805572
0.0001087380078388378
0.00010902900248765945
0.00010336800187360495
0.005534903990337625
0.006028711999533698
0.005286547995638102
0.006063688997528516
0.004922820997308008
0.005359376998967491
0.00013587999274022877
0.00011445999552961439
0.00011435001215431839
0.00010506100079510361
0.00010266700701322407
0.00010177500371355563
0.0001017460017465055
0.00010617299994919449
0.00012057198910042644
0.0001501380029367283
0.00013064999075140804
0.00010322799789719284
0.00010177599324379116
0.006286837000516243
0.00031012399995233864
0.005426206000265665
0.005546807995415293
0.005577625997830182
0.005129035998834297
0.005659012997057289
0.005525386004592292
0.00521432000095956
0.0059500399947864935
0.005470781004987657
0.0002053339994745329
0.000144677993375808
0.00013168300210963935
0.0001148899900726974
0.00011308700777590275
0.00011073199857492
0.006468874998972751
0.0002778430061880499
0.0001903950033010915
0.00016102800145745277
0.00016206099826376885
0.00618713500443846
0.0053213149949442595
0.005762170010711998
0.00018482400628272444
0.0001176959922304377
0.00012183398939669132
0.0001183869899250567
0.00015923500177450478
0.00014795400784350932
0.00012237500050105155
0.00010760700388345867
0.00010631399345584214
0.00010631400800775737
0.00010522198863327503
0.00010473100701346993
0.00010989099973812699
0.00010502101213205606
0.00010490100248716772
0.00010595300409477204
0.00010503099474590272
0.0001170450123026967
0.00011189399810973555
0.00011768600961659104
0.00010627400479279459
0.00010509099229238927
0.00010437000310048461
0.0001036689936881885
0.00010633400233928114
0.00010489200940355659
0.00010489100532140583
0.00010397899313829839
0.00010371899406891316
0.00010307799675501883
0.00010451099660713226
0.00011576199904084206
0.00010468000255059451
0.005658130001393147
0.00623035900935065
0.0059523550007725134
0.005660946000716649
0.00015106899081729352
0.00011012099275831133
0.00012323699775151908
0.00011431900202296674
0.00015499700384680182
0.00012654300371650606
0.00010250700870528817
0.00010110400035046041
9.964100900106132e-05
9.864899038802832e-05
9.987100202124566e-05
0.00010455001029185951
0.00010933000885415822
0.00010683499567676336
0.00010754600225482136
0.00010625401046127081
0.00010377900616731495
0.00014820399519521743
0.00016701099229976535
0.000168573998962529
0.00014802400255575776
0.00011549198825377971
0.00014533899957314134
0.00010970000585075468
0.00010578299406915903
0.000120801996672526
0.00559777399757877
0.0002622320025693625
0.00019873100973200053
0.00012277498899493366
0.00011797600018326193
0.00011300599726382643
0.00011836699559353292
0.0001250300119863823
0.00011522098793648183
0.0001135580096160993
0.00011022099351976067
0.00686354300705716
0.008015530998818576
0.00619517000450287
0.006683476996840909
0.0077020110038574785
0.006679660000372678
0.006179459989652969
0.00014099100371822715
0.0001234259980265051
0.0074632820033002645
0.007292784997844137
0.005382200994063169
0.00013614101044368
0.0063911359902704135
0.005012061999877915
0.0002047320012934506
0.00012046100164297968
0.0001736230042297393
0.004951205002726056
0.0054969109914964065
0.00016867399972397834
0.00019452300330158323
0.00011236598948016763
0.005278743003145792
0.005542408995097503
0.00024967899662442505
0.005781187006505206
0.011484533999464475
0.005498975006048568
0.0001302699965890497
0.00017924299754668027
0.01129450899315998
0.00531560399394948
0.00019672799680847675
0.00011261599138379097
0.005048391001764685
0.000279476007563062
0.00011157400149386376
0.0001102419919334352
0.00010717599070630968
0.00010613299673423171
0.00010467099491506815
0.00010552200546953827
0.00010812800610437989
0.00010852800915017724
0.00010778701107483357
0.00013899699843022972
0.00017613799718674272
0.00014035899948794395
0.00014718300371896476
0.00010710601054597646
0.00010483100777491927
0.00010266700701322407
0.0001105720002669841
0.00010877900058403611
0.00010633400233928114
0.0001741640007821843
0.00011180499859619886
0.00015721199451945722
0.00015747199358884245
0.00017540600674692541
0.00015250200522132218
0.00011855800403282046
0.00013649099855683744
0.00011018100485671312
0.00010664499131962657
0.00012602200149558485
0.00011043199629057199
0.00011682399781420827
0.0001329039951087907
1.2764998245984316e-05
0.00011488099698908627
0.00010714500967878848
0.0001067749981302768
0.00010667499736882746
0.00011253499542362988
0.005588747008005157
1.7704005585983396e-05
0.00013151300663594157
0.00013367699284572154
0.0001309710060013458
0.00010687499889172614
0.00013271499483380467
0.00014644100156147033
1.3324999599717557e-05
0.00010357800056226552
1.0349001968279481e-05
0.006810320002841763
0.00021194599685259163
0.00011505100701469928
0.0001102920068660751
0.005325682999682613
0.00044768799853045493
0.00606536099803634
0.00014709199604112655
1.249399792868644e-05
0.00012659200001507998
0.005729468000936322
2.6901994715444744e-05
0.00017672900867182761
0.00013000999751966447
0.00011617300333455205
0.004875540005741641
2.2763997549191117e-05
0.00013322499580681324
0.00012733398762065917
0.0001425829977961257
0.00011867700959555805
0.00012299499940127134
1.1441996321082115e-05
0.00013704199227504432
0.00012696400517597795
0.00013993799802847207
1.5148994862101972e-05
0.00011286599328741431
0.005063890988822095
0.00020122599380556494
0.00012003000301774591
0.00013922699145041406
0.00015640999481547624
0.00022399000590667129
0.00027345500711817294
0.0072995289956452325
0.00016189100279007107
0.004766671001561917
0.00022717600222676992
0.00016321300063282251
0.00016504699306096882
0.005161587992915884
5.46850060345605e-05
0.00029224999889265746
0.0067295949993422255
0.00016611900355201215
0.00012765500287059695
0.00010658400424290448
0.00011395900219213217
9.8048010841012e-05
0.004910307005047798
0.00016380399756599218
0.0001319029979640618
0.005162860994460061
0.00015471600636374205
0.006349617004161701
2.2652995539829135e-05
0.004810694998013787
0.0060093040083302185
1.76539906533435e-05
1.2684002285823226e-05
1.378600427415222e-05
0.00633552999352105
0.00017775100423023105
0.005747621995396912
0.00477072800276801
0.0001457089965697378
0.00012194299779366702
0.00010493199806660414
0.00010147500142920762
0.00010255600500386208
1.1841999366879463e-05
0.00013836500875186175
1.365599746350199e-05
8.716000593267381e-06
0.004769527004100382
1.8455000827088952e-05
1.3416007277555764e-05
0.00014059999375604093
0.00010329899669159204
0.00017528700118418783
0.00010569300502538681
0.00012162300117779523
0.00010839800233952701
0.00012493999383877963
1.4147008187137544e-05
9.998200403060764e-05
1.0239004041068256e-05
0.0002007750008488074
0.00011194500257261097
1.0218995157629251e-05
0.006036476988811046
0.00014858500799164176
0.0001237579999724403
1.4838995411992073e-05
0.0001371830003336072
0.00011066200386267155
0.00011063199781347066
0.00014166199252940714
0.006848654011264443
0.00017777099856175482
0.00012490000517573208
0.00011043199629057199
1.588099985383451e-05
0.00012061200686730444
0.00012003000301774591
0.00011171399091836065
0.00010878901230171323
1.1441996321082115e-05
0.0001164639979833737
0.00011250500392634422
1.095100014936179e-05
9.989101090468466e-05
0.00010441998892929405
0.00011495099170133471
0.00013430800754576921
0.00012061100278515369
0.00010508199920877814
0.00011299698962830007
0.0001308510109083727
0.0001140489912359044
1.1100986739620566e-05
0.00010955000470858067
0.00011842799722217023
0.00012253499880898744
0.0001613589993212372
0.00010933900193776935
0.00010413999552838504
0.000107686995761469
0.0001124560076277703
0.006026146002113819
0.00014829500287305564
0.00011479998647700995
0.00010378900333307683
0.0001425240043317899
0.00011545199959073216
0.0001089489960577339
0.00010508100967854261
1.683298614807427e-05
0.00665467198996339
0.00015314400661736727
0.005476832011481747
0.00014493799244519323
0.00012221500219311565
0.004630059003829956
0.00015518699365202338
0.00011427899880800396
0.00010535199544392526
0.0001072349987225607
0.00012256500485818833
0.00010930999997071922
0.005071084990049712
0.0001868379913503304
0.0001386560034006834
0.00010694499360397458
0.00011211499804630876
0.00011088300379924476
1.674199302215129e-05
0.00011317699681967497
0.00018767001165542752
0.00010951000149361789
0.00012847701145801693
0.00010557200585026294
0.004941746999975294
0.0001494069874752313
0.00011518099927343428
0.004694632996688597
0.0001675810053711757
0.00011192499368917197
0.005127192998770624
0.00013237399980425835
0.00012410798808559775
0.00012356699153315276
1.794499985408038e-05
0.0001363019982818514
0.0001081770024029538
0.00012238499766681343
0.00011221499880775809
1.1692987754940987e-05
0.00010782699973788112
0.0001070849975803867
0.00010295800166204572
0.0001481140061514452
1.1422001989558339e-05
0.00010487101098988205
0.00011528100003488362
0.00011944900325033814
0.00010416998702567071
0.00013550999574363232
0.00013155199121683836
1.1141004506498575e-05
0.00011059200915042311
0.005057949994807132
0.0001713290112093091
0.00012657299521379173
0.00019105699902866036
0.00027264299569651484
0.006283370006713085
0.0001960160007001832
0.00014209300570655614
0.00013969800784252584
1.648200850468129e-05
0.005862884005182423
2.009799936786294e-05
0.00017003600078169256
0.005846302010468207
0.0001648460020078346
0.00015474700194317847
0.0001572110049892217
0.0001106730051105842
0.005090542006655596
0.0054994870006339625
0.0002080189879052341
0.00011094300134573132
1.193300704471767e-05
0.00012491999950725585
0.00011578199337236583
0.00011763600923586637
0.00011540100967977196
0.00016168999718502164
0.004817337990971282
0.0060381290095392615
0.00016031700943131
0.00013795500854030252
0.0001242279977304861
0.007489231997169554
0.0001982609974220395
0.00014870500308461487
0.006080078994273208
0.0001743039902066812
0.0045465790026355535
0.00014532900240737945
0.00010662399290595204
0.00012917700223624706
0.00010605399438645691
0.00010874800500459969
0.004781278999871574
0.00015986700600478798
0.006427646003430709
2.246299118269235e-05
1.4788995031267405e-05
0.00015921499289106578
0.000144848003401421
0.00011326700041536242
0.00012069199874531478
0.000109629996586591
0.005654384003719315
2.1180996554903686e-05
0.00017779100744519383
0.006231770006706938
0.00017270199896302074
0.00011549200280569494
0.00011192499368917197
0.000109629996586591
0.0001157020014943555
0.00014855500194244087
1.1240990716032684e-05
0.00013263500295579433
0.00011466999421827495
0.00010760599980130792
0.00010953999299090356
0.00014178200217429549
1.317600253969431e-05
9.828899055719376e-05
0.0001396979932906106
0.005024286001571454
0.00016784199397079647
0.00013380599557422101
0.00010575300257187337
0.0001019349874695763
0.00010649400064721704
0.00012017000699415803
0.00010895899322349578
0.00011576199904084206
0.00015206199896056205
0.00010925899550784379
0.00011372800508979708
0.00012140300532337278
0.0001254800008609891
0.0051958639960503206
0.00015389500185847282
0.006606390001252294
0.0001570610038470477
0.0001138889929279685
0.006270104000577703
0.00016022699128370732
0.00012533999688457698
1.1773008736781776e-05
0.00014882501272950321
1.1611991794779897e-05
0.004846825002459809
0.00016867401427589357
0.004902812012005597
2.2763997549191117e-05
1.1442010872997344e-05
0.0001599770039319992
0.00012017000699415803
0.00010818800365086645
0.0001273439993383363
0.00010409900278318673
1.695299579296261e-05
0.0001280550059163943
0.00011685400386340916
0.00010540201037656516
0.004794093998498283
0.004681639009504579
0.0001555479975650087
0.0001082579983631149
0.0001320830051554367
0.00013275499804876745
0.00012149300891906023
0.00011577199620660394
2.2041989723220468e-05
0.00010043299698736519
1.1522002751007676e-05
0.0001122760004363954
0.00014473800547420979
0.005519444006495178
0.00015342400001827627
0.00010842799383681267
0.00011110299965366721
0.0001198800018755719
0.004704171005869284
0.005692506994819269
0.00018206900858785957
0.006302185996901244
0.005295445997035131
0.00014694200945086777
1.645099837332964e-05
0.00012228400737512857
0.00011630299559328705
0.00011442000686656684
0.00015691100270487368
0.00011801598884630948
0.004997363008442335
2.1451007341966033e-05
0.00015288300346583128
0.00013311598740983754
0.00010745599865913391
0.00011634299880824983
0.00015179099864326417
0.00011550099588930607
0.00010531200678087771
0.00010820799798239022
0.00010515100439079106
0.00010809699597302824
0.004884227004367858
0.00014087100862525403
0.00013346600462682545
0.00014435699267778546
0.00010791700333356857
0.0053755090048071
0.00031156699697021395
0.00011890799214597791
0.00031950300035532564
0.007409868994727731
0.000315794997732155
0.0002597580023575574
0.00026191200595349073
0.00025643200206104666
0.00025348599592689425
0.0002516429958632216
0.0002544979943195358
0.0002497990062693134
0.0002500400005374104
0.0002515219966880977
0.0002455509966239333
0.00024950898659881204
0.0002481760020600632
0.0002522129943827167
0.00026278400036972016
0.00025035999715328217
0.00025093099975492805
0.00025472800189163536
0.0002621629973873496
0.0002509110054234043
0.0002515420055715367
0.0002519330009818077
0.00025182298850268126
0.00025020999601110816
0.00027438599499873817
0.0002530750061850995
0.0002518029941711575
0.0002516920067137107
0.005208136994042434
0.004840633002459072
0.00041383400093764067
0.00021285799448378384
0.00019062499632127583
0.005334430010407232
0.00513165099255275
0.005427419004263356
0.0057863270048983395
0.006555191008374095
0.006945169006939977
0.006178117997478694
0.005884815007448196
0.006182996992720291
0.006730807988788001
0.0048748889967100695
0.005073448992334306
0.005082827992737293
0.0049931750108953565
0.004938850994221866
0.005150748009327799
0.005088146994239651
0.00487800499831792
0.004800765993422829
0.0048786060069687665
0.004932188996463083
0.0048601699963910505
0.004979669989552349
0.004961795013514347
0.006687674002023414
0.006071714000427164
0.004677880002418533
0.005368555997847579
0.005436927007394843
0.0067063699971186
0.004770098006702028
0.004875669998000376
0.005171368000446819
0.004967907007085159
0.0049876749981194735
0.004881311004282907
0.0049554329889360815
0.004756771988468245
0.00455956399673596
0.0045363100070971996
0.004476282992982306
0.004618778009898961
0.00503103798837401
0.004875469996477477
0.0049362260033376515
0.004942127998219803
0.005273914008284919
0.005089940998004749
0.004886882001301274
0.004998446005629376
0.0050309880025452
0.004888864990789443
0.004623184999218211
0.004754257999593392
0.004996051007765345
0.004851914010941982
0.00489005699637346
0.004848487005801871
0.004618537001078948
0.00018037599511444569
0.004716734998510219
0.004532431994448416
0.004652291987440549
0.004983837003237568
0.004939452002872713
0.004953769996063784
0.004730993008706719
0.004861854002228938
0.005020959011744708
0.005010990003938787
0.0003416849940549582
0.00029144900327082723
0.0002745060046436265
0.0002623129985295236
0.00026481799432076514
0.00026410700229462236
0.0002461120020598173
0.000294084005872719
0.0003244719991926104
0.00026132099446840584
0.00026570900809019804
0.00027119999867863953
0.0002645979984663427
0.00026077999791596085
0.00026292398979421705
0.00026092999905813485
0.0002586359914857894
0.00027211199630983174
0.00026249400980304927
0.00026027900457847863
0.0002584049943834543
0.00025328500487376004
0.00026217200502287596
0.00026012799935415387
0.00026040899683721364
0.0002578550047473982
0.0002598890132503584
0.00026183300360571593
0.0002711099950829521
0.0002614719996927306
0.00025973899755626917
0.00025771401124075055
0.0002594379911897704
0.0002575329999672249
0.0002820610097842291
0.0002680140023585409
0.0002703280042624101
0.004934322991175577
0.00022296699171420187
0.0002114750095643103
0.00020830999710597098
0.00020593400404322892
0.0002038910024566576
0.00020160700660198927
0.00021118498989380896
0.0002273459977004677
0.00021043299057055265
0.00020842000958509743
0.00020835999748669565
0.00020906100689899176
0.00020986300660297275
0.00020824999955948442
0.00020609500643331558
0.00020832900190725923
0.0002077590033877641
0.0002078889956464991
0.0002085799933411181
0.00020768799004144967
0.00023341701307799667
0.00022509200789500028
0.0002347610134165734
0.00023462000535801053
0.00024618199677206576
0.00023535201034974307
0.00023479100491385907
0.0002373850002186373
0.00024050100182648748
0.00023772600980009884
0.00023841700749471784
0.00025082100182771683
0.00024082200252451003
0.00023512099869549274
0.0002368139976169914
0.00023607199545949697
0.0002543180016800761
0.00024162299814634025
0.00023878799402154982
0.00023597199469804764
0.00025843600451480597
0.0002379159996053204
0.00023518101079389453
0.0002271859993925318
0.00022833699767943472
0.00022887899831403047
0.0002284179936395958
0.00022871900000609457
0.0002593670069472864
0.00023065198911353946
0.0002344189997529611
0.0002398000069661066
0.00023371900897473097
0.00024449800548609346
0.00023120299738366157
0.00022994099708739668
0.00022945000091567636
0.00023278698790818453
0.0002297509927302599
0.00022726500174030662
0.00023017100465949625
0.00022853800328448415
0.00022718500986229628
0.0002219159941887483
0.0002353910094825551
0.00022308799088932574
0.00022383900068234652
0.00022512199939228594
0.00022142499801702797
0.00022647400328423828
0.0002303119981661439
0.00022968000848777592
0.00022970100690145046
0.0002278769970871508
0.00022895999427419156
0.00022984998940955848
0.000232635997235775
0.0002313530130777508
0.00023149399203248322
0.00024283600214403123
0.00023243599571287632
0.00022902000637259334
0.00023087298905011266
0.00022802699822932482
0.0002647880028234795
0.0002560110006015748
0.00025475800794083625
0.00025751399516593665
0.0002546490140957758
0.0002536859974497929
0.000254648010013625
0.00026699199224822223
0.00026069000887218863
0.0002600479929242283
0.00025987799745053053
0.0002590969961602241
0.00025883699709083885
0.0002706789964577183
0.0002597980055725202
0.000259016000200063
0.0002607100032037124
0.00025864600320346653
0.00026241299929097295
0.00025894600548781455
0.00026128099125344306
0.00025891599943861365
0.00025891599943861365
0.0002683549973880872
0.00025970800197683275
0.00025820499286055565
0.0002606799971545115
0.00025625100533943623
0.005198780010687187
0.005136720996233635
0.004987113003153354
0.005225961998803541
0.004921076993923634
0.0049279910017503425
0.0051948729960713536
0.004990871006157249
0.004531900995061733
0.004497223999351263
0.004748556006234139
0.0048986740002874285
0.0049858819984365255
0.004862515008426271
0.004990269997506402
0.004916949998005293
0.004897722013993189
0.004877332990872674
0.004901058986433782
0.004874396996456198
0.005252413000562228
0.004765096993651241
0.005056967987911776
0.0051167929923394695
0.005094008985906839
0.004947437992086634
0.0048989149945555255
0.00498845599940978
0.004686137006501667
0.004973748989868909
0.004765608988236636
0.005061267002020031
0.0049333100032527
0.004867022988037206
0.004723107005702332
0.004956265009241179
0.004910115996608511
0.004937097997753881
0.004810154001461342
0.005055626010289416
0.004902861997834407
0.004874186997767538
0.005142841997439973
0.0050764049956342205
0.005024134996347129
0.004956805001711473
0.004889807009021752
0.005045384998084046
0.004948029003571719
0.005008856009226292
0.004912660995614715
0.0048879839887376875
0.004913272001431324
0.004991562003851868
0.004975932009983808
0.004967065004166216
0.005179722997127101
0.004938830999890342
0.004892651995760389
0.004886620998149738
0.005077135996543802
0.005033092005760409
0.005035927999415435
0.004901819993392564
0.005005928993341513
0.004987244989024475
0.005132413003593683
0.0050193460047012195
0.004839620989514515
0.004763414995977655
0.004998183998395689
0.00500701300916262
0.004931396993924864
0.005040396004915237
0.005235250006080605
0.00492301098711323
0.004932638999889605
0.004892352997558191
0.005116902000736445
0.004914144010399468
0.004907180991722271
0.004972414986696094
0.004918582999380305
0.004966243999660946
0.00502117900759913
0.004998406002414413
0.00512585999967996
0.0049225499969907105
0.00501911599712912
0.00492504499561619
0.005129376004333608
0.0052464110049186274
0.005007121988455765
0.004994466988136992
0.005128646007506177
0.005084140007966198
0.004933552001602948
0.00488874499569647
0.005071945997769944
0.0047961469972506166
0.00476699200225994
0.005006920997402631
0.005038353003328666
0.0049927640066016465
0.005024405996664427
0.005018815005314536
0.0051466089935274795
0.00489726199884899
0.005057468995801173
0.005140617999131791
0.004934903990942985
0.0052105020004091784
0.005237183009739965
0.005019956995965913
0.004983206003089435
0.004763445002026856
0.005625598001643084
0.0053908179979771376
0.004762452997965738
0.005230299997492693
0.004873515994404443
0.0048352120065828785
0.0048182600003201514
0.004808972997125238
0.004831615995499305
0.004810815007658675
0.004903483990347013
0.004779345006681979
0.0002679539902601391
0.0002496389934094623
0.00024538999423384666
0.0002447500010021031
0.00023459999647457153
0.00023429899010807276
0.00023899899679236114
0.00023986000451259315
0.00025853500119410455
0.0002513819927116856
0.0002409919979982078
0.0002346800029044971
0.0002396789932390675
0.00023948900343384594
0.00023512099869549274
0.00024004100123420358
0.0002351809962419793
0.0002379360084887594
0.0002518230030545965
0.00024848700559232384
0.00024806600413285196
0.0002389980072621256
0.0002404510014457628
0.00023621300351805985
0.00023732500267215073
0.00023500100360251963
0.00023985000734683126
0.00023460001102648675
0.00017767099780030549
0.00031989401031751186
0.00030821100517641753
0.005902559001697227
0.005786557012470439
0.00029997598903719336
0.004995078998035751
0.00028182100504636765
0.004896721002296545
0.004796989989699796
0.004757272996357642
0.0048296819877577946
0.0048789970023790374
0.0003142930072499439
0.00026034000620711595
0.004862825007876381
0.004775036999490112
0.004887492003035732
0.00011946899758186191
0.004676158001529984
0.00012653300655074418
0.004794093998498283
0.00025900700711645186
0.00029052700847387314
0.00028103899967391044
0.004813641004147939
0.00504238999565132
0.004832115999306552
0.00028303300496190786
0.0046758469979977235
0.004693822003901005
0.004860531000304036
0.004862554997089319
0.005726952003897168
0.0002724229998420924
0.006380847000400536
0.004976843993063085
0.0047595469950465485
0.005064181998022832
0.00032798899337649345
0.004782129995874129
0.00010852799459826201
0.004771811989485286
0.00029388300026766956
0.004768864993820898
0.0002630439994391054
0.00015561800682917237
0.00026048001018352807
0.00015465699834749103
0.004856833998928778
0.00023046100977808237
0.004681367994635366
0.0002502190036466345
0.006514212000183761
0.004939652993925847
0.00023619300918653607
0.0002819299988914281
0.000256552011705935
0.00598794300458394
0.00029577700479421765
0.00028291199123486876
0.0003042439930140972
0.005170805990928784
0.0049205160030396655
0.0002775820030365139
0.004816646993276663
0.00015401499695144594
0.005405717005487531
0.004994287999579683
0.004784464996191673
0.00010938999184872955
0.000268374991719611
0.00028660900716204196
0.00023902900284156203
0.004924382999888621
0.004961635000654496
0.004441687997314148
0.0001790429960237816
0.004483718003029935
0.000259838008787483
0.00017270099488086998
0.00028616900090128183
0.004878435007412918
0.004797200002940372
0.0002410019951639697
0.004744607998873107
0.004762062002555467
0.00028471600671764463
0.0002649280067998916
0.005004407008527778
0.005958295994787477
0.004631721996702254
0.004675206000683829
0.00510513098561205
0.00035890900471713394
0.00010407999798189849
0.004930124006932601
0.00022398999135475606
0.00024661300994921476
0.00473928899737075
0.00494461199559737
0.0002996440016431734
0.004812569008208811
0.00029580800037365407
0.004923482003505342
0.00026366500242147595
0.0001505090040154755
0.004844711002078839
0.0003156750026391819
0.0002536469983169809
0.0050108800060115755
0.0003430380020290613
0.00028990599093958735
0.00025629199808463454
0.004764746990986168
0.0002752879954641685
0.0046110030089039356
0.00028616900090128183
0.004669704998377711
0.004881902001216076
0.00027644999499898404
0.00024874700466170907
0.005020848999265581
0.000269256008323282
0.00024495000252500176
0.00021104500046931207
0.0001467409892939031
0.006219877002877183
0.004757272996357642
0.00480901199625805
0.00484360900009051
0.004716234005172737
0.00026660099683795124
0.004752805005409755
0.004853077000007033
0.006397667995770462
0.0003190220013493672
0.004747925006086007
0.004665407002903521
0.005581614008406177
0.005157450999831781
0.006351620992063545
0.004740952004794963
0.004741472002933733
0.005922017007833347
0.0003129199903924018
0.0003038120048586279
0.005906286998651922
0.004795836997800507
0.006699357996694744
0.004883145011262968
0.00638735901156906
0.004956024000421166
0.00027915499231312424
0.00010895900777541101
0.004797350993612781
0.00030175800202414393
0.0002434269990772009
0.0047852360003162175
0.0002756890025921166
0.004853798003750853
0.004677139004343189
0.005965950011159293
0.004750209001940675
0.005845099003636278
0.004724340004031546
0.0047393290005857125
0.00030939299904275686
0.00026343599893152714
0.00480210900423117
0.004962677994626574
0.00022685600561089814
0.004825604002689943
0.00017099801334552467
0.004806195996934548
0.004861964000156149
0.0003638479975052178
0.004891499993391335
0.004855341001530178
0.00028224100242368877
0.00025387699133716524
0.004812339000636712
0.004952607996528968
0.0002711089910008013
0.0002885029971366748
0.004616513004293665
0.0048084209993248805
0.004962295992299914
0.004851082994719036
0.004840031004277989
0.0002893249911721796
0.00010368898801971227
0.00015015799726825207
0.00014452700270339847
0.004925575995002873
0.00011411900050006807
0.00570950900146272
0.004764376004459336
0.0046963560016592965
0.004692839007475413
0.005037310009356588
0.0002464930003043264
0.00024696400214452296
0.006084918990381993
0.0003113069979008287
0.0002634249976836145
0.0002439880045130849
0.004797700006747618
0.006410884001525119
0.00033111500670202076
0.00026207200426142663
0.0002485870063537732
0.00027389499882701784
0.004844531009439379
0.00025579999783076346
2.1891988581046462e-05
0.00651608599582687
0.00016157000209204853
0.004716836003353819
0.00016938398766797036
0.00024005000886972994
0.00022896900190971792
0.00029836299654562026
0.006248803998460062
0.000327898989780806
0.0047254320088541135
0.0002788050041999668
0.004825283991522156
0.0002688859967747703
0.0002563909947639331
0.004615961996023543
0.005613725006696768
0.005097996996482834
0.00018100699526257813
0.0002816699998220429
0.00023443000100087374
0.004811006001546048
0.004819121997570619
0.0002559610002208501
0.006483051998657174
0.004762582990224473
0.00025958800688385963
0.0002414129994576797
0.00026345600781496614
0.0046922479959903285
0.005301416997099295
0.00016543699894100428
0.00024354700872208923
9.965099161490798e-05
0.00508401999832131
0.0002843149995896965
0.00026289500237908214
0.0002754779998213053
9.874900570139289e-05
0.004851664009038359
0.00030194899591151625
0.00025575100153218955
0.00033356000494677573
0.00025560100039001554
0.00014181200822349638
0.004734239002573304
0.0057759770133998245
0.004768034006701782
0.004736643997603096
0.00024110199592541903
0.004777370995725505
0.004965893996995874
0.0002595069963717833
0.0002887640002882108
0.005903942001168616
0.004890368989435956
0.005661757997586392
0.00028212099277880043
0.0002659800084074959
0.007516685000155121
0.00023131399939302355
0.00029492499015759677
0.004891258999123238
0.004783183001563884
0.00023041199892759323
0.004888905008556321
0.004909463998046704
0.0003293310001026839
0.00018029600323643535
0.00023342699569184333
0.005006972001865506
0.0048829639999894425
0.004813380000996403
0.00478774200018961
0.004735460999654606
0.004742445002193563
0.004808740995940752
0.0003202439984306693
0.00025728299806360155
0.006097253004554659
0.006213756001670845
0.0003264960105298087
0.004744398000184447
0.00480306099052541
0.00011324699153192341
9.682599920779467e-05
0.00024660299823153764
0.00790903699817136
0.0002822420065058395
0.0002506010059732944
0.005050084000686184
0.004797980989678763
0.0002741659991443157
0.00497434900898952
0.0003211459988960996
0.0048866309953155
0.004766740996274166
0.00027567800134420395
0.004783423995831981
0.0001100109948311001
9.79979959083721e-05
0.0001855060108937323
0.00026897600037045777
0.0002465819998178631
0.004906549002043903
0.00028740099514834583
0.00032724699121899903
0.004782621996128
0.004926138004520908
0.004756972994073294
0.004847535994485952
0.004698189994087443
0.00010586300049908459
0.004705504004959948
0.00469104599324055
0.0059129390137968585
0.0003080710012000054
0.0001692039950285107
0.0048193319962592795
0.000265800001216121
0.00024608201056253165
0.00029831200663466007
0.004828279998037033
0.000376100986613892
0.006085810993681662
0.004959190991939977
0.004767653008457273
0.0002743660006672144
0.004900157000520267
0.0048773930029710755
0.004760679003084078
0.005915763991652057
0.0003012169909197837
0.0047851769922999665
0.0064168060052907094
0.004729590000351891
0.004702507998445071
0.004720561992144212
0.00019723799778148532
0.0003012079978361726
0.0002599380095489323
0.00027226201200392097
0.0002854069898603484
0.0002644869964569807
0.00471555300464388
0.0003092929982813075
0.0002693069982342422
0.004731453998829238
0.004923942993627861
0.00031366199254989624
0.0002727530081756413
0.0049175199965247884
0.005153482998139225
0.000341574996127747
0.00010778600699268281
0.00033295899629592896
0.000350972986780107
0.005178079998586327
0.004871632001595572
0.0002794659958453849
0.0053931330039631575
0.0002758089976850897
0.004942367988405749
0.004714951995993033
0.0003134909929940477
0.00010288799239788204
0.0050154180062236264
0.00026023900136351585
0.00024415799998678267
0.005047751008532941
0.0002983820013469085
0.004780006012879312
0.00028666999423876405
0.00026606000028550625
0.004912660995614715
0.00025935700978152454
0.0002496090019121766
0.0002581349981483072
0.00029574699874501675
0.0002017070073634386
0.0047607599990442395
0.004709903005277738
0.000196897002751939
0.004702246995293535
0.00581460099783726
0.007209014002000913
0.004750680003780872
0.00030923300073482096
0.004867405004915781
0.004763605000334792
0.0003380980051588267
0.00023896900529507548
0.004835653002373874
0.004673121002269909
0.00608520999958273
0.00496057300188113
0.004713989997981116
0.000254568993113935
0.00788336800178513
0.0003851879882859066
0.005258182995021343
0.004311267999582924
0.00019540500943548977
0.0050922649970743805
0.004990450004697777
0.005115810999996029
0.0049062990001402795
0.0050002880016108975
0.004898232989944518
0.005052059001172893
0.005182467997656204
0.004993905997253023
0.005092375009553507
0.004972716007614508
0.005137130996445194
0.004923182001220994
0.004938992002280429
0.005042058997787535
0.00402058100735303
0.003879880008753389
0.0038687889900757
0.003982437003287487
0.00030290099675767124
0.0002562909940024838
0.00025550999271217734
0.00025126100808847696
0.004867244002525695
0.004787320998730138
0.0051147089980077
0.004869117008638568
0.005689712008461356
0.005298531003063545
0.006526256009237841
0.005189392002648674
0.0055854719976196066
0.005377302004490048
0.006043929999577813
0.005215201003011316
0.005551235997700132
0.005464339003083296
0.006270685000345111
0.005411096994066611
0.005685172000085004
0.005424332004622556
0.006109937006840482
0.005299262993503362
0.005644174001645297
0.005312558001605794
0.006460738994064741
0.005689391007763334
0.006805922006606124
0.0055799010006012395
0.005918178998399526
0.005702045003999956
0.00652378099039197
0.005650466002407484
0.006028962001437321
0.00562070899468381
0.006512398991617374
0.005625438003335148
0.00584760399942752
0.005620528987492435
0.0068155710032442585
0.005667347999406047
0.005905775993596762
0.005665314005455002
0.006691873000818305
0.006355197008815594
0.005348696999135427
0.005688088000169955
0.00539775200013537
0.006383532003383152
0.005419203007477336
0.0056588320003356785
0.005240188998868689
0.006343465007375926
0.005331663996912539
0.005691243990440853
0.005333298002369702
0.006453416004660539
0.005394615000113845
0.005680383008439094
0.00534824600617867
0.006467653001891449
0.0062827379879308864
0.0066364670055918396
0.006548388002556749
0.005412590006017126
0.006195089998072945
0.006569317993125878
0.006272958999034017
0.00529214899870567
0.006328525996650569
0.006525443997816183
0.00634727199212648
0.005463216992211528
0.006461190991103649
0.006512109001050703
0.006227692996617407
0.005527108995011076
0.004886730996076949
0.0054151940130395815
0.005056435998994857
0.005384787000366487
0.0050996589998248965
0.005411557998741046
0.004997244002879597
0.005100310998386703
0.005591714012552984
0.005151378994924016
0.0053792160033481196
0.005194671000936069
0.0051923470018664375
0.005468577001010999
0.004149298008996993
0.004040027997689322
0.003966315998695791
0.00029328301025088876
0.00025853500119410455
0.00025568000273779035
0.00501522800186649
0.004819030989892781
0.00478795099479612
0.005686525008059107
0.005449470001622103
0.006268500990699977
0.005285685998387635
0.005837043994688429
0.005509786002221517
0.006266237003728747
0.005348437000066042
0.005887179999263026
0.005428939999546856
0.006306014009169303
0.0054789260029792786
0.005733135010814294
0.005393213010393083
0.006342262990074232
0.005728124000597745
0.0065637170046102256
0.005671867009368725
0.0060457340005086735
0.0057443870027782395
0.006837573004304431
0.00565523499972187
0.00600187000236474
0.005728816002374515
0.006553528000949882
0.005651276995195076
0.0059714910021284595
0.005837093995069154
0.006656946003204212
0.00421140699472744
0.006296104009379633
0.005398844004957937
0.005640517003485002
0.0052634740131907165
0.006453996989876032
0.00540741000440903
0.005440373002784327
0.005078818998299539
0.0063382849912159145
0.005455061007523909
0.005604867998044938
0.00537731200165581
0.006302976995357312
0.006296254010521807
0.006838995002908632
0.006306202994892374
0.0053307530033634976
0.0061573979910463095
0.006610927986912429
0.0062861650076229125
0.005401287999120541
0.006267008007853292
0.006553187005920336
0.006374864999088459
0.005421055000624619
0.005130338002345525
0.004955272990628146
0.005041939002694562
0.004933671007165685
0.005056917012552731
0.004902861997834407
0.004847896998398937
0.005058451002696529
0.004946625995216891
0.005100670998217538
0.004914524004561827
0.005102045004605316
0.005015507995267399
0.005019055010052398
0.005377112000132911
0.005101834001834504
0.005266348991426639
0.004961625003488734
0.005074321001302451
0.005406108000897802
0.00511841599654872
0.005348766993847676
0.005108707002364099
0.00499239400960505
0.0052829810010734946
0.004059443992446177
0.004120922996662557
0.0003047950012842193
0.0002683849888853729
0.005611942004179582
0.005485459987539798
0.0062320909928530455
0.005290715998853557
0.00557835798827
0.005589038002653979
0.00648503600677941
0.00535424699774012
0.005603786004940048
0.005436826002551243
0.006337402999633923
0.005713356993510388
0.006585298004210927
0.005785614994238131
0.0059593480109469965
0.005550493995542638
0.0067273909953655675
0.005622582000796683
0.005897319002542645
0.005549110996071249
0.006765644007828087
0.00628823900478892
0.005380127011449076
0.005831422997289337
0.005347354992409237
0.006386085995472968
0.0053923410014249384
0.00567629499710165
0.005293923008139245
0.006169772008433938
0.00626753899268806
0.006814968990511261
0.006255886997678317
0.005336353002348915
0.006219015995156951
0.006819848989835009
0.0063332449935842305
0.005370560000301339
0.005068148995633237
0.0049225299881072715
0.0050676590035436675
0.00488797300204169
0.004932278010528535
0.0051629000081447884
0.004839321001782082
0.005110500002047047
0.004864608999923803
0.005065213001216762
0.005018173003918491
0.004027884002425708
0.004981542995665222
0.005432819001725875
0.005159884996828623
0.00505114599945955
0.005333488006726839
0.005144224996911362
0.005372522005927749
0.004966093998518772
0.005148783995537087
0.005429141005151905
0.0003077099972870201
0.0055277409992413595
0.005435844010207802
0.006471279994002543
0.005464860005304217
0.005925363002461381
0.005423561000498012
0.00638342100137379
0.005674533007550053
0.006812093008193187
0.005740798995248042
0.006017951003741473
0.005706914002075791
0.006546453994815238
0.006285814000875689
0.005303231009747833
0.005590870990999974
0.00534801599860657
0.006276065003476106
0.006300021006609313
0.0069102410052437335
0.006238793997908942
0.005310513995937072
0.005145147006260231
0.005054483001003973
0.004887924005743116
0.005154223996214569
0.004894997997325845
0.005183410001336597
0.0048956490063574165
0.004975792006007396
0.004931237010168843
0.005009857006371021
0.004975181000190787
0.005387451994465664
0.005109808989800513
0.005409874996985309
0.005193208999116905
0.005122162998304702
0.005416718006017618
0.004873536003287882
0.00502867299655918
0.0057132569927489385
0.005412218990386464
0.0062562480015913025
0.0057457689981674775
0.006588244010345079
0.006275895008002408
0.00018977299623657018
0.00016807299107313156
0.00015127001097425818
0.00014854500477667898
0.0001471720024710521
0.00014704199566040188
0.004897260994766839
0.00502375399810262
0.004913422002573498
0.005185504007386044
0.004987093998352066
0.0050657550018513575
0.0050945599941769615
0.004849810997257009
0.005220050006755628
0.004935816003126092
0.005129706987645477
0.004837777989450842
0.004864288013777696
0.005157430001418106
0.005098467998323031
0.005337034002877772
0.005148943993845023
0.005189632007386535
0.005335241003194824
0.004983385995728895
0.004819381996640004
0.004845061004743911
0.005166087008547038
0.005088418009108864
0.005133133992785588
0.005399975008913316
0.00501502699626144
0.005144736001966521
0.0046896529966033995
0.0002489769976818934
0.006209528000908904
0.00019663698913063854
0.006377028999850154
0.00014100999396760017
0.00042745999235194176
0.008094682998489588
0.005156970000825822
0.004705573010141961
0.005239117002929561
0.00014999799896031618
0.00605922999966424
0.0051319820049684495
0.004880640000919811
0.006189349995111115
0.004830913996556774
0.0060218580038053915
0.00041416400927118957
0.006357181002385914
0.004697739001130685
0.00019282998982816935
0.00037321599666029215
0.00014706200454384089
0.005816585005959496
0.00019081600476056337
0.005406948999734595
0.005693699000403285
0.00020103600400034338
0.006606198992813006
0.00013940699864178896
0.006348164009978063
0.007817141013219953
0.004898895000224002
0.0001500069920439273
0.00014909599849488586
0.00010831799590960145
0.005187307993764989
0.006200570001965389
0.0054894370114197955
0.004739279000204988
0.00013294500240590423
0.00015644999803043902
0.006264353010919876
0.005546186002902687
0.004959911995683797
0.005054552995716222
0.005163922993233427
0.006093795993365347
0.0002014459896599874
0.00015960598830133677
0.00628669599245768
0.008503536999342032
0.00019345100736245513
0.0003687470016302541
0.0001797039876691997
0.00033785800042096525
0.0048660019965609536
0.005847483989782631
0.0063149900088319555
0.006050883996067569
0.0003699000080814585
0.00515727000311017
0.005827715998748317
0.0052089789969613776
0.006050483003491536
0.005987160999211483
0.005931755993515253
0.004657131008571014
0.007424458002788015
0.005842033002409153
0.006026586997904815
0.005895324997254647
0.00531452200084459
0.000257634004810825
0.005952193998382427
0.00014114099030848593
0.00011401799565646797
0.0049631670117378235
0.00637317200016696
0.0004079119971720502
0.006029903001035564
0.0002410729939583689
0.0062464390066452324
0.005860899997060187
0.0049125910009024665
0.00018204899970442057
0.005697185988537967
0.0002018369996221736
0.00015451599028892815
0.00014766299864277244
0.005171006007003598
0.006415442985598929
0.00021196600573603064
0.005568919004872441
0.004940633996739052
0.00636160999420099
0.006363663007505238
0.00018555599672254175
0.004726052997284569
0.006345928995870054
0.006353133998345584
0.0052204710082151
0.005961854010820389
0.004794484004378319
0.0050248159968759865
0.0056807130022207275
0.005863635000423528
0.00017818200285546482
0.0001829109969548881
0.006056343991076574
0.00039792299503460526
0.004653512994991615
0.00017723999917507172
0.004572538993670605
0.000172721003764309
0.00014469699817709625
0.004601383989211172
0.00015414600784424692
0.004807870005606674
0.0058441069995751604
0.0004432199930306524
0.0003434590034885332
0.0001493460003985092
0.005209750001085922
0.006108854999183677
0.004734340007416904
0.00595931799034588
0.005768692004494369
0.004485872006625868
0.00016775199037510902
0.00019821999012492597
0.004887713002972305
0.005427547992439941
0.005042310003773309
0.00018078699940815568
0.00011667399667203426
0.00035497099452186376
0.00018840099801309407
0.005173832003492862
0.00493997399462387
0.00015137999434955418
0.005248704997939058
0.00024073199892882258
0.0003534779971232638
0.00015313400945160538
0.00013834499986842275
0.0060750900011043996
0.00016292301006615162
0.005323007993865758
0.004868787000305019
0.004659024998545647
0.00013893700088374317
0.005372493003960699
0.004831815997022204
0.005897139009903185
0.00015072899986989796
0.005899823998333886
0.00017490600293967873
0.00036068199551664293
0.007356588001130149
0.00021328900766093284
0.00035233600647188723
0.0052002129959873855
0.00017273100093007088
0.0059038719919044524
0.00020384100207593292
0.0059523750096559525
0.006208126011188142
0.00042179899173788726
0.004811636987142265
0.0002210240054409951
0.00017050698806997389
0.000147593003930524
0.00041951501043513417
0.007372178006335162
0.0058817589888349175
0.006084387001465075
0.0057540949928807095
0.005649954997352324
0.005783150001661852
0.00020574498921632767
0.004705754996393807
0.00034624399268068373
0.004826435004360974
0.00028989599377382547
0.004961173995980062
0.00015720199735369533
0.006009975011693314
0.004994428003556095
0.006069940005545504
0.005318398994859308
0.0070240700006252155
0.0051300980121595785
0.00020987199968658388
0.006053709003026597
0.0002013159974012524
0.0001437150058336556
9.990100807044655e-05
0.004628755996236578
0.000159585993969813
0.0003688269935082644
0.004820143993129022
0.006385203989339061
0.005374045998905785
0.004843267990509048
0.005166597999050282
0.005347505008103326
0.00035186499007977545
0.005853023991221562
0.0001918479974847287
0.006174561000079848
0.00015586899826303124
0.006304130001808517
0.0064666510006645694
0.005559461991651915
0.0060763420042349026
0.00020326000230852515
0.005889293999643996
0.00021452100190799683
0.004649035006877966
0.006330149990390055
0.0003330689942231402
0.0001528330030851066
0.006037899001967162
0.0001851150009315461
0.0048093930090544745
0.004992684000171721
0.00017466500867158175
0.00011131299834232777
0.004797901012352668
0.004899135004961863
0.004861823996179737
0.00018838199321180582
0.0052574519941117615
0.00519405999511946
0.004956514996592887
0.0001829310058383271
0.006223153992323205
0.006075611003325321
0.00023043200781103224
0.005077187001006678
0.005196265003178269
0.005067657999461517
0.005147741991095245
0.00019283000438008457
0.005028504005167633
0.007395843000267632
0.004791387997101992
0.000415186004829593
0.00016787200001999736
0.005999936009175144
0.004795276006916538
0.00028994600870646536
0.00038945701089687645
0.005977983993943781
0.0001763280015438795
0.005827435001265258
0.0060830250004073605
0.004809392994502559
0.006267959994147532
0.006170834007207304
0.005937966998317279
0.004764476994751021
0.008001705005881377
0.00551190999976825
0.00018424300651531667
0.0059064770030090585
0.005524844003957696
0.00041916299960576
0.004767293008626439
0.00038587999006267637
0.00031185800617095083
0.0051362200028961524
0.0002020270039793104
0.00016328299534507096
0.00482847000239417
0.005517590994713828
0.005807988010928966
0.007579876008094288
0.004828779987292364
0.005265528001473285
0.004900136002106592
0.00016166000568773597
0.004824863004614599
0.005870788998436183
0.00037091200647410005
0.00031906200456433
0.00015100899327080697
0.0002994640090037137
0.0054291519918479025
0.0002651490067364648
0.006164371996419504
0.0002489080070517957
0.005751078992034309
0.00014388500130735338
0.005927177000558004
0.00794879300519824
0.005696955005987547
0.004898102997685783
0.0004422979982336983
0.005064933997346088
0.004802969997399487
0.0057410200097365305
0.007658536997041665
0.006737530988175422
0.00043011399975512177
0.00012245499237906188
0.005180524996831082
0.006071021998650394
0.005011190005461685
0.0048168369976338
0.006207454003742896
0.004869739001151174
0.004743476994917728
0.004604440007824451
0.00477688098908402
0.004789785991306417
0.00017754999862518162
0.00013588099682237953
0.00013564999972004443
0.0001419320033164695
0.00626699801068753
0.0001886120007839054
0.000314933990011923
0.00014288400416262448
0.004881700995611027
0.005245780004770495
0.004749327999888919
0.0048353230085922405
0.0049222499947063625
0.0001516009942861274
0.005442776993731968
0.004977886987035163
0.0050316189881414175
0.0049030330119421706
0.008048333998885937
0.005063670992967673
0.005013134010368958
0.005179442989174277
0.0003954379935748875
0.0050208590109832585
0.004796307999640703
0.005767290000221692
0.004678341007092968
0.00593323798966594
0.00019430200336501002
0.00011171400547027588
0.00011459000234026462
0.006972091010538861
0.00015764198906254023
0.005063951000920497
0.0061885770119261
0.005766047004726715
0.004917159996693954