0.011312955000903457
0.0113385639997432
0.011897716001840308
0.010982200998114422
0.010892046993831173
0.011050861998228356
0.01045461799367331
0.011038538999855518
0.010917777006397955
0.011465757008409128
0.012052222999045625
0.011047426000004634
0.01104817699524574
0.010427307002828456
0.011185380004462786
0.011551442003110424
0.010909271004493348
0.011808736002421938
0.011963652999838814
0.010755334995337762
0.01106527000956703
0.009895397000946105
0.010705720997066237
0.010387410002294928
0.012429677008185536
0.011508930998388678
0.011464764989796095
0.0119563190091867
0.011607400010689162
0.011246536989347078
0.012182663005660288
0.011623810991295613
0.011801621993072331
0.011311491995002143
0.010909481003182009
0.010173029004363343
0.010495618000277318
0.0103146899928106
0.01032789598684758
0.011248049995629117
0.011173628008691594
0.011025923988199793
0.010485858991160057
0.010152299000765197
0.010211453001829796
0.0065770729997893795
0.00629356900753919
0.005991169004119001
0.009872622002149
0.009480692009674385
0.010158660996239632
0.011071290995460004
0.010771685992949642
0.011740884991013445
0.012301830996875651
0.010752650996437296
0.014409612995223142
0.012027976001263596
0.01205358500010334
0.011388779996195808
0.011956207992625423
0.012194504990475252
0.012117717997170985
0.012950506003107876
0.012136524004745297
0.011529979994520545
0.01098922399978619
0.010896416002651677
0.010275355001795106
0.009879877005005255
0.00981935000163503
0.009737212996697053
0.009878033000859432
0.009767732000909746
0.010101270992890932
0.00984990899451077
0.009842786006629467
0.009831874005612917
0.009985940007027239
0.010074680001707748
0.00994611400528811
0.010109185997862369
0.010003853996749967
0.010387529997387901
0.010016487998655066
0.010447163993376307
0.010065572001622058
0.010199871001532301
0.009944060002453625
0.009868213994195685
0.009939039999153465
0.009864466992439702
0.01061521600058768
0.011867457011248916
0.0036433469940675423
0.00318349500594195
0.003096096988883801
0.002796774002490565
0.0026822429936146364
0.012207610998302698
0.016924024996114895
0.018780405007419176
0.026491482989513315
0.027829799000755884
0.04502719800802879
0.044010990008246154
0.04298018300323747
0.0309067999914987
0.0022382119932444766
0.0019242699927417561
0.0021313069883035496
0.003006786006153561
0.0029882309900131077
0.0024956659908639267
0.004255891006323509
0.01412707200506702
0.015119615010917187
0.015688044994021766
0.0022308579937089235
0.0019522939983289689
0.0019721920107258484
0.002498119996744208
0.002854304009815678
0.003014440997503698
0.005413500999566168
0.016073815000709146
0.0038844189984956756
0.0034000599989667535
0.0025146830012090504
0.0025765509926714003
0.0027638110041152686
0.0027924949972657487
0.0034613579919096082
0.0029494159971363842
0.0028080949996365234
0.002775002009002492
0.0028020440076943487
0.0024382449919357896
0.0035976289946120232
0.003033036002307199
0.002730906999204308
0.0024364920100197196
0.0022919250041013584
0.00293291499838233
0.003585134996683337
0.0033376610081177205
0.002303727000253275
0.0034447060024831444
0.003981806003139354
0.004567508993204683
0.0033288029953837395
0.003510310998535715
0.003839724013232626
0.0044313680118648335
0.0030266439862316474
0.0029692039970541373
0.002780682989396155
0.0028420599992386997
0.004057732003275305
0.002582492001238279
0.003297012997791171
0.004211414998280816
0.004993385999114253
0.004041499996674247
0.004147693995037116
0.004160708995186724
0.005528853012947366
0.003897463990142569
0.003410179997445084
0.004336025012889877
0.004409034998388961
0.0036947860062355176
0.0037131110002519563
0.004229840997140855
0.004783974000019953
0.003573533002054319
0.003656781991594471
0.004114439987461083
0.004561387002468109
0.004707125990535133
0.004108068998903036
0.005210392002481967
0.0020499410020420328
0.014795883995248005
0.01483697300136555
0.016183525003725663
0.0024407000018982217
0.011543547007022426
0.007466989001841284
0.003567170992027968
0.01815493499452714
0.002028239003266208
0.002500966002116911
0.012499370001023635
0.002209016995038837
0.013245922003989108
0.012763165999785997
0.005387612007325515
0.004331876989454031
0.004897692007943988
0.007435498991981149
0.013801847991999239
0.011682462994940579
0.00436019100015983
0.004580583990900777
0.014339658999233507
0.00630986099713482
0.005994235005346127
0.009769484997377731
0.0033523380116093904
0.02033682999899611
0.012892714003100991
0.016168896996532567
0.01582943600078579
0.004052791991853155
0.00996246500289999
0.006665954002528451
0.001839909004047513
0.0020632259984267876
0.011152928011142649
0.011305811000056565
0.004513494990533218
0.002441812990582548
0.009183009999105707
0.0045196769933681935
0.011068316001910716
0.001975619001314044
0.018151218988350593
0.009080984003958292
0.014686655005789362
0.0028577399934874848
0.00906768899585586
0.011536994003108703
0.013841283012880012
0.019016537989955395
0.0030188990058377385
0.0031780439894646406
0.009246793008060195
0.0019145920086884871
0.010600399007671513
0.016024490003474057
0.008481946002575569
0.0031325780000770465
0.0018685429968172684
0.00963797299482394
0.0021933359967079014
0.016247116000158712
0.003839021999738179
0.0026828650006791577
0.0027428909961599857
0.0026725149946287274
0.004264638002496213
0.006997849995968863
0.0018802760023390874
0.0045423400006257
0.0019026880036108196
0.0087989539897535
0.004941184990457259
0.0021099360019434243
0.0028581910009961575
0.011579234997043386
0.007980934999068268
0.01106653199531138
0.0028475700091803446
0.006558136010426097
0.009290296002291143
0.006366849003825337
0.011816079990239814
0.004888776005827822
0.001934009007527493
0.01018171499890741
0.006265153991989791
0.011563866006326862
0.0020431079901754856
0.006648969996604137
0.0016741010040277615
0.0018348379962844774
0.0188705780019518
0.002987919986480847
0.0017246070055989549
0.002019873005338013
0.015596108001773246
0.003061680996324867
0.010275084001477808
0.014430192997679114
0.0029163330036681145
0.0017096280062105507
0.009004487001220696
0.0031757099932292476
0.0023547860037069768
0.0018378650129307061
0.00277484099206049
0.002675981988431886
0.006173618996399455
0.005879114003619179
0.012293014005990699
0.0036957870033802465
0.009556827993947081
0.004588119001709856
0.0020282900077290833
0.0024773909972282127
0.005194761994061992
0.0018071849917760119
0.0017396760085830465
0.0018879209965234622
0.02794622200599406
0.015858231010497548
0.01631286299380008
0.003201048995833844
0.001649322992307134
0.001500818005297333
0.011121036994154565
0.0032555439975112677
0.005706142997951247
0.0026109269965672866
0.010498682997422293
0.0023432239977410063
0.015587281988700852
0.009287470005801879
0.008046061004279181
0.006136537995189428
0.0025320160057162866
0.004903051987639628
0.0021040650026407093
0.009798769999179058
0.012271293002413586
0.017273554985877126
0.007209004004835151
0.005452616009279154
0.0017048790032276884
0.005557939002756029
0.006906864990014583
0.0029165029991418123
0.008290989004308358
0.0029912269965279847
0.008234711000113748
0.005238134996034205
0.0026940769894281402
0.005538151002838276
0.006795742010581307
0.012814244008040987
0.011386045007384382
0.0025364040047861636
0.004144737991737202
0.016857618000358343
0.011602339000091888
0.0034685720020206645
0.011402556003304198
0.006285533992922865
0.0018402189889457077
0.00267273499048315
0.005661727991537191
0.004922308988170698
0.009384837001562119
0.003108381002675742
0.002754511995590292
0.0042175780108664185
0.0027329809963703156
0.006963223000639118
0.008587988995714113
0.008453690999886021
0.011885612999321893
0.006624803994782269
0.013805906011839397
0.0010812829859787598
0.002441703007207252
0.001269654996576719
0.0011097180104115978
0.0023021350061753765
0.0024691250000614673
0.002396455005509779
1.5990997781045735e-05
0.0016342039889423177
0.012411451010848396
0.005675092994351871
0.0033173020055983216
0.0025795270048547536
0.004182810997008346
0.001887459002318792
0.0017064120038412511
0.001771246999851428
0.0018553179979790002
0.0025763809971977025
0.002302093998878263
0.0022104889940237626
0.002178637994802557
0.0021938670106464997
0.002378240998950787
0.0022805929911555722
0.0022046279918868095
0.0021438010007841513
0.0022543630038853735
0.002200620001531206
0.010612462006974965
0.00161372400179971
0.0022843509941594675
0.0018433850054861978
0.0033861129923025146
0.0018419920088490471
0.0020674850093200803
0.0017825789982452989
0.0017235849954886362
0.0017892619944177568
0.0018035590037470683
0.0013167150027584285
0.001255618000868708
0.0017291560070589185
0.0023443259997293353
0.00205903900496196
0.002305882007931359
0.0022234929929254577
0.002202422998379916
0.002263300004415214
0.003415118990233168
0.0017048899899236858
0.0011169720091857016
0.0012392770004225895
0.001119196997024119
0.001150656011304818
0.0011942999990424141
0.0012134269927628338
0.0013414320128504187
0.0012079259904567152
0.0011525000008987263
0.001273862988455221
0.0013383369951043278
0.0013172559993108734
0.002424940001219511
0.0022647129953838885
0.002246368007035926
0.002416844989056699
0.0021396329975686967
0.002160903997719288
0.0022610560117755085
0.0023122440034057945
0.0021604230132652447
0.0013566419947892427
0.001737932994728908
0.0030955160036683083
0.003919737006071955
0.0029814970039296895
0.010378603008575737
0.011443786002928391
0.010731309012044221
0.009620589000405744
0.0012577320012496784
0.0012839219998568296
0.0013019070029258728
0.009882511003524996
0.002800100002787076
0.007254150987137109
0.002948074004962109
0.0034304979926673695
0.0032484190014656633
0.008007426004041918
0.0028647239960264415
0.0020861509983660653
0.0014411040028790012
0.010630956996465102
0.01025699901219923
0.008467007006402127
0.0133756400027778
0.013209471988375299
0.015550119991530664
0.015523549998761155
0.013674293004442006
0.01386658199771773
0.013084913007332943
0.011773878999520093
0.013377613999182358
0.013365489998250268
0.013275197998154908
0.012507485997048207
0.012232989000040106
0.013099721007165499
0.013013717005378567
0.01244036600110121
0.011610936009674333
0.01205569900048431
0.012210726010380313
0.013028264002059586
0.012480282995966263
0.01202096299675759
0.004839350003749132
0.009221733998856507
0.004342177009675652
0.00936059100786224
0.004350874005467631
0.009446715994272381
0.011364262987626716
0.01101669599302113
0.010360618005506694
0.002016616999753751
0.0017409679858246818
0.0015976439899532124
0.00162010699568782
0.0016456659941468388
0.008879318003891967
0.009485731003223918
0.008556329004932195
0.00996666299761273
0.008668964001117274
0.008958539998275228
0.008855792009853758
0.010616719999234192
0.011053756999899633
0.008859520006808452
0.010587323005893268
0.0019899260078091174
0.01005924999481067
0.010470690001966432
0.00917558599030599
0.008671860006870702
0.009624957994674332
0.008888435011613183
0.008658334001665935
0.008698441000888124
0.010018321991083212
0.009817968006245792
0.008190676991944201
0.009161078007309698
0.008815495006274432
0.010556594002991915
0.009467865995247848
0.00971655300236307
0.00959171300928574
0.011101088995928876
0.010979505008435808
0.008965022003394552
0.010678627993911505
0.009633735011448152
0.008605342998635024
0.008627414994407445
0.008679503996972926
0.01000666999607347
0.009948448001523502
0.008149768997100182
0.00897631399857346
0.009595310999429785
0.009647961996961385
0.009953426997526549
0.010980367005686276
0.011213724996196106
0.009084080011234619
0.010324549992219545
0.0020132310019107535
0.0016514570015715435
0.001817424999899231
0.0016826569917611778
0.008350844000233337
0.008534837994375266
0.00979077500232961
0.009819580998737365
0.00792289299715776
0.009258115009288304
0.0019036699959542602
0.0017379130003973842
0.001691534009296447
0.001436665013898164
0.0014035310014151037
0.0015389409963972867
0.0015410149935632944
0.0016587809950578958
0.0016797510033939034
0.001600308998604305
0.0015834459918551147
0.0015943569887895137
0.0016115600010380149
0.010749744993518107
0.0017340349877486005
0.008759347998420708
0.00959868700010702
0.009981401002733037
0.00826039099774789
0.009284275001846254
0.009963075994164683
0.009785706002730876
0.008188653999241069
0.009170525998342782
0.003200396997272037
0.0031684759887866676
0.0029116840014467016
0.0022800019942224026
0.0021433700021589175
0.002103002989315428
0.013404855999397114
0.0031583969976054505
0.0028751429927069694
0.0020612730004359037
0.00192930999037344
0.010439238991239108
0.00887384700763505
0.011174900995683856
0.0029198499978519976
0.0017669380031293258
0.001658481007325463
0.001842672994825989
0.0015840169944567606
0.001527268992504105
0.0014302830095402896
0.0013922000071033835
0.0016092659934656695
0.0014430680021177977
0.0015345220017479733
0.0014175789983710274
0.0014664720074506477
0.0015766029973747209
0.0016450349939987063
0.0016229320026468486
0.0017223730101250112
0.0016673079953761771
0.0016678980027791113
0.0019376959971850738
0.0021358460071496665
0.001878581999335438
0.0017781600035959855
0.0016250269982265308
0.0015520760061917827
0.0015557239967165515
0.0015608639951096848
0.0016509959968971089
0.0016047969984356314
0.001611390005564317
0.0015398730029119179
0.0018533950060373172
0.0015994069981388748
0.009579079996910878
0.010581922993878834
0.013592655988759361
0.012082130007911474
0.0018896739929914474
0.0016229620086960495
0.001561314013088122
0.0015706019912613556
0.0015742890100227669
0.0015538300067419186
0.001549311011331156
0.0015672260051360354
0.0015510749944951385
0.0015575770084979013
0.0017051100003300235
0.0016046169912442565
0.0016381110035581514
0.0018047009943984449
0.0016116710030473769
0.0015699700015829876
0.0015914020041236654
0.0020754910074174404
0.001662739014136605
0.0016653030033921823
0.001594036992173642
0.0016499939956702292
0.0016228830063482746
0.001579980002134107
0.0018970170058310032
0.0020461439999053255
0.008218660994316451
0.0033405260037397966
0.0035700169974006712
0.002061132006929256
0.0016129029972944409
0.0016226709994953126
0.0022178540093591437
0.0017079560057027265
0.0017558270046720281
0.001680201996350661
0.0014877229987177998
0.013070935994619504
0.014966831004130654
0.013209081007516943
0.012902864007628523
0.015353012990090065
0.012480314006097615
0.013443139992887154
0.0020779549959115684
0.0016000589967006817
0.013957095012301579
0.013879477002774365
0.008777402006671764
0.0019572929886635393
0.012606024989509024
0.008351425000000745
0.0028022329934174195
0.0020842970116063952
0.0017009820003295317
0.008673232005094178
0.008627433999208733
0.0018508289940655231
0.0030943339952500537
0.0016648630116833374
0.009029244989505969
0.010259575006784871
0.001818095988710411
0.012479071010602638
0.028409470003680326
0.0133103249972919
0.001742701992043294
0.0021066100016469136
0.02176795400737319
0.012388436996843666
0.0016998799983412027
0.0017570089985383675
0.00870161700004246
0.0036545379989547655
0.0018059830035781488
0.0016479100013384596
0.0015707319980720058
0.0016795200062915683
0.0017957639938686043
0.001789803005522117
0.0015589100075885653
0.001392960999510251
0.0014836149930488318
0.0015667250117985532
0.001572214998304844
0.0015503030008403584
0.002885052002966404
0.002118682998116128
0.0015684280078858137
0.0015415660018334165
0.0017983089928748086
0.0015927149943308905
0.001554420989123173
0.0015900589933153242
0.001668028999119997
0.0015703209937782958
0.0015462060109712183
0.0017085659928852692
0.001596230998984538
0.0016967830015346408
0.0016133739991346374
0.0015994870045688003
0.0015764529962325469
0.0021360259997891262
0.0017436739872209728
0.0024660990020493045
0.0022107090044301003
1.4528006431646645e-05
0.0022756239923182875
0.0013428460079012439
0.0013487459946190938
0.001574148001964204
0.0017462390096625313
0.009774364996701479
1.6081001376733184e-05
0.0019712000066647306
0.0024587150110164657
0.00237225899763871
0.0017188569909194484
0.0034046489890897647
0.003267085994593799
2.0068997400812805e-05
0.0019307530019432306
1.3626995496451855e-05
0.012955483995028771
0.0022304179874481633
0.0015725859993835911
0.0017925080028362572
0.010406746994704008
0.005335582012776285
0.012529336992884055
0.002015855992794968
1.654100196901709e-05
0.0022913639986654744
0.0068448259989963844
2.001799293793738e-05
0.0027156379946973175
0.0019571329903556034
0.0016113110032165423
0.009406368000782095
2.1772008039988577e-05
0.0024737740022828802
0.00235418499505613
0.0028893109993077815
0.001223636994836852
0.0020829449931625277
1.4176999684423208e-05
0.0031852679967414588
0.002677876007510349
0.0028766860050382093
1.8535996787250042e-05
0.0015118690062081441
0.00742693200299982
0.0012372720084385946
0.0016359370056306943
0.0021306260023266077
0.0027260279894107953
0.004986020998330787
0.0025815809931373224
0.011531923999427818
0.0016237539966823533
0.007868269007303752
0.0020827139960601926
0.002165402998798527
0.0029369620024226606
0.009445894000236876
2.3735003196634352e-05
0.0021272589947329834
0.010570932005066425
0.001959076995262876
0.0019776520057348534
0.001474057004088536
0.0018853549991035834
0.001214809002703987
0.0082019490073435
0.001846209997893311
0.003184968009009026
0.009244478002074175
0.0023530819889856502
0.01166032100445591
2.328399568796158e-05
0.010741507998318411
0.015255676000379026
2.0228995708748698e-05
1.3015000149607658e-05
1.3336000847630203e-05
0.01381163600308355
0.003186079004080966
0.010465799990925007
0.00786233801045455
0.001735097001073882
0.0024551379901822656
0.0014744880027137697
0.0015726350102340803
0.0013994139881106094
1.425700611434877e-05
0.003442272005486302
2.064000000245869e-05
9.858995326794684e-06
0.00954871099384036
2.1742001990787685e-05
1.4157005352899432e-05
0.0022924460063222796
0.0011442940012784675
0.0021395130024757236
0.0016219410026678815
0.0019997249910375103
0.0018296280031790957
0.002702874000533484
2.069000038318336e-05
0.0017651749949436635
1.2553995475172997e-05
0.003890099993441254
0.0021960909944027662
1.467800757382065e-05
0.01197274999867659
0.002213594998465851
0.002040371997281909
1.7293001292273402e-05
0.0029215230024419725
0.0017065629945136607
0.0017224220064235851
0.003275832990766503
0.013215101993409917
0.0025877430016407743
0.0021777259971713647
0.0018106019997503608
1.8576000002212822e-05
0.0016258980031125247
0.0022580100048799068
0.0018610980041557923
0.0021391019981820136
1.797500590328127e-05
0.00237524499243591
0.0020044739940203726
1.3626005966216326e-05
0.001613413987797685
0.0016506350075360388
0.002240205998532474
0.0022238850069697946
0.00135596000473015
0.0017959440010599792
0.002249664001283236
0.0030502599984174594
0.0020186010078759864
1.4186996850185096e-05
0.0019222059927415103
0.0027673059958033264
0.002241698995931074
0.0018417319952277467
0.0013352399982977659
0.0015601219929521903
0.0015502929891226813
0.0018505390034988523
0.009802577988011762
0.0017927879962371662
0.0020694779959740117
0.0012698549980996177
0.003155901998979971
0.001893811990157701
0.002336099001695402
0.001948064993484877
2.064900763798505e-05
0.013353977992665023
0.002370565998717211
0.00960687299084384
0.0020472259930102155
0.0020142020075581968
0.01246592499956023
0.003510121998260729
0.002633950993185863
0.0017787209944799542
0.0017561679997015744
0.001620527997147292
0.0016416479920735583
0.010292819002643228
0.002637327997945249
0.002939095997135155
0.001179872007924132
0.0015398029936477542
0.0013090599968563765
1.885599340312183e-05
0.0015947180072544143
0.005662048002704978
0.0014577550027752295
0.0018664090021047741
0.0017568589973961934
0.007829323993064463
0.002271997000207193
0.00207608200435061
0.007472719997167587
0.0031480170000577345
0.0020243420003680512
0.012283204996492714
0.0018148999952245504
0.0021523670002352446
0.0024433260114165023
2.0318999304436147e-05
0.0026434089959366247
0.001894923989311792
0.002055732998996973
0.0020509730093181133
1.3616998330689967e-05
0.0017884800035972148
0.001218647012137808
0.0015289930015569553
0.004327289003413171
1.6862992197275162e-05
0.0017328329995507374
0.0018309919978491962
0.002256657986436039
0.0016361179878003895
0.0029622209985973313
0.0019052739953622222
1.3245007721707225e-05
0.0015536190039711073
0.007424217008519918
0.0024578930024290457
0.0021971139940433204
0.005727894007577561
0.005066195008112118
0.011184878996573389
0.0050182830018457025
0.00244076999661047
0.002768689999356866
2.388498978689313e-05
0.010402208004961722
2.082000719383359e-05
0.0024567910004407167
0.008582688999013044
0.0024750369921093807
0.0040258899971377105
0.003386584998224862
0.0019660099933389574
0.009524584995233454
0.007695828011492267
0.0025004150083987042
0.0014750589907635003
1.4498000382445753e-05
0.002540140994824469
0.0023283449991140515
0.0027769849984906614
0.002091411006404087
0.0044910319993505254
0.009788651994313113
0.012942109009600244
0.0019112849986413494
0.001973855003598146
0.0021560150053119287
0.0143172259995481
0.001798269004211761
0.003648988000350073
0.010956229991279542
0.003007767998497002
0.008490231994073838
0.002205149008659646
0.0016772670060163364
0.002781834002234973
0.0020125500013818964
0.0019348999921930954
0.007615253998665139
0.002110557004925795
0.01203908798925113
2.2352993255481124e-05
1.5138997696340084e-05
0.002117771000484936
0.002066412998829037
0.0017943810089491308
0.0019421839970164
0.0016839599993545562
0.010203047000686638
1.7933998606167734e-05
0.002283580004586838
0.010068347997730598
0.002076090997434221
0.001345569995464757
0.0016427800001110882
0.0019984320097137243
0.0017086570005631074
0.0032572860072832555
1.4317993191070855e-05
0.0025030700053321198
0.0021493719978025183
0.0017758850008249283
0.0014353129954542965
0.003372396997292526
1.7122001736424863e-05
0.0012770290049957111
0.0030099919968051836
0.008259419002570212
0.0024708779965294525
0.002001747998292558
0.0014592579973395914
0.001248364002094604
0.0014558010007021949
0.002266536990646273
0.0018203409999841824
0.0022123030066723004
0.004332096999860369
0.0019537370098987594
0.001599757990334183
0.00180650400579907
0.0021837179956492037
0.01073194100172259
0.002289740994456224
0.013563489992520772
0.0020667329954449087
0.001780103993951343
0.014535244001308456
0.002185641002142802
0.0020873530011158437
1.398700987920165e-05
0.003654158004792407
1.5338999219238758e-05
0.009259536003810354
0.0031598089990438893
0.009611101006157696
2.0289007807150483e-05
1.0118994396179914e-05
0.0026386899990029633
0.0015793979982845485
0.0014441989915212616
0.0022170919983182102
0.0015331599861383438
1.761299790814519e-05
0.002911053001298569
0.0018099909939337522
0.0014922609989298508
0.009079301991732791
0.008322700989083387
0.002176825000788085
0.0016174320044228807
0.002780182010610588
0.0029520300013246015
0.0020862309902440757
0.0020711920078611
2.5778994313441217e-05
0.0017997609975282103
1.5359008102677763e-05
0.002333424999960698
0.0025563620001776144
0.007120876005501486
0.0016737599944463
0.0014240009913919494
0.0016125029942486435
0.0019912589923478663
0.008525708995875902
0.009283702995162457
0.0031264550052583218
0.01249838799412828
0.009849337991909124
0.0017016130004776642
1.5340003301389515e-05
0.001970458004507236
0.0018501279992051423
0.001555573006044142
0.0041797059966484085
0.001810292000300251
0.007484954010578804
1.9498009351082146e-05
0.001870918000349775
0.0023246780037879944
0.0010819140006788075
0.0016576089983573183
0.004242005001287907
0.002279441003338434
0.0018194100121036172
0.0019194510095985606
0.0018154309946112335
0.0016237840027315542
0.010347914008889347
0.0016237240051850677
0.0026557230012258515
0.003119942994089797
0.0016133840108523145
0.010956971993437037
0.004530277990852483
0.002088534994982183
0.015248882991727442
0.016828060994157568
0.005353957007173449
0.004579582004225813
0.004805243996088393
0.00468798000656534
0.004953790004947223
0.004709490996901877
0.005030457003158517
0.00524482800392434
0.00524753300123848
0.00493698799982667
0.004759157003718428
0.004603958994266577
0.0051181949966121465
0.004535738000413403
0.004624738998245448
0.004771410007379018
0.004581134999170899
0.004523163996054791
0.004821645998163149
0.004811366990907118
0.004531981001491658
0.004793030995642766
0.0046190880093490705
0.004903483000816777
0.004561025998555124
0.0049783970025600865
0.00453783200646285
0.005079009992186911
0.00774527300382033
0.007672623993130401
0.018733504999545403
0.006169201005832292
0.006230908998986706
0.014432437004870735
0.015708022998296656
0.01681627800280694
0.017765477998182178
0.015706951002357528
0.019012228993233293
0.01936663899687119
0.01860945600492414
0.019381797988899052
0.021281781999277882
0.007871846013586037
0.007992425991687924
0.008648916002130136
0.008218110000598244
0.007726566997007467
0.008580284003983252
0.008135651994962245
0.00820828101132065
0.00824908900540322
0.008325585004058667
0.007873328009736724
0.007496475998777896
0.0077501019986812025
0.008054566002101637
0.008207199003663845
0.0081924709957093
0.00812046299688518
0.008240322000347078
0.008053444005781785
0.008172050991561264
0.007387908000964671
0.015706459991633892
0.010661093998351134
0.010339567990740761
0.00959433898970019
0.009859757992671803
0.010112482006661594
0.009901208002702333
0.009517711994703859
0.00962473699473776
0.010090960990055464
0.009761057997820899
0.010121710001840256
0.009741079993546009
0.009850821006693877
0.009529413990094326
0.009942096003214829
0.009868234003079124
0.00941555600729771
0.009852805000264198
0.009958155991625972
0.010102873988216743
0.010021889000199735
0.010105219000251964
0.009909864005749114
0.009940893010934815
0.009881588994176127
0.010004705996834673
0.009896748000755906
0.005466593007440679
0.00940202000492718
0.009798771003261209
0.010028361997683533
0.009928188999765553
0.009842734987614676
0.009186565992422402
0.009024785991641693
0.009174163002171554
0.009169294004095718
0.009291878988733515
0.007405140990158543
0.0055413060035789385
0.004544333991361782
0.004492744992603548
0.004725641992990859
0.0044451150024542585
0.006040122985723428
0.009450833997107111
0.015576370002236217
0.005362613999750465
0.0050936469924636185
0.0054270370019366965
0.005389706013374962
0.005388965000747703
0.0057225839991588145
0.00542277900967747
0.005171476994291879
0.0054035520006436855
0.00534660299308598
0.0051245070062577724
0.005166628005099483
0.005181487009394914
0.0052682129899039865
0.005205070992815308
0.005314882000675425
0.005174533012905158
0.0053564219997497275
0.0052565400110324845
0.0052061329915886745
0.005141319008544087
0.005782659005490132
0.0052582439966499805
0.0052005330071551725
0.005138734995853156
0.00564782100263983
0.0054134719975991175
0.005230961003690027
0.012244300000020303
0.002081972997984849
0.0019490179984131828
0.0019446890073595569
0.0019254329963587224
0.0019990639993920922
0.0019610610033851117
0.0020983839931432158
0.0020624150056391954
0.0020333489956101403
0.0020602010044967756
0.0020533869974315166
0.0020269160013413057
0.0019963189988629892
0.002019603009102866
0.0020152750075794756
0.0019927920075133443
0.0020778140024049208
0.0019974199967691675
0.0020122989953961223
0.0020535479998216033
0.0020194130047457293
0.0026171280042035505
0.002182184995035641
0.0022840799938421696
0.0024340469972230494
0.0025665419962024316
0.0024296490009874105
0.002558715990744531
0.0026819240010809153
0.0023837909975554794
0.0024018959957174957
0.002284280999447219
0.0021598619932774454
0.002224376003141515
0.0021597419981844723
0.0021973130060359836
0.002481878997059539
0.002301924003404565
0.002193716005422175
0.0024605989892734215
0.002210969993029721
0.0022516280005220324
0.0018663990049390122
0.002018351005972363
0.001946151998708956
0.001794240000890568
0.001821343001211062
0.0017980270058615133
0.0018207719986094162
0.0018646759999683127
0.0020050739985890687
0.0019389490043977275
0.001843876001657918
0.0019751669897232205
0.0020161260035820305
0.002027327995165251
0.0020176389953121543
0.001988162999623455
0.0020300129981478676
0.002025763998972252
0.0023618289997102693
0.002224676005425863
0.002225297997938469
0.0022285640006884933
0.0021986560022924095
0.0020843480015173554
0.0020664329931605607
0.002005406000535004
0.0021283120004227385
0.0023670899972785264
0.002308215989614837
0.002219044996309094
0.0021816140069859102
0.002001168002607301
0.0019993540045106784
0.00201743800425902
0.0021395830117398873
0.002365927997743711
0.0021526780037675053
0.0019893450080417097
0.0019994139875052497
0.002004053007112816
0.002012348995776847
0.0020080409885849804
0.003943582996726036
0.004005782000604086
0.0036549680080497637
0.00362345899338834
0.004070345006766729
0.003887184997438453
0.0038945179985603318
0.003641774004790932
0.0036919599951943383
0.003949493009713478
0.003985172996181063
0.0038864829984959215
0.00369418399350252
0.0036244609946152195
0.004037792998133227
0.003661801994894631
0.003904126991983503
0.004026341004646383
0.0041046810074476525
0.004154036010731943
0.004038234008476138
0.004180916992481798
0.003638798007159494
0.004131793000851758
0.004025850008474663
0.0037731360062025487
0.004287782998289913
0.0040985289961099625
0.009364537996589206
0.010410153001430444
0.010303788993041962
0.01037462500971742
0.009347565995994955
0.009613836999051273
0.00988474600308109
0.009465882001677528
0.009334581001894549
0.009951564003131352
0.009965359990019351
0.009876058000372723
0.009702696988824755
0.00959680300729815
0.009361221993458457
0.00974532800319139
0.009880587007501163
0.00949845499417279
0.009444711991818622
0.010178538999753073
0.009453197999391705
0.009623214995372109
0.009762059999047779
0.009568167995894328
0.009164785005850717
0.009185905000776984
0.009461383990128525
0.0092628629936371
0.009044744001585059
0.010107071997481398
0.00990289100445807
0.009292249989812262
0.00908939000510145
0.009075053996639326
0.00908965099370107
0.008996502991067246
0.009309251996455714
0.008891930992831476
0.009131831000559032
0.008875148996594362
0.009722714996314608
0.009372593005537055
0.008969951013568789
0.009005839994642884
0.008930126001359895
0.009008925990201533
0.009256931996787898
0.009757541993167251
0.00946789600129705
0.009267832996556535
0.009631480003008619
0.009259607002604753
0.009024785991641693
0.008992925999336876
0.00895165599649772
0.00953776999085676
0.009194251004373655
0.01029110499075614
0.00955886099836789
0.009758472995599732
0.010084067995194346
0.00926602901017759
0.009197978011798114
0.00929391200770624
0.00944835800328292
0.009643693992984481
0.009989045007387176
0.010301315007382073
0.010065501992357895
0.009691074999864213
0.009819781000260264
0.009640837990446016
0.009726411997689866
0.009557908997521736
0.009380368996062316
0.009148883997113444
0.009580341997207142
0.009178881999105215
0.010090800002217293
0.009871450994978659
0.009236662997864187
0.009190283002681099
0.009142562994384207
0.009108365993597545
0.009100993003812619
0.00938036800653208
0.00932516300235875
0.009252133007976227
0.009841884006164037
0.00949515899992548
0.009304573002737015
0.009456704996409826
0.009923810997861437
0.009733705999678932
0.00939545698929578
0.010051976001705043
0.009842564992140979
0.009759595996001735
0.009517311002127826
0.010176715004490688
0.009937226001056843
0.009596363001037389
0.009843327003181912
0.009736931999213994
0.009951022002496757
0.009207798007992096
0.009824811000726186
0.0098463320027804
0.009036949995788746
0.00980086499475874
0.009358547002193518
0.009249236987670884
0.009874045004835352
0.010134405005373992
0.00982107300660573
0.009707466000691056
0.00917079599457793
0.00901756300299894
0.009213678000378422
0.009757832012837753
0.008669684990309179
0.008877704007318243
0.008501542994054034
0.009021810998092405
0.009013614995637909
0.009582245998899452
0.008816728004603647
0.00841215200489387
0.003583721991162747
0.0032199039997067302
0.003093653009273112
0.003127638003206812
0.003094435000093654
0.0031077599996933714
0.0031220970122376457
0.0034808649943443015
0.00350865900691133
0.003243489991291426
0.0031192419992294163
0.003101246998994611
0.0031063969945535064
0.0038772160041844472
0.003184547007549554
0.0032624360028421506
0.003286783001385629
0.003205015993444249
0.003420619003009051
0.003607077000197023
0.0031394410034408793
0.003090886995778419
0.0032227299961959943
0.0034246979921590537
0.003151202996377833
0.0031557619950035587
0.003130883997073397
0.003172112992615439
0.005010729000787251
0.0073283539968542755
0.006716150004649535
0.007815938006388023
0.008846594995702617
0.005283302001771517
0.007811048999428749
0.004145320010138676
0.010282178001943976
0.01018392900004983
0.008708080000360496
0.009866289998171851
0.008346296002855524
0.006129795001470484
0.004976131996954791
0.009083148004719988
0.009144044990534894
0.00940691000141669
0.0007134789921110496
0.008872453996445984
0.0007170150056481361
0.010328065996873192
0.009018584998557344
0.009625949009205215
0.0040336850070161745
0.007282816004590131
0.008951486001024023
0.00981764700554777
0.005102233990328386
0.009353717003250495
0.008623697009170428
0.007975996006280184
0.009168352000415325
0.012137455007177778
0.0021631380077451468
0.012139949991251342
0.009341833996586502
0.008551217993954197
0.010924038011580706
0.006801052004448138
0.007683875010116026
0.0006375919911079109
0.00853418599581346
0.011888157998328097
0.009810172006837092
0.010273862004396506
0.0039058499969542027
0.003737317005288787
0.0043359150004107505
0.010656585000106134
0.008290468002087437
0.010182597005041316
0.0025753090012585744
0.013334771996596828
0.013971703010611236
0.004709651999291964
0.0031664819980505854
0.003216598997823894
0.013688630991964601
0.01118879699788522
0.0048983739980030805
0.010547726997174323
0.014026878998265602
0.012446146996808238
0.004014618010842241
0.009559311001794413
0.004153073998168111
0.013160467002307996
0.011036383992177434
0.010174730996368453
0.000610119997872971
0.0041372639971086755
0.004760388997965492
0.0021578180021606386
0.009403132004081272
0.012449454006855376
0.007137677006539889
0.005425233001005836
0.008245181001257151
0.009409524005604908
0.0049877340061357245
0.0035693850077223033
0.008329463002155535
0.010226881000562571
0.0023383139923680574
0.007501715997932479
0.009789191986783408
0.0030928820051485673
0.004284747003111988
0.009289494002587162
0.012817719994927756
0.008541059010894969
0.009134406995144673
0.00963616899389308
0.017141060990979895
0.0005685309879481792
0.011108050995972008
0.007118339999578893
0.0021246349933790043
0.008213399996748194
0.00824043300235644
0.005452976998640224
0.008476735994918272
0.0048478970129508525
0.009193350007990375
0.0029184059967519715
0.004046699992613867
0.011194958002306521
0.009459670996875502
0.003017316004843451
0.010586942007648759
0.007361466996371746
0.0050684090092545375
0.003483961001620628
0.008004600007552654
0.0038120899989735335
0.008459763004793786
0.002577332008513622
0.008310997989610769
0.009306637002737261
0.002922063009464182
0.0031158049969235435
0.010309941004379652
0.003366566001204774
0.009601682992069982
0.004303793000872247
0.003661511989776045
0.013263796005048789
0.00883340899599716
0.008772551998845302
0.008176319999620318
0.008865051000611857
0.00896998199459631
0.008586405994719826
0.009620227996492758
0.0158655249979347
0.004932398005621508
0.008273405997897498
0.008137264012475498
0.00870207799016498
0.009537500009173527
0.014700790998176672
0.009429111989447847
0.007075819012243301
0.011973582004429772
0.0041787539958022535
0.005928016995312646
0.008061528991675004
0.00883662499836646
0.016194134994293563
0.008526430989149958
0.01605563001066912
0.008903944995836355
0.003538406002917327
0.0005229929956840351
0.010373131997766905
0.006142949991044588
0.009256391000235453
0.00879239100322593
0.002497159002814442
0.009277289995225146
0.008634879006422125
0.01531864600838162
0.007777034013997763
0.015514070008066483
0.009116512999753468
0.009179362998111174
0.011868910005432554
0.011032566995709203
0.008103248997940682
0.009654053006670438
0.003914126005838625
0.008903654001187533
0.0035313730040797964
0.009240140003385022
0.008770589003688656
0.007286833992111497
0.009761969995452091
0.008038454994675703
0.004488798003876582
0.0031260450050467625
0.009197527993819676
0.008425787993473932
0.00347457300813403
0.0043805900058941916
0.006860866997158155
0.008834883003146388
0.01083366500097327
0.008505259989760816
0.008896309998817742
0.004317598999477923
0.0007762089953757823
0.003541261001373641
0.003300839991425164
0.00855985499219969
0.0007719299901509658
0.008658354010549374
0.00788295699749142
0.009883072998491116
0.00960167299490422
0.007994211002369411
0.009478968000621535
0.002518590001272969
0.01613454100152012
0.005598977004410699
0.0067751830065390095
0.0023527619923697785
0.009095651999814436
0.016025039993110113
0.009892721005599014
0.0038265079929260537
0.0022485020017484203
0.004252825005096383
0.009112906001973897
0.002466149002430029
2.2944004740566015e-05
0.016640690999338403
0.004071798000950366
0.007707520999247208
0.005252351998933591
0.005236511991824955
0.008722407001187094
0.006017198989866301
0.016967357994872145
0.010466410996741615
0.010215430011157878
0.004583610003464855
0.00806714000646025
0.003908404993126169
0.004087838999112137
0.008958157995948568
0.008850541998981498
0.011061703000450507
0.0046977379970485345
0.005332125001586974
0.009217775994329713
0.009495439007878304
0.013058732001809403
0.002191983992815949
0.0159072950045811
0.0084005490061827
0.0022921850031707436
0.002220296999439597
0.0036678839969681576
0.00744176100124605
0.01280414400389418
0.0037638679932570085
0.009950662002665922
0.0005539729900192469
0.012562671006890014
0.003968200006056577
0.003918595000868663
0.0077790770010324195
0.0005225120112299919
0.008712096998351626
0.004935695993481204
0.004131273002712987
0.014346662006573752
0.003789166992646642
0.0033977660059463233
0.007899288000771776
0.012606895994395018
0.007770871990942396
0.00806520700280089
0.00544793700100854
0.008162362995790318
0.009030125991557725
0.002098003009450622
0.011689827995724045
0.012939874999574386
0.012216215996886604
0.013466855001752265
0.003618198010371998
0.004195506000542082
0.014055603998713195
0.005140047011082061
0.004398685006890446
0.00798336899606511
0.007742667992715724
0.008043604000704363
0.008508526996592991
0.009351343003800139
0.009826012988924049
0.004874367004958913
0.005238706013187766
0.008235293003963307
0.010024734001490287
0.011065779995988123
0.007674056003452279
0.007053135996102355
0.008793683999101631
0.010202494988334365
0.006495957000879571
0.009830041002715006
0.015407997998408973
0.015471479011466727
0.010277078006765805
0.008463651000056416
0.009971160994609818
0.0007422729977406561
0.0005187049973756075
0.002349565998883918
0.01749016100075096
0.003965985000832006
0.0031562319927616045
0.008461065008305013
0.010261428004014306
0.003994839993538335
0.009559843005263247
0.004855039995163679
0.008465282997349277
0.008356935999472626
0.0048773540038382635
0.007784968998748809
0.0004979950026609004
0.0005094270018162206
0.005477954997331835
0.003497596990200691
0.010148411005502567
0.008626992988865823
0.003821669000899419
0.0070482660084962845
0.008727806998649612
0.008234802007791586
0.010759403012343682
0.009514075005427003
0.010941440996248275
0.000559843989321962
0.009499918000074103
0.010282628994900733
0.010199678989010863
0.010660333005944267
0.004174164991127327
0.009341994998976588
0.0031350719946203753
0.0023611469950992614
0.005710500990971923
0.009100953000597656
0.004864978996920399
0.012677231003181078
0.00940289099526126
0.00968565400398802
0.010206974009633996
0.008359671002835967
0.00914634000218939
0.007001375997788273
0.012498187003075145
0.004405418992973864
0.00971312599722296
0.01670365199970547
0.00837384900660254
0.009472595003899187
0.010691181989386678
0.005727664000005461
0.005478916995343752
0.0038624669978162274
0.011191741999937221
0.0044145259889774024
0.005233666001004167
0.008685224995133467
0.01030315799289383
0.005228366004303098
0.009506760994554497
0.010630855991621502
0.005643152006086893
0.0031260349933290854
0.008504689001711085
0.00964000599924475
0.010548117992584594
0.0007294989918591455
0.007399810012429953
0.004983778009773232
0.008592396989115514
0.009099980001337826
0.0031007759971544147
0.012828862003516406
0.0030273160082288086
0.009380888994201086
0.009147010001470335
0.005621239004540257
0.0007357510039582849
0.007997385997441597
0.004275840008631349
0.00213465400156565
0.009085212994250469
0.004872933990554884
0.009252242991351523
0.004626291993190534
0.0037974620063323528
0.010912746991380118
0.0023921679967315868
0.003043225995497778
0.002298356994288042
0.005474477991811
0.007035852002445608
0.008629377989564091
0.009780566004337743
0.0058528340014163405
0.010561524002696387
0.012781600991729647
0.014815741989878006
0.0094817229983164
0.0063919780077412724
0.008032865007407963
0.007387858000583947
0.005465149995870888
0.0022628290025750175
0.009179412998491898
0.008973569012596272
0.012186600011773407
0.011243411994655617
0.009448248994885944
0.007986344993696548
0.013554431992815807
0.009455583000089973
0.014076053004828282
0.03047143400181085
0.006077744998037815
0.00953210900479462
0.009364408004330471
0.009873192990198731
0.009660705996793695
0.010165233004954644
0.009415274995262735
0.009959818999050185
0.009763082009158097
0.009335531998658553
0.010158460994716734
0.009732653998071328
0.010172125999815762
0.009212265998939984
0.009222035005223006
0.010058808999019675
0.013983054988784716
0.014555913003277965
0.013465372001519427
0.014717372992890887
0.00427170199691318
0.0039830380119383335
0.0038983549893600866
0.004047733003972098
0.008247525998740457
0.008357366008567624
0.009593226001015864
0.00814836600329727
0.011263239008258097
0.009732835009344853
0.011701309005729854
0.009752501995535567
0.010458314995048568
0.010213285000645556
0.011094164990936406
0.009601172001566738
0.010303178001777269
0.009858185003395192
0.011400531991967
0.010212834997219034
0.010998711994034238
0.010272790008457378
0.01097004598705098
0.00957546298741363
0.010650694006471895
0.01032292599848006
0.011012488001142628
0.011376125999959186
0.01240182199398987
0.010702904997742735
0.01155312500486616
0.011003450999851339
0.011893547009094618
0.010717752986238338
0.011432624000008218
0.010613823993480764
0.011928895997698419
0.010989354006596841
0.01146640899241902
0.010581893002381548
0.011720836992026307
0.010744033002993092
0.011482358997454867
0.010409451002487913
0.012018818000797182
0.011299438003334217
0.010000367008615285
0.010854774998733774
0.010420192003948614
0.01146785200398881
0.00947271600307431
0.01045112099382095
0.0103488059976371
0.010919649997958913
0.010116018995177
0.010901114990701899
0.01036865299101919
0.010880223999265581
0.010162578008021228
0.01097418399876915
0.009824490000028163
0.01079232498886995
0.010751537993201055
0.011472160011180677
0.010757689000456594
0.01013761101057753
0.01015766900673043
0.011005976004526019
0.012819493989809416
0.010413769996375777
0.011066081002354622
0.011443925002822652
0.011059978991397657
0.010106710993568413
0.0104171069979202
0.011201892004464753
0.011540830993908457
0.010377269994933158
0.00921716600714717
0.010416054996312596
0.009588928005541675
0.01014897201093845
0.009314591996371746
0.010040463996119797
0.00949881601263769
0.009662349009886384
0.010086642010719515
0.009520296996925026
0.009899734010105021
0.009537970996461809
0.00938647000293713
0.00980959099251777
0.01347473000350874
0.01404530499712564
0.013471262995153666
0.0041932910098694265
0.003613348992075771
0.003826909000054002
0.007565357998828404
0.008424304993241094
0.00834655600192491
0.011399569993955083
0.010150014000828378
0.010539670998696238
0.009240639992640354
0.00997016999463085
0.010345819988287985
0.011198334002983756
0.009461403999011964
0.010230979998596013
0.009643002005759627
0.010116079007275403
0.00915689000976272
0.010596329986583441
0.00949665199732408
0.010559289003140293
0.010482361001777463
0.011237188999075443
0.009801234991755337
0.010488191997865215
0.010333686004742049
0.01077880000229925
0.010076113001559861
0.01128171400341671
0.010045853996416554
0.010802304997923784
0.009954239008948207
0.010527897989959456
0.010004625000874512
0.010854103995370679
0.013419855007668957
0.010733192990301177
0.009411428007297218
0.011220036001759581
0.00963233198854141
0.010931564000202343
0.010399463004432619
0.011154209991218522
0.010787145991344005
0.011101349009550177
0.010547906989813782
0.011166935000801459
0.010394203010946512
0.011669729006825946
0.010476138995727524
0.011303585997666232
0.011436430999310687
0.010371338998083957
0.011314115996356122
0.011870243004523218
0.011256025012698956
0.010140725993551314
0.010203566998825409
0.010831211009644903
0.011152927996590734
0.009680393995949998
0.009216133010340855
0.008743907994357869
0.009072336993995123
0.008838369001750834
0.009332346002338454
0.00859770699753426
0.008572107995860279
0.009083768993150443
0.009057078990736045
0.010223404999123886
0.008929243005695753
0.009219289990141988
0.00939591800852213
0.00935438800661359
0.01049877300101798
0.01030215599166695
0.01037439500214532
0.009745568997459486
0.009450693003600463
0.010166225998545997
0.009407279998413287
0.009939561001374386
0.009388293998199515
0.00927158999547828
0.01003448199480772
0.013469009994878434
0.014058599001145922
0.003868808998959139
0.0036351109883980826
0.01023786299629137
0.010984555003233254
0.011198374995728955
0.010550692997639999
0.010781564997159876
0.010274353000568226
0.011184488001163118
0.009362583994516172
0.010107071997481398
0.010229597013676539
0.010696993005694821
0.011050742003135383
0.012540609008283354
0.010144813990336843
0.01145410600292962
0.01074631699884776
0.01082079099433031
0.009763613998075016
0.010821682008099742
0.010627058989484794
0.011189909011591226
0.010408599991933443
0.00938201199460309
0.01041275801253505
0.01004344000830315
0.01160325099772308
0.009598265998647548
0.011012267001206055
0.009941784999682568
0.011856205994263291
0.011288156994851306
0.012336357001913711
0.012398797000059858
0.010707252004067414
0.01064016399323009
0.01107989800220821
0.011280741993687116
0.010781684992252849
0.010170043009566143
0.009909864005749114
0.010254844994051382
0.009553910989779979
0.009003986997413449
0.01038574600534048
0.009727123004267924
0.00980812800116837
0.009026148996781558
0.009496740996837616
0.01040655598626472
0.013869866990717128
0.009515928002656437
0.01026623698999174
0.010240778006846085
0.009962355004972778
0.01025511599436868
0.00987985600659158
0.01020779499958735
0.010524372002691962
0.009911808010656387
0.010483874008059502
0.004352396994363517
0.010176153999054804
0.010382701002527028
0.011213813995709643
0.009950231004040688
0.010555072003626265
0.010509182990062982
0.01132581899582874
0.011556049998034723
0.01131497899768874
0.01048893400002271
0.011579265003092587
0.011311411013593897
0.012012705992674455
0.011257136997301131
0.010300964000634849
0.011530470990692265
0.009759024003869854
0.010824087003129534
0.010190703003900126
0.011032235997845419
0.011300701007712632
0.010289070996805094
0.009847343986621127
0.009770114993443713
0.008897943000192754
0.010240346993668936
0.0087961980025284
0.009296017000451684
0.008676167999510653
0.008678393001900986
0.009745157993165776
0.009707144999993034
0.009318610012996942
0.010352461991715245
0.009584419007296674
0.01021384701016359
0.009470771998167038
0.009288332003052346
0.0098973889980698
0.007750282995402813
0.008092067000688985
0.01010334499005694
0.009919613003148697
0.01097869299701415
0.010538028000155464
0.012213201000122353
0.01110739000432659
0.001101882997318171
0.0008904080023057759
0.0008789860003162175
0.0011320310004521161
0.001529092012788169
0.0010762630117824301
0.008831305996864103
0.010400704995845445
0.009510316987871192
0.010355988997616805
0.00952203999622725
0.00910980999469757
0.010254665001411922
0.00824056300916709
0.009607483996660449
0.009161007998045534
0.009680724004283547
0.008732285001315176
0.008804473996860906
0.010605057002976537
0.010221291013294831
0.01016729700495489
0.009507360999123193
0.009329551001428626
0.010025445997598581
0.009641919008572586
0.008916438004234806
0.009498144005192444
0.009529725008178502
0.009602343998267315
0.010013532009907067
0.010495776994503103
0.00876726298884023
0.009365901001729071
0.010217153001576662
0.007123029005015269
0.010637920000590384
0.004169415988144465
0.010844896998605691
0.0013788240030407906
0.017581424996023998
0.014991648989962414
0.011856416997034103
0.010275143999024294
0.010845658005564474
0.002212693012552336
0.011806861992226914
0.012306089003686793
0.009140027003013529
0.010519613002543338
0.009239477993105538
0.012279208007385023
0.0145016689930344
0.011844904001918621
0.00810545400599949
0.004773614011355676
0.013867753004888073
0.003625381999881938
0.011773025995353237
0.0038402439968194813
0.01058290500077419
0.010880554997129366
0.003922681993572041
0.0159909149952
0.0016455360018881038
0.011714745007338934
0.013966623999294825
0.008796538997557946
0.0021709229913540184
0.003461708009126596
0.0014608019992010668
0.009097335001570173
0.010910372002399527
0.013324863000889309
0.008861704001901671
0.001651948012295179
0.003725595001014881
0.011541403000592254
0.011304248007945716
0.008794905996182933
0.012623467002413236
0.00960180300171487
0.01733451199834235
0.0053522329981205985
0.004360512000857852
0.009590321002178825
0.013586563989520073
0.0037322170101106167
0.013304884996614419
0.0017146280006272718
0.012878526991698891
0.00953679799567908
0.009166278003249317
0.013434944004984573
0.01048194000031799
0.014382501001819037
0.012337628999375738
0.010368743998697028
0.012013879008009098
0.009922919009113684
0.009975950000807643
0.010051876000943594
0.007609010994201526
0.012576296998304315
0.011924867998459376
0.01305495499400422
0.011016375996405259
0.010522247990593314
0.004670186011935584
0.010416495002573356
0.0014404219982679933
0.0015550719981547445
0.00881282999762334
0.011834193996037357
0.014725337998243049
0.010170973997446708
0.006967571011045948
0.012342127985903062
0.01278388500213623
0.012440215999959037
0.004277892992831767
0.01197906098968815
0.003327761995024048
0.0032508430012967438
0.004094873002031818
0.00945435999892652
0.011905720995855518
0.004341755993664265
0.011062864999985322
0.011293757008388638
0.011733310006093234
0.010233132998109795
0.0038827660027891397
0.008905337992473505
0.01102962098957505
0.010996166995028034
0.012601355003425851
0.011852548996102996
0.008142513994243927
0.010423738989629783
0.01131632000033278
0.01073277099931147
0.002275414008181542
0.0036189100064802915
0.009790554991923273
0.0154217340023024
0.007785499998135492
0.003519188001519069
0.011806471011368558
0.003839341996354051
0.003936820008675568
0.010648080002283677
0.001999264000914991
0.007823712992831133
0.011976887006312609
0.01574619600432925
0.013795405000564642
0.0036160540039418265
0.01143443799810484
0.011482699992484413
0.013211886005592532
0.012363468005787581
0.011705097000231035
0.010847302008187398
0.0022091370046837255
0.003046462996280752
0.007817390011041425
0.010162358012166806
0.010545172001002356
0.003985602990724146
0.0018327950092498213
0.013303421001182869
0.0046971970004960895
0.011913887006812729
0.00914750198717229
0.002233883991721086
0.011590485999477096
0.0064338880038121715
0.013608306006062776
0.004458188996068202
0.003366134988027625
0.010650033000274561
0.0021751309977844357
0.01327865400526207
0.00966279000567738
0.008489639993058518
0.0018231959984404966
0.01241088000824675
0.012143888001446612
0.011319597004330717
0.0016734090022509918
0.010718072997406125
0.0034223129914607853
0.014238072995794937
0.01286312700540293
0.005588184998487122
0.013838597005815245
0.011867427994729951
0.002093364004394971
0.012663824993069284
0.004482666001422331
0.009792388998903334
0.010807394006405957
0.013805953989503905
0.007763057001284324
0.002105617997585796
0.0038930750015424564
0.0034923369967145845
0.016377937005017884
0.012006283999653533
0.011047886000596918
0.011677343005430885
0.00991533399792388
0.010422166000353172
0.012965853995410725
0.004717104995506816
0.010864473995752633
0.013834299999871291
0.008926356997108087
0.004409626999404281
0.007993938997969963
0.0014717120066052303
0.011489572993014008
0.009107976002269424
0.010350198004744016
0.01331421299255453
0.014416856996831484
0.01204887499625329
0.004357205994892865
0.009769333992153406
0.004260910995071754
0.0041865779930958524
0.00145495000469964
0.007635080997715704
0.0020184110035188496
0.012766592000843957
0.008236204012064263
0.01235900999745354
0.012295688997255638
0.007363180004176684
0.013395297006354667
0.011686901008943096
0.013044955005170777
0.00935565099644009
0.004133576003368944
0.010095489997183904
0.001490148002631031
0.01020869700005278
0.01002382198930718
0.010406977002276108
0.009919992997311056
0.0043034219997935
0.011933083995245397
0.004660206992411986
0.010736879004980437
0.011231658005272038
0.005440823995741084
0.0036164549965178594
0.010161475991480984
0.003930797989596613
0.010566853001364507
0.009731630998430774
0.00384736800333485
0.001331523002590984
0.010499765005079098
0.008376341997063719
0.012235393005539663
0.0055918230063980445
0.009328368003480136
0.008951144991442561
0.01133871398633346
0.004333841003244743
0.00973619100113865
0.011991005012532696
0.005793770003947429
0.008603178008343093
0.01172582599974703
0.010812464999617077
0.012032333994284272
0.003583190991776064
0.011592701004701667
0.012366013004793786
0.008256953995442018
0.014130518000456505
0.004240131005644798
0.01055945899861399
0.0076249420089880005
0.005494144992553629
0.016038236004533246
0.009913129993947223
0.00374863798788283
0.011368991996278055
0.011294798998278566
0.008629018004285172
0.011503118992550299
0.011698474001605064
0.010296685009961948
0.010191253997618333
0.013400477007962763
0.009722114002215676
0.001459690000046976
0.01208102799137123
0.009932357002981007
0.01391536500887014
0.007417493994580582
0.01288802400813438
0.006412415998056531
0.009010367997689173
0.004591103992424905
0.0034155000030295923
0.007932050997624174
0.009334791000583209
0.012448220993974246
0.012480773992137983
0.01072355400538072
0.011938884999835864
0.007520030994783156
0.0011167410120833665
0.008309654003824107
0.011103441996965557
0.013662108991411515
0.01296690599701833
0.004173473993432708
0.005994795996230096
0.011353693000273779
0.00463160099752713
0.011801019994891249
0.006922114000190049
0.010958393992041238
0.001501328995800577
0.009793750999961048
0.01328122899576556
0.010151075999601744
0.008076377998804674
0.01650594199600164
0.011874711999553256
0.008034466998651624
0.012744059000397101
0.013488126001902856
0.014787918000365607
0.015328313995269127
0.0020116280065849423
0.008371132993488573
0.010804038000060245
0.012350003002211452
0.008557340013794601
0.01089996199880261
0.011568293994059786
0.010818827009643428
0.008737024007132277
0.010369144001742825
0.010438126992085017
0.0021121199970366433
0.003663644994958304
0.0035132470075041056
0.004284997005015612
0.012612805992830545
0.004702868987806141
0.012704623004538007
0.004079423000803217
0.008501192001858726
0.009528381997370161
0.008203642006265
0.009259356011170894
0.008845773991197348
0.0016904319927562028
0.012279458009288646
0.01211159500235226
0.011135994995129295
0.008227006997913122
0.013310305002960376
0.008601915003964677
0.014678578998427838
0.009535725999739952
0.013484358001733199
0.008706716995220631
0.007862667000154033
0.011460205991170369
0.010570610989816487
0.009868815002846532
0.00434003300324548
0.0013360620068851858
0.0018954539991682395
0.012395761004881933
0.0023160609998740256
0.009147200995357707
0.010532797998166643
0.014901305999956094
0.011691439998685382