0.011717679997673258
0.011079577001510188
0.012249760999111459
0.01186956099991221
0.01158211000438314
0.010995985998306423
0.011050310989958234
0.01114289800170809
0.011325368992402218
0.011712439998518676
0.012057272004312836
0.012196198003948666
0.011301833001198247
0.011602459999267012
0.011411793006118387
0.012021583010209724
0.011221269000088796
0.012261333002243191
0.012333120990660973
0.011127228004625067
0.01130495899997186
0.01127067299967166
0.011259842009167187
0.011804677007603459
0.013393643996096216
0.011858972007757984
0.011493190002511255
0.011479704000521451
0.011590767011512071
0.01225980999879539
0.012913312995806336
0.013102475990308449
0.012144139007432386
0.01222592500562314
0.012152153998613358
0.010924098009127192
0.011303767008939758
0.011224393994780257
0.011518358005560003
0.011152004997711629
0.012005252006929368
0.01115443100570701
0.011455757994554006
0.011357840005075559
0.011537043988937512
0.00731180100410711
0.007933764005429111
0.00821082599577494
0.012515601003542542
0.013950501990620978
0.013688790000742301
0.013342225007363595
0.015660500997910276
0.01327804299944546
0.011993439009529538
0.012548704005894251
0.015090519009390846
0.014490448011201806
0.013069722990621813
0.013761649999651127
0.012635870996746235
0.015569226001389325
0.013463388007949106
0.012387826005578972
0.01216424599988386
0.01117639300355222
0.011560408005607314
0.012240071999258362
0.011872487011714838
0.011326229010592215
0.011885351006640121
0.011854683005367406
0.011733349994756281
0.011607750013354234
0.012295419001020491
0.012035790001391433
0.011984422002569772
0.01188418899255339
0.012308524004765786
0.01221099600661546
0.01225216599414125
0.011412405001465231
0.012290298996958882
0.012397113008773886
0.012087959999917075
0.011870744012412615
0.012264459001016803
0.013399625997408293
0.013324772007763386
0.01398441698984243
0.014499365002848208
0.016829383006552234
0.015492159000132233
0.022097544991993345
0.005493955002748407
0.005092516003060155
0.005721572000766173
0.0066058779921149835
0.004717415999039076
0.01873691100627184
0.021121033001691103
0.02202692000719253
0.03290423899306916
0.02703409199602902
0.03387293599371333
0.033369581011356786
0.034379748001811095
0.03170566000335384
0.0033022930001607165
0.0033660949993645772
0.00235611799871549
0.0020731859985971823
0.0020936350047122687
0.0021848499891348183
0.00593418900098186
0.01665493800828699
0.015500805995543487
0.017825002010795288
0.0028418389993021265
0.0027749610017053783
0.0028035069990437478
0.002321752006537281
0.003251614994951524
0.0032597300014458597
0.005903009005123749
0.019120155004202388
0.0056834379938663915
0.003347939986269921
0.0031133599986787885
0.003209144007996656
0.0038661740109091625
0.004185316996881738
0.003963240000302903
0.003242296996177174
0.0038175209920154884
0.004399347002618015
0.0034283139975741506
0.003943482006434351
0.0033103480091085657
0.0057620400039013475
0.005714468003134243
0.004504066993831657
0.005241010003373958
0.004841904999921098
0.0046460090088658035
0.005492643002071418
0.004090093003469519
0.006059750012354925
0.007273377996170893
0.006560399997397326
0.006015946011757478
0.007887666011811234
0.00646233199222479
0.005337094000424258
0.0029355689912335947
0.00314719500602223
0.003024410005309619
0.0035361619957257062
0.003922771997167729
0.0030059050041018054
0.002893468990805559
0.004196598005364649
0.006064248998882249
0.0041626530000939965
0.004462979006348178
0.0054073890059953555
0.004865401002462022
0.004499789007240906
0.005174532008823007
0.005200543004320934
0.004659074998926371
0.004359509999630973
0.005702626003767364
0.00447390899353195
0.004757834001793526
0.005718044994864613
0.005359558010241017
0.004744047997519374
0.005454119003843516
0.0049950980028370395
0.004981102989404462
0.005480849999003112
0.002587141003459692
0.01737001999572385
0.013609157991595566
0.017674292990705
0.003022475997568108
0.014216120995115489
0.007155041006626561
0.003122918991721235
0.017490429992903955
0.0021990870009176433
0.002353812989895232
0.011246947004110552
0.0024192790006054565
0.011484072005259804
0.011383008997654542
0.005024956000852399
0.0034359500132268295
0.004874346996075474
0.007156544001190923
0.011840535997180268
0.011184817994944751
0.004490350998821668
0.004353869007900357
0.013547149006626569
0.00642952999623958
0.006221219999133609
0.008981063001556322
0.003274639995652251
0.020548675005557016
0.011688685000990517
0.015041264006868005
0.014342363007017411
0.004137914991588332
0.010335660001146607
0.006204347999300808
0.001919761998578906
0.0021262380032567307
0.011405230005038902
0.012494069000240415
0.004797499990672804
0.003205736997188069
0.010587534008664079
0.005201865002163686
0.011232288990868255
0.002078746008919552
0.017562369001097977
0.00877068999398034
0.015628490000381134
0.0031575850007357076
0.009075242996914312
0.011514109995914623
0.015379082004074007
0.02006411598995328
0.003572159999748692
0.0035765390057349578
0.010940881009446457
0.0023424019891535863
0.012477456999476999
0.015145743993343785
0.008835002008709125
0.00397668601362966
0.002142608995200135
0.009778291991096921
0.0022515280143124983
0.015909939000266604
0.003977347005275078
0.0027723560051526874
0.0030728030105819926
0.0027606939984252676
0.004397662996780127
0.007548945999587886
0.0022110599966254085
0.004860701010329649
0.002014543002587743
0.008975050994195044
0.00520178499573376
0.002112720991135575
0.0031481670011999086
0.012208732005092315
0.00900659199396614
0.011230365998926573
0.0032426480029243976
0.007342580007389188
0.010645633999956772
0.006894881997141056
0.012765299004968256
0.004951465001795441
0.0023797229951014742
0.010622711008181795
0.006363473003148101
0.012481725003453903
0.0023987699969438836
0.00758923300600145
0.0019224360003136098
0.0022617480135522783
0.020511794005869888
0.003544958002748899
0.0020153150107944384
0.0021766540012322366
0.017510108009446412
0.004054755001561716
0.011548745998879895
0.015507598000112921
0.0034656249918043613
0.001880897005321458
0.009443158996873535
0.0035219940036768094
0.002539920009439811
0.002097823002259247
0.0030418130045291036
0.0030026379972696304
0.006938564998563379
0.006376046992954798
0.013716272995225154
0.004010239994386211
0.010012739992816932
0.004732203989988193
0.002191742998547852
0.0030635739967692643
0.00587819199427031
0.0023627509945072234
0.0021437609975691885
0.0020141619897913188
0.029025930998614058
0.016958380001597106
0.017024957996909507
0.0033037960092769936
0.0020567539904732257
0.001730157993733883
0.011084055004175752
0.003210586990462616
0.005694508989108726
0.0030183479975676164
0.011041803998523392
0.002417023992165923
0.01520899499882944
0.009716782995383255
0.007777924998663366
0.006255495987716131
0.002728683000896126
0.004840743000386283
0.0020413349993759766
0.009989286001655273
0.01263734399981331
0.01836819399613887
0.008350231990334578
0.006155053008114919
0.0018733420001808554
0.006326873000944033
0.00728862700634636
0.0029204799939179793
0.00758364298962988
0.002854804988601245
0.009930533007718623
0.006190580999827944
0.0029637129919137806
0.005392710998421535
0.006975187003263272
0.012561979005113244
0.01073730000643991
0.003082712006289512
0.0038959210069151595
0.017543210997246206
0.012093750992789865
0.0036367839929880574
0.011863148989505135
0.007076800000504591
0.00207950800540857
0.0030685449892189354
0.0064210330019705
0.005584358994383365
0.0102883590006968
0.0034163009986514226
0.0032824750087456778
0.004418983997311443
0.0032465149997733533
0.007891823013778776
0.00990356199326925
0.009804451998206787
0.012297050998313352
0.007069607003359124
0.013734929001657292
0.0014024789998074993
0.0030028690089238808
0.0018293479952262715
0.0015658930060453713
0.002614052005810663
0.0026493699988350272
0.0025465229991823435
2.4487002519890666e-05
0.002027427006396465
0.013732343999436125
0.00680283599649556
0.0038065090047894046
0.0028712160128634423
0.004304404006688856
0.0020213969983160496
0.0019252719939686358
0.0018870990024879575
0.002004144000238739
0.00262984300206881
0.0026218980056000873
0.002479664995917119
0.0024980800080811605
0.0024040300049819052
0.0025002339971251786
0.00244565999309998
0.0024763289984548464
0.0024648469989188015
0.0028237349906703457
0.002485095988959074
0.010757117997854948
0.0017560079868417233
0.0027780680102296174
0.002452953005558811
0.00417917400773149
0.0021213880099821836
0.0023516999935964122
0.0020129699987592176
0.002045002009253949
0.0021816230000695214
0.0020431680022738874
0.0016517479962203652
0.001504785002907738
0.002046505003818311
0.002942764011095278
0.002570779004599899
0.0025645769928814843
0.0027752019959734753
0.002722310004173778
0.0027504350000526756
0.003995663006207906
0.0019521840004017577
0.001585972000611946
0.0014621340087614954
0.0013492069992935285
0.0013819799933116883
0.0015597510064253584
0.0013995940098538995
0.001481170009355992
0.0014626549964305013
0.0014714819990331307
0.0014356229949044064
0.0015266469999914989
0.001536145995487459
0.0026627870101947337
0.002564547990914434
0.0026244430046062917
0.0024984609917737544
0.002641625003889203
0.0025844459887593985
0.002588072995422408
0.0024603580095572397
0.0024310019944095984
0.001809219000278972
0.0021980649908073246
0.003599061004933901
0.0047720210131956264
0.003976205000071786
0.010853933010366745
0.012408584996592253
0.011176642001373693
0.010665743000572547
0.0013980509975226596
0.0015433399967150763
0.0013931909925304353
0.010109355993336067
0.002843352995114401
0.007489892988814972
0.004086415996425785
0.004341846011811867
0.00382118699781131
0.007979371002875268
0.003191499999957159
0.002407848005532287
0.001689609998720698
0.01215530899935402
0.010447934997500852
0.00882508400536608
0.013824751003994606
0.013520758002414368
0.016012266001780517
0.016150570998433977
0.014675723010441288
0.015452121995622292
0.015137538997805677
0.012687089998507872
0.015518959000473842
0.01500702800694853
0.013809291005600244
0.013234318990726024
0.013202597998315468
0.014191934998962097
0.01456119200156536
0.014068769000004977
0.014501047000521794
0.014066603995161131
0.012614599996595643
0.01316391400177963
0.01291207100439351
0.012245150996022858
0.005125117997522466
0.009989005993702449
0.005368856000131927
0.01002502499613911
0.005162460001884028
0.010009153993451037
0.011592480004765093
0.01183707000745926
0.010587493001366965
0.002079347992548719
0.0021930549992248416
0.0018261519871884957
0.001869004001491703
0.001801846010494046
0.008669524992001243
0.010020015004556626
0.008862895003403537
0.009958256996469572
0.008769024992943741
0.008865951996995136
0.009001450991490856
0.010622971996781416
0.011007388005964458
0.00832559600530658
0.009464179005590267
0.002159411000320688
0.01098860199272167
0.011531723008374684
0.01037352300772909
0.008925196001655422
0.009878462995402515
0.0097066129965242
0.009862853999948129
0.009112915009609424
0.011137947993120179
0.010149492998607457
0.008748014995944686
0.008949322000262327
0.009894873990560882
0.010654853002051823
0.009557076991768554
0.010685771994758397
0.010627299998304807
0.01193866399989929
0.01186969201080501
0.009999215006246231
0.010867839999264106
0.011051071996917017
0.009624366008210927
0.009784572990611196
0.009568348003085703
0.01154699300241191
0.010848592995898798
0.009121592011069879
0.01005708500451874
0.010855727014131844
0.010636186008923687
0.01116110201110132
0.012088482006220147
0.012885159012512304
0.010162979000597261
0.011472740996396169
0.002323064996744506
0.0018767089932225645
0.002048268012003973
0.0019493980071274564
0.009842964995186776
0.009552868999890052
0.011002027997164987
0.010462072008522227
0.008887613003025763
0.01000482500239741
0.0019966190011473373
0.0017574100056663156
0.0016752319934312254
0.0016943590017035604
0.001672548009082675
0.0016830170061439276
0.0016811430105008185
0.002285462003783323
0.001701203000266105
0.0017069430032279342
0.0016854720015544444
0.0016876860026968643
0.0017523699934827164
0.010849925994989462
0.001801555001293309
0.008492314998875372
0.010281236012815498
0.010024272996815853
0.008266452001407743
0.010611870005959645
0.010078315986902453
0.010908397991443053
0.008216876987717114
0.009470079996390268
0.0031511529959971085
0.0027873249928234145
0.002753239998128265
0.0021437510004034266
0.0021204460063017905
0.0023109719913918525
0.013017563003813848
0.003403395996429026
0.0029103709966875613
0.002286064001964405
0.0021701710065826774
0.010945349000394344
0.009585331004927866
0.010359145002439618
0.0020291210094001144
0.0016779680008767173
0.0018418719992041588
0.0017083860002458096
0.0016323910094797611
0.0017221129965037107
0.001949158002389595
0.0025321959983557463
0.0017542740097269416
0.00164211900846567
0.0017784299998311326
0.0017150789935840294
0.0016949909913819283
0.0016895699955057353
0.0017433530010748655
0.0016691009950591251
0.0017036170029314235
0.0016450350085506216
0.0017168320046039298
0.0018917279958259314
0.001697405008599162
0.001665974996285513
0.001674080005614087
0.0016809340013423935
0.0016596820059930906
0.001942033995874226
0.0016258269897662103
0.0016309380007442087
0.0016215600044233724
0.0016659039974911138
0.002002269000513479
0.0019683639984577894
0.0018190179980592802
0.010024514005635865
0.011129100996186025
0.012961654996615835
0.012320857000304386
0.0021906110050622374
0.0016966339899227023
0.001651136000873521
0.0018067250057356432
0.0017902729887282476
0.0017515290091978386
0.0020248329965397716
0.0016846409998834133
0.0018048109923256561
0.0017930979956872761
0.001664893003180623
0.0016397639992646873
0.001645384996663779
0.001640996997593902
0.001641146998736076
0.0017630109941819683
0.0020834349998040125
0.0017137270042439923
0.0016855120047694072
0.0016649930039420724
0.0016621570102870464
0.001719006002531387
0.0016760540020186454
0.00165645701054018
0.001909161001094617
0.002076552002108656
0.009251941999536939
0.0036549389915307984
0.0035515100025804713
0.0021337820071494207
0.001692664998699911
0.001783811007044278
0.0022641319956164807
0.0017684209888102487
0.002003081011935137
0.0019953860028181225
0.001744395005516708
0.015194666993920691
0.015016356002888642
0.013379676995100453
0.013139226997736841
0.015208384997094981
0.013194762999773957
0.01328996499069035
0.002117320997058414
0.0016842199984239414
0.01380810899718199
0.01439838099759072
0.008811036997940391
0.0019879020110238343
0.01201700400270056
0.008286169992061332
0.0028027549997204915
0.0021188430109759793
0.0020075000065844506
0.007881564000854269
0.008479340001940727
0.002048258000286296
0.003312622007797472
0.0018114229897037148
0.009039894997840747
0.010436923999805003
0.001935502004926093
0.01289690200064797
0.02955814200686291
0.014178448996972293
0.00202943199838046
0.0026098050002474338
0.023449366999557242
0.01343276898842305
0.0021744499972555786
0.0019974000024376437
0.009820402003242634
0.004577849002089351
0.001766667002812028
0.0018846239981940016
0.0019365440093679354
0.0019031989941140637
0.0016499339981237426
0.0018800349935190752
0.0017268509982386604
0.0018589550018077716
0.0018436959944665432
0.0018324640113860369
0.0017019739898387343
0.001665743999183178
0.0030972389940870926
0.0024894740054151043
0.0019053939904551953
0.0018601070041768253
0.001829658998758532
0.0018457499973010272
0.0019493489962769672
0.0020006569975521415
0.0018270339933224022
0.001855889000580646
0.0018566299986559898
0.0019205429998692125
0.0018436550017213449
0.0016633499908493832
0.001683508002315648
0.0018057220004266128
0.0018030069913947955
0.0022696219966746867
0.0018445570021867752
0.003107408992946148
0.0025008249940583482
1.5871002688072622e-05
0.002624362998176366
0.0015444620075868443
0.0015617850003764033
0.0018454590026522055
0.0018610590050229803
0.01049208000767976
1.623098796699196e-05
0.002997087998664938
0.0032140230032382533
0.003940686990972608
0.001973705002455972
0.0038377199962269515
0.003588220992241986
1.6651989426463842e-05
0.0019196920038666576
1.3004988431930542e-05
0.013790415003313683
0.002562403999036178
0.0017286250076722354
0.0018323340045753866
0.010461521000252105
0.006345077999867499
0.012627654999960214
0.00212239999382291
1.4699005987495184e-05
0.002336170000489801
0.007230285002151504
1.9919010810554028e-05
0.00295410500257276
0.0025008959928527474
0.0019185389974154532
0.010466981999343261
1.7803991795517504e-05
0.002660391997778788
0.0025695980002637953
0.0029036479973001406
0.0014888849982526153
0.0023695339914411306
1.4307006495073438e-05
0.0034278740058653057
0.0024182969937101007
0.002812542996252887
1.781400351319462e-05
0.0017783910006983206
0.007572842005174607
0.0015095549897523597
0.0016691810014890507
0.002220427995780483
0.0026304939965484664
0.004804292999324389
0.0027544519980438054
0.010991578004905023
0.0017721479962347075
0.007819684993592091
0.002224376003141515
0.002229796999017708
0.0033036449895007536
0.009227164002368227
2.399600634817034e-05
0.0023983900027815253
0.00963488699926529
0.0020723539928440005
0.0020286399958422408
0.001533680988359265
0.0020965500007150695
0.001416145998518914
0.008218720002332702
0.002069919995847158
0.002996677008923143
0.009011319998535328
0.0024009939952520654
0.009770607008249499
1.8254999304190278e-05
0.010580549991573207
0.014469457004452124
1.905600947793573e-05
1.2945005437359214e-05
3.4145996323786676e-05
0.014730167007655837
0.0033398339874111116
0.009852763003436849
0.007763287008856423
0.0020482370018726215
0.0025007359945448115
0.0015172890125541016
0.001702574998489581
0.001705340007902123
1.8004997400566936e-05
0.0036872899945592508
1.9947998225688934e-05
9.087991202250123e-06
0.01078773700282909
2.2943990188650787e-05
1.3887009117752314e-05
0.0026231709925923496
0.0013666900049429387
0.0029576610104413703
0.0021593409910565242
0.0024830320035107434
0.002163348995964043
0.0033637209999142215
2.4958004360087216e-05
0.002655211996170692
1.7583006410859525e-05
0.00484052200044971
0.002586570000858046
1.4848992577753961e-05
0.013706794998142868
0.0025351810036227107
0.0023532019986305386
1.9397004507482052e-05
0.0031027100048959255
0.0018510899972170591
0.0018277449999004602
0.003483540000161156
0.014030185004230589
0.003053034990443848
0.002673818002222106
0.00198110900237225
1.8364997231401503e-05
0.0017685519997030497
0.002346028995816596
0.002032588003203273
0.0021492009982466698
1.4056990039534867e-05
0.0023588430049130693
0.0024212130083469674
1.6562000382691622e-05
0.0018992120021721348
0.00200574699556455
0.002580027998192236
0.002325670007849112
0.001469669005018659
0.002082923994748853
0.002605677000246942
0.0031746680033393204
0.0022889999963808805
1.9356986740604043e-05
0.002451260996167548
0.002802043003612198
0.0022649239981547
0.0021028420014772564
0.0014698479935759678
0.001834046997828409
0.0019426350045250729
0.0020222879975335672
0.009699119997094385
0.001985466995392926
0.0023921679967315868
0.0015745190030429512
0.0031098329927772284
0.001929639998706989
0.002430139997159131
0.002310772004420869
2.193200634792447e-05
0.013503845999366604
0.002563064990681596
0.01008864700270351
0.0020558030082611367
0.0022904220095369965
0.012091587006580085
0.0037556830066023394
0.002760463990853168
0.0018745250126812607
0.0018176860030507669
0.0017140869895229116
0.0019257329986430705
0.011059909011237323
0.0030216239974834025
0.003309426989289932
0.001674311002716422
0.002081842001643963
0.001756618992658332
2.116100222337991e-05
0.0018006229947786778
0.005704758994397707
0.0018102110043400899
0.0022810849914094433
0.001885766992927529
0.008729278997634538
0.002479525006492622
0.0032192929938901216
0.008398315010708757
0.0035148900060448796
0.0019004640053026378
0.012471946989535354
0.0021517770073842257
0.0025077390018850565
0.002628880989504978
2.0840001525357366e-05
0.0029458089993568137
0.0021283410023897886
0.0024406799930147827
0.002196201996412128
1.4628007193095982e-05
0.0021197349997237325
0.0016521590005140752
0.002022337997914292
0.0049235610058531165
1.808399974834174e-05
0.002182886004447937
0.0023450869921362028
0.0027539009897736832
0.0018347879959037527
0.003142365996609442
0.0023938700032886118
1.5960002201609313e-05
0.0019294199883006513
0.008163032995071262
0.002834113998687826
0.0024016160023165867
0.00590231800742913
0.006071071999031119
0.012185708008473739
0.005358395996154286
0.002728432009462267
0.003154669000650756
2.246299118269235e-05
0.010146045999135822
1.8485996406525373e-05
0.002533357997890562
0.008173804002581164
0.002848132004146464
0.004371261995402165
0.003929695987608284
0.002500414993846789
0.01106586999958381
0.008046891001868062
0.003116527004749514
0.0017238159925909713
1.3826997019350529e-05
0.002825799005222507
0.0022816949931439012
0.002800600996124558
0.0022537719924002886
0.004794884996954352
0.011490825010696426
0.012000352013274096
0.0022158789943205193
0.0023565090086776763
0.002484092998201959
0.013794432990835048
0.0021751610038336366
0.004042732995003462
0.012475933996029198
0.0033469479967607185
0.00908151498879306
0.0026332899869885296
0.0019858480081893504
0.00312160600151401
0.0021577879961114377
0.0023961949918884784
0.008653092998429202
0.0026422369992360473
0.012288013997022063
2.2392996470443904e-05
1.5048994100652635e-05
0.002296573991770856
0.0022919550101505592
0.0020044940029038116
0.0024369129969272763
0.001897679001558572
0.011803924993728288
1.832500856835395e-05
0.002463543991325423
0.009961613002815284
0.0023860859946580604
0.0016078229964477941
0.0017348859983030707
0.0021870830096304417
0.0019267349998699501
0.003512915995088406
1.5400000847876072e-05
0.003023227007361129
0.0023705160128884017
0.0021707529958803207
0.0020465540001168847
0.0037461140018422157
1.7643003957346082e-05
0.0015215180028462783
0.003269209002610296
0.009265628003049642
0.0028154489991720766
0.002330830000573769
0.0018843229918275028
0.0016580289957346395
0.001903298994875513
0.002822773007210344
0.0022680800029775128
0.0026811409916263074
0.004736663002404384
0.0022049290128052235
0.0019223260023863986
0.0020910199964419007
0.002571320001152344
0.011447381999460049
0.0023451169981854036
0.01341977399715688
0.0023587829928146675
0.002185140998335555
0.01593319300445728
0.0024765889975242317
0.0021968829969409853
1.399699249304831e-05
0.0036682540085166693
1.339599839411676e-05
0.009285334992455319
0.0033073420054279268
0.010282286995789036
2.0318999304436147e-05
9.929004590958357e-06
0.0026999969995813444
0.0018451579962857068
0.0016907620010897517
0.0024440260021947324
0.0017288449889747426
1.867600076366216e-05
0.0031717829988338053
0.0020564330043271184
0.001774923992343247
0.009805852998397313
0.008408353998675011
0.002525953997974284
0.0020692379912361503
0.0028449459932744503
0.0032662629964761436
0.002633158990647644
0.0023619190033059567
2.4185996153391898e-05
0.0019882630003849044
1.3115000911056995e-05
0.0024926799960667267
0.0028496849990915507
0.008224921999499202
0.0017918160010594875
0.0015792589983902872
0.0017760659975465387
0.0020470759918680415
0.009315913994214498
0.00998314400203526
0.003301571006886661
0.01354857100523077
0.011742076996597461
0.002152297005522996
1.6240999684669077e-05
0.0024913969973567873
0.002547575000789948
0.0019323860033182427
0.004659986007027328
0.0020872029999736696
0.008266461009043269
2.168200444430113e-05
0.002426171995466575
0.0027465169987408444
0.0014791759895160794
0.002124564998666756
0.004623265995178372
0.003052143001696095
0.002174139008275233
0.0020739070023410022
0.0019034699944313616
0.0020921119867125526
0.010363254012190737
0.0019556199986254796
0.0028805740003008395
0.003366375996847637
0.0018292379972990602
0.01181634901149664
0.005335100999218412
0.0023277840082300827
0.015557243998046033
0.017904573993291706
0.005672728002537042
0.005704800001694821
0.005429401993751526
0.005398252003942616
0.0054126390023157
0.005364667988033034
0.0053396589937619865
0.005361490999348462
0.0055194250016938895
0.005711061996407807
0.005994684994220734
0.005307957995682955
0.005615137008135207
0.00540460400225129
0.005606931998045184
0.006119875004515052
0.005404523995821364
0.0054317670001182705
0.005379616006393917
0.005650585007970221
0.005660353999701329
0.005447425995953381
0.005365688994061202
0.005674180996720679
0.005413349994341843
0.005355510002118535
0.005810543007100932
0.005506620000232942
0.008401490005780943
0.008455574992694892
0.018368132994510233
0.006348394002998248
0.006329777999781072
0.015834435005672276
0.016014068998629227
0.017765468001016416
0.018643281000549905
0.0166366530029336
0.019044871005462483
0.02005063000251539
0.019467110992991365
0.020468110000365414
0.022389714999007992
0.009216844991897233
0.008680074999574572
0.009261821003747173
0.008784616002230905
0.008692147996043786
0.010203566998825409
0.00871291798830498
0.009386990001075901
0.009207556009641849
0.009110580998822115
0.008966694993432611
0.009257832993171178
0.009113175998209044
0.009176236999337561
0.008774355999776162
0.009331574008683674
0.009099389004404657
0.008788332997937687
0.009247713998774998
0.008996641990961507
0.009202465997077525
0.01685790700139478
0.012566688004881144
0.011346418003086
0.010481018995051272
0.010375056008342654
0.011323042999720201
0.010263100994052365
0.011379502000636421
0.011323254002491012
0.01050703800865449
0.010874925006646663
0.011069987987866625
0.011199847998796031
0.010988971989718266
0.01103975999285467
0.010150624992093071
0.01080676299170591
0.01031893800245598
0.01019857700157445
0.011060500008170493
0.010677465004846454
0.010626698000123724
0.01084742099919822
0.010600498004350811
0.010772066001663916
0.010954776997095905
0.010750966001069173
0.010964094995870255
0.005738944993936457
0.010215940012130886
0.010449257999425754
0.010926001996267587
0.010380646999692544
0.010605547999148257
0.010382840991951525
0.010048690004623495
0.011150532998726703
0.010967009991873056
0.010324136994313449
0.008036100989556871
0.006560751004144549
0.005277299991576001
0.00507375001325272
0.006240265996893868
0.0057094890071311966
0.006723914004396647
0.010456300995429046
0.01653464700211771
0.006330399002763443
0.006396905999281444
0.006131328002084047
0.006571551988599822
0.006345237008645199
0.0060382389929145575
0.006151445995783433
0.0065522750082891434
0.006911432996275835
0.006110778005677275
0.006606548995478079
0.006178037001518533
0.006696621989249252
0.006639682993409224
0.005871909990673885
0.00624488499306608
0.006217703994479962
0.0062129839934641495
0.006138441996881738
0.006127750995801762
0.0062752930098213255
0.005965409000054933
0.006204578006872907
0.0064426139870192856
0.0061083230102667585
0.00624678899475839
0.0064287080022040755
0.00607097199826967
0.013666757993632928
0.0026962609990732744
0.002780572001938708
0.002936331002274528
0.0028732400096487254
0.0028460269968491048
0.0029302899929462
0.002986737003084272
0.0029716389981331304
0.002983732003485784
0.0030432450002990663
0.0029925290000392124
0.002948744993773289
0.003083382995100692
0.0032386409875471145
0.0030297390039777383
0.0031465140054933727
0.002952450988232158
0.0030280460050562397
0.0030155929998727515
0.002977290001581423
0.003014329995494336
0.00332630799675826
0.0033113300014520064
0.0032409050036221743
0.0031809900101507083
0.003239302008296363
0.003177614009473473
0.0032616949902148917
0.003216368000721559
0.002915229997597635
0.0031271670013666153
0.003157814993755892
0.003135161998216063
0.003104933988652192
0.0032708120124880224
0.003129352000541985
0.003105494994088076
0.003198594000423327
0.0028442539914976805
0.002842740999767557
0.003010202999575995
0.0031406329944729805
0.0027968439972028136
0.0026884359976975247
0.002575909995357506
0.00252242801070679
0.002574808007921092
0.002830687997629866
0.002890983989345841
0.002539068998885341
0.0025338090053992346
0.0025776530092116445
0.002596138001536019
0.002554349004640244
0.0026515140052651986
0.0027510049985721707
0.002607119007734582
0.002811400991049595
0.0028154390020063147
0.0025951160059776157
0.0025299709959654137
0.002532537007937208
0.0028051800036337227
0.0030524739995598793
0.002919528997153975
0.002808505989378318
0.00266112299868837
0.002918084996053949
0.003055969995330088
0.002884340996388346
0.0027956709964200854
0.0027052579971496016
0.002818954992108047
0.003033136992598884
0.0026826239918591455
0.002866967988666147
0.002738251001574099
0.0027529590006452054
0.0028724790026899427
0.002781513991067186
0.002853431011317298
0.002755875000730157
0.002870404001441784
0.003003670004545711
0.005079199996544048
0.004470974003197625
0.004975631003617309
0.005005860002711415
0.005148141994141042
0.0047867289977148175
0.00480787998822052
0.004638564991182648
0.005025717997341417
0.004658222998841666
0.004376272001536563
0.004908962990157306
0.005257511991658248
0.004615902013028972
0.004423623002367094
0.004863868001848459
0.004680636004195549
0.005233114992734045
0.004916146994219162
0.004618607010343112
0.004428241998539306
0.0049680270021781325
0.005566985011682846
0.0051979179988848045
0.004933730990160257
0.0047130580060184
0.004725731996586546
0.004864497997914441
0.010376699006883428
0.01081665200763382
0.010957292004604824
0.011099234005087055
0.010395053002866916
0.011051541994675063
0.010825389006640762
0.011226978997001424
0.00999346400203649
0.010802085002069362
0.010193977999733761
0.010129385002073832
0.010000937996665016
0.010363282999605872
0.010392558993771672
0.010697273013647646
0.010986458000843413
0.011271244002273306
0.010897036001551896
0.011004222003975883
0.010535833003814332
0.010317625987227075
0.010938445993815549
0.010534470988204703
0.010897457992541604
0.010233302993583493
0.01120666999486275
0.011203795002074912
0.010949707007966936
0.010878611006774008
0.010704347005230375
0.011465396994026378
0.010427986999275163
0.010194037997280248
0.010377108992543072
0.011189707001904026
0.011028307999367826
0.010220509007922374
0.010974916003760882
0.010748861997853965
0.010968935006530955
0.010974634991725907
0.011313003997202031
0.010943736997433007
0.011247246991842985
0.011115414992673323
0.01089756700093858
0.010319619002984837
0.010654051002347842
0.011057263996917754
0.011261605002800934
0.010737129996414296
0.011442051996709779
0.01024819198937621
0.01076495299639646
0.00992424099240452
0.010004294992540963
0.010068407005746849
0.010128021996933967
0.011146655000629835
0.010830308994627558
0.009871380010736175
0.010493602996575646
0.010241098003461957
0.010095839999848977
0.0101117400045041
0.010121969986357726
0.010075169993797317
0.010049731994513422
0.010229476989479735
0.009989786994992755
0.00997179199475795
0.0101751019974472
0.00998059898847714
0.010131126997293904
0.010184009006479755
0.010095320001710206
0.010697414007154293
0.010082484004669823
0.009980649992940016
0.010020444999099709
0.010070149990497157
0.010450701010995544
0.01020277499628719
0.010221992008155212
0.010309299002983607
0.010018111002864316
0.01039278000826016
0.01011352299246937
0.009683209005743265
0.009841763006988913
0.010040654000476934
0.010829336999449879
0.010363201989093795
0.010611828998662531
0.011086800994235091
0.010904341004788876
0.011202662994037382
0.01086684899928514
0.010974035001709126
0.010942293010884896
0.011146323988214135
0.0108827390067745
0.011068275009165518
0.010894311999436468
0.01023908398929052
0.012661400003707968
0.015261815991834737
0.014855176996206865
0.015197753993561491
0.016794876995845698
0.01164153398713097
0.010113454001839273
0.010213935995125212
0.010039171000244096
0.01015084600658156
0.010156286996789277
0.010118783000507392
0.010207062994595617
0.01001524500316009
0.009380289004184306
0.009842794010182843
0.009506479997071438
0.009551805997034535
0.009543501000734977
0.00966861100459937
0.00960311500239186
0.009444661991437897
0.004376122000394389
0.004146410996327177
0.003907983991666697
0.0041141699912259355
0.003900388997863047
0.003916850997484289
0.00398979100282304
0.003991303005022928
0.004348187998402864
0.004139097000006586
0.003995671999291517
0.003884890000335872
0.003863388003082946
0.004092547998880036
0.00405866299115587
0.004040177998831496
0.00425409700255841
0.003962107002735138
0.004144356993492693
0.0038443420053226873
0.0039240149926627055
0.0038906909903744236
0.0038216490065678954
0.004228728997986764
0.003807672008406371
0.004306909002480097
0.003859500997350551
0.003817611010163091
0.005610559004708193
0.00804559800599236
0.007554807001724839
0.007827941997675225
0.008045839000260457
0.005586252998909913
0.008903934009140357
0.005082896997919306
0.011240524996537715
0.010817204005434178
0.009926654995069839
0.010608461991068907
0.008819983006105758
0.00691433998872526
0.005817216006107628
0.00956467200012412
0.009875857998849824
0.010069329000543803
0.0010811529937200248
0.010220227995887399
0.0009037030104082078
0.0117376180132851
0.009903270998620428
0.010093124001286924
0.0045018319942755625
0.008288675002404489
0.010235977999400347
0.011142658011522144
0.005716651998227462
0.00989990500966087
0.008920405991375446
0.008394327000132762
0.009722564005642198
0.012678503000643104
0.002934857999207452
0.012132996998843737
0.009965500008547679
0.00884820798819419
0.010423587998957373
0.007054888992570341
0.008398064994253218
0.000827066003694199
0.008803011005511507
0.01112485300109256
0.009960260998923331
0.01014050499361474
0.0042334080062573776
0.00406870199367404
0.004601533990353346
0.010786754995933734
0.00788790600199718
0.010240346993668936
0.0027712450100807473
0.01224832700972911
0.013803088993881829
0.0049669450090732425
0.003616545000113547
0.003829804001725279
0.014124795998213813
0.011408857986680232
0.006666554007097147
0.010846460005268455
0.013737322995439172
0.01234108601056505
0.004360942999483086
0.010001699993154034
0.004390668997075409
0.014330890990095213
0.013071064997348003
0.012386763992253691
0.0008115859964163974
0.005058239999925718
0.005462784989504144
0.003039128001546487
0.010129754999070428
0.014027498997165821
0.008753144997172058
0.006028610005159862
0.009435604006284848
0.010361199005274102
0.005654902997775935
0.004429312990396284
0.00972324499161914
0.011374391993740574
0.0031326269963756204
0.007328913998208009
0.010496447997866198
0.003846746010822244
0.00515253099729307
0.014051295001991093
0.011839704995509237
0.008468069005175494
0.009207866998622194
0.013981861993670464
0.017314633005298674
0.0008919209940358996
0.014454568998189643
0.00785121500666719
0.002940197999123484
0.009765797003638
0.00971150299301371
0.0065896269952645525
0.010294200998032466
0.006206662001204677
0.009573128001648001
0.0035875000030500814
0.00397445099952165
0.011713832995155826
0.010139785008504987
0.0037761709972983226
0.012509178995969705
0.008382214000448585
0.0058854960079770535
0.004407542000990361
0.00909598299767822
0.004767773003550246
0.009624465994420461
0.0033973350073210895
0.008816165995085612
0.009669121005572379
0.003827720007393509
0.003944133990444243
0.010758289994555525
0.004119460005313158
0.010357752005802467
0.004949751004460268
0.004128426997340284
0.013352334994124249
0.010093325006891973
0.009821614003158174
0.00948445800167974
0.009714638988953084
0.009732003003591672
0.008878095002728514
0.010612761005177163
0.01640963701356668
0.00569761500810273
0.009460572007810697
0.008723828999791294
0.008476285001961514
0.009102474999963306
0.015063515995279886
0.009672177999163978
0.008444332997896709
0.012104633002309129
0.005148112002643757
0.006395222997525707
0.021218017995124683
0.01711938799417112
0.03127060599217657
0.017845050009782426
0.03055593500903342
0.012605943004018627
0.007657854992430657
0.0013651280023623258
0.018195822995039634
0.007188094008597545
0.014078837994020432
0.015305118999094702
0.004698780001490377
0.013957313989521936
0.013501952009391971
0.02477709300001152
0.013090932989143766
0.022177318009198643
0.010972550997394137
0.010007960998336785
0.0123221889953129
0.011445898999227211
0.008169567008735612
0.011727378994692117
0.00506821800081525
0.010648679992300458
0.004204932993161492
0.011342130004777573
0.009291266993386671
0.00879509600054007
0.011778316998970695
0.009782057997654192
0.005298790987581015
0.004355632001534104
0.011345054997946136
0.010472863010363653
0.0046218130009947345
0.005593856985797174
0.007707188997301273
0.010496878996491432
0.011475446008262224
0.009783189991139807
0.00986677999026142
0.005011970992200077
0.0010085739922942594
0.004207598001812585
0.004165909005678259
0.010342442998080514
0.0010266280005453154
0.008684683009050786
0.008822749005048536
0.01064757799031213
0.010465679006301798
0.008712577997357585
0.009648462000768632
0.0030329260043799877
0.014873492007609457
0.005860689008841291
0.00731226199422963
0.003105645999312401
0.009937636001268402
0.017481143004260957
0.011306461994536221
0.004852696001762524
0.003192151998518966
0.005633281994960271
0.010295161991962232
0.0032923039980232716
2.5939996703527868e-05
0.01746885800093878
0.004275037994375452
0.008815955996396951
0.0055239429930225015
0.0059000639885198325
0.009651457003201358
0.006722481004544534
0.018079510002280585
0.01133585799834691
0.011676790993078612
0.005149373988388106
0.00967831999878399
0.004719149990705773
0.005067498001153581
0.009987962999730371
0.008554304004064761
0.012053854996338487
0.004949901995132677
0.006199869007105008
0.009935371999745257
0.010685521003324538
0.013868485009879805
0.003113409999059513
0.016615250991890207
0.009634264002670534
0.002957802003948018
0.002929738999227993
0.0050237540126545355
0.008738115997402929
0.014779862001887523
0.004175927999312989
0.010112421994563192
0.0007422740018228069
0.01433777398779057
0.005034282992710359
0.004753584988065995
0.008602746005635709
0.0007716199907008559
0.009743154005263932
0.005931375009822659
0.005010788998333737
0.015588022011797875
0.004892892990028486
0.004034516998217441
0.009749745993758552
0.014699437990202568
0.00958635300048627
0.009593095994205214
0.006061624007998034
0.009214249992510304
0.009043572004884481
0.0030505500035360456
0.012632534009753726
0.013591483002528548
0.013656377006554976
0.013779112996417098
0.00454877300944645
0.005733514000894502
0.013376502000028268
0.005638882998027839
0.0057628810027381405
0.009761157998582348
0.009599297001841478
0.009182438006973825
0.009376360991154797
0.00980351900216192
0.011182072994415648
0.0058024669997394085
0.0061252260056789964
0.008533244006684981
0.011154840001836419
0.012774615999660455
0.00936597099644132
0.008487826999044046
0.010435671007144265
0.011179077002452686
0.006950979004614055
0.009983904994442128
0.017413552006473765
0.015319908008677885
0.01145303199882619
0.009677627997007221
0.010446572006912902
0.0010332620004191995
0.000770116996136494
0.0031118869956117123
0.01713939700857736
0.004651429000659846
0.0036631550028687343
0.009658151000621729
0.011718049994669855
0.00456620600016322
0.010538558999542147
0.005766978996689431
0.009605840998119675
0.00936659099534154
0.005862231002538465
0.009245007997378707
0.000819531996967271
0.0007731219957349822
0.006230407991097309
0.004405949002830312
0.011055980998207815
0.009292118993471377
0.00467201900028158
0.008120090991724283
0.010401024992461316
0.010222523007541895
0.012697950005531311
0.01021832499827724
0.01194327299890574
0.0008030899916775525
0.01128254500508774
0.01138691599771846
0.01043852700968273
0.010953043994959444
0.004128657004912384
0.010765042999992147
0.003922400996088982
0.003187523005180992
0.006607800998608582
0.01017052300448995
0.005531977993086912
0.012571257000672631
0.00949792300525587
0.011335657007293776
0.01142251399869565
0.010143530991626903
0.010821210002177395
0.008759737989748828
0.013999255010276102
0.005910944993956946
0.011291082002571784
0.01704526699904818
0.0087588960013818
0.010336050996556878
0.011604143001022749
0.005864987004315481
0.0060164370079291984
0.004536388994893059
0.011411312007112429
0.005770867006503977
0.006130825990112498
0.009628254003473558
0.011063074998673983
0.005800323007861152
0.010708383997553028
0.011538235994521528
0.006264652998652309
0.003587309009162709
0.009531067000352778
0.010754171991720796
0.010514433000935242
0.0008956480014603585
0.008936676997109316
0.006317554987617768
0.009963795993826352
0.010478393000084907
0.004312809993280098
0.01502448100654874
0.004119810007978231
0.01070872500713449
0.010381076994235627
0.006970736998482607
0.0010005180083680898
0.008077449005213566
0.004509628008236177
0.003795238008024171
0.01038126701314468
0.005633723005303182
0.009831332004978321
0.005184321998967789
0.00454275100491941
0.012042772999848239
0.003192362011759542
0.003946708005969413
0.0030365129932761192
0.006767356986529194
0.0077142130030551925
0.00985117100935895
0.010289491998264566
0.0056126929994206876
0.011857658988446929
0.012789605010766536
0.014203706989064813
0.01078470099309925
0.007632485998328775
0.008611593992100097
0.0073325010016560555
0.005954879001365043
0.002660612008185126
0.010543898999458179
0.009639555006287992
0.013210983001044951
0.012594591011293232
0.010833564010681584
0.008665888002724387
0.014572954998584464
0.010294020001310855
0.01457390699943062
0.03375160199357197
0.006519963004393503
0.01123414198809769
0.009587856009602547
0.011331760004395619
0.009337444993434474
0.011268980000750162
0.009590050001861528
0.01137568400008604
0.010259091999614611
0.009408602010807954
0.011382225988199934
0.009318178999819793
0.011197913001524284
0.00901944599172566
0.009505727997748181
0.011160852009197697
0.015541241999017075
0.01523850100056734
0.015502868001931347
0.014361701003508642
0.004938769998261705
0.004822257993509993
0.004370290000224486
0.004339201012044214
0.007498057995690033
0.00854235100268852
0.008372274009161629
0.0076356829958967865
0.012655749000259675
0.011187202006112784
0.011972719003097154
0.0100077310053166
0.011967308993916959
0.011592309005209245
0.011495152997667901
0.010149933994398452
0.012379969004541636
0.011571178998565301
0.011527244991157204
0.010165714003960602
0.01227667200146243
0.0116581159963971
0.011525281006470323
0.010354376005125232
0.012316538006416522
0.011612889007665217
0.011590024994802661
0.012999087004573084
0.012809173000277951
0.011996945991995744
0.012913133003166877
0.012804543992388062
0.012406832000124268
0.012321867994614877
0.013143964999471791
0.012561327996081673
0.012456366996048018
0.01223597300122492
0.013047920001554303
0.012271220999537036
0.012500220007495955
0.01235800699214451
0.012797641000361182
0.012284095995710231
0.012580274007632397
0.01246551399526652
0.011010664005880244
0.01235259699751623
0.011678013994242065
0.0116630850097863
0.011210016993572935
0.012254039000254124
0.011680948999128304
0.01180063899664674
0.011329104992910288
0.01226233500347007
0.011592680006287992
0.011395001987693831
0.011983539996435866
0.012336387007962912
0.01177839700540062
0.011612607995630242
0.01180436700815335
0.012299836002057418
0.011912003014003858
0.011782123998273164
0.0113901520089712
0.012190497000119649
0.011959433002630249
0.01184291001118254
0.011635292001301423
0.01691312200273387
0.01605185100925155
0.017317307996563613
0.010870967002119869
0.011940937998588197
0.01243662899651099
0.012582138006109744
0.011732098006177694
0.012300497997784987
0.010984013002598658
0.012380821994156577
0.011093381996033713
0.012295357999391854
0.011413897998863831
0.011440048008807935
0.01593749200401362
0.012538404000224546
0.011351588007528335
0.011489242009702139
0.011348391999490559
0.011962097996729426
0.015591768999001943
0.01607089801109396
0.015513738995650783
0.007217649996164255
0.0070821210101712495
0.006796153000323102
0.012780186996678822
0.011695766996126622
0.011650781001662835
0.01685143400391098
0.015859993000049144
0.017078410004614852
0.01070805398921948
0.012157173012383282
0.010544721008045599
0.010488383006304502
0.009446524010854773
0.012052942998707294
0.011159500005305745
0.011579505007830448
0.010290071993949823
0.012044175993651152
0.011688373997458257
0.011550258990610018
0.012607566997758113
0.012459121993742883
0.012217108000186272
0.013352996000321582
0.012655258004087955
0.01237244599906262
0.012439723999705166
0.013111842999933288
0.012488186999689788
0.012636070998269133
0.012131202995078638
0.013122003001626581
0.012876692999270745
0.013155567008652724
0.016760188998887315
0.01167601000634022
0.012047652999171987
0.012305626994930208
0.010983853004290722
0.011717298999428749
0.011918124000658281
0.012600242989719845
0.01189237501239404
0.012657332001253963
0.011877766999532469
0.012648224990698509
0.010973042008117773
0.011928484003874473
0.011595384989050217
0.01254751101078
0.012058163003530353
0.011759170010918751
0.011320138000883162
0.012676978993113153
0.011662553995847702
0.011739852008759044
0.011481877998448908
0.012642453002627008
0.013039785000728443
0.013912177993915975
0.011312182992696762
0.009791275995667093
0.01130946699413471
0.009758311993209645
0.011236386999371462
0.009693899002741091
0.00913802300055977
0.011521464010002092
0.009165755996946245
0.011642405996099114
0.010057505991426297
0.009301487007178366
0.011202831999980845
0.011299649006105028
0.011975945992162451
0.011455576997832395
0.012052042002324015
0.011439506008173339
0.011297805001959205
0.01228661100321915
0.011443623996456154
0.01231418400129769
0.010778117997688241
0.0115791040007025
0.012212718997034244
0.01568069899803959
0.015432632993906736
0.005308749998221174
0.004856783009017818
0.01173604599898681
0.011731485996278934
0.01153314599650912
0.010310340992873535
0.01223015200230293
0.011505592992762104
0.011377807997632772
0.010316883999621496
0.012056209001457319
0.01151880899851676
0.011648226995021105
0.01275667198933661
0.012126995003200136
0.01242200999695342
0.012777252006344497
0.012208971995278262
0.01243562599120196
0.012176570002338849
0.013198578992160037
0.012243409000802785
0.012352778008789755
0.011843259999295697
0.01126425999973435
0.01258688599045854
0.011176411993801594
0.01151419999951031
0.011068584994063713
0.012376764003420249
0.010756927003967576
0.011750331992516294
0.01103486999636516
0.012366805007332005
0.011772383993957192
0.01163344900123775
0.010941462009213865
0.011857488003442995
0.011129512000479735
0.010372029995778576
0.011294748997897841
0.009000849997391924
0.01046749200031627
0.008736453004530631
0.008519337003235705
0.010544018994551152
0.009065443999134004
0.010278640998876654
0.00874895699962508
0.00856882199877873
0.010178106997045688
0.014901254005962983
0.010934056990663521
0.01217047800309956
0.01088052500563208
0.011019249999662861
0.011303535007755272
0.010353965000831522
0.011251406001974829
0.011331129004247487
0.010236620000796393
0.012189714994747192
0.005139875996974297
0.010865204996662214
0.011215587001061067
0.011098862989456393
0.00971632199070882
0.011658647010335699
0.011635111004579812
0.011370615000487305
0.01209030399331823
0.01198327899328433
0.012711906005279161
0.012831254993216135
0.012104241002816707
0.012035609004669823
0.011098902992671356
0.011523658002261072
0.01199764700140804
0.010303207003744319
0.011618258999078535
0.011103141005150974
0.011969922998105176
0.010755976007203571
0.010576490996754728
0.010047837000456639
0.008706585998879746
0.00838180301070679
0.01007621199823916
0.008546768993255682
0.01020027999766171
0.008635018006316386
0.008935145000577904
0.010115587996551767
0.010399942999356426
0.010378571998444386
0.011588312001549639
0.011043656995752826
0.011848050009575672
0.010369555006036535
0.011409928993089125
0.011577239987673238
0.009013353992486373
0.009142392009380274
0.01196301999152638
0.01140058200689964
0.01057039899751544
0.012294606000068597
0.01226576100452803
0.010866397991776466
0.0017481230024714023
0.001443618006305769
0.0016070419951574877
0.00149192099343054
0.001566603998071514
0.0015391820052172989
0.009356110997032374
0.011372688997653313
0.009395536995725706
0.011192523001227528
0.009419583002454601
0.009435172003577463
0.010839666007086635
0.008017164000193588
0.010824176992173307
0.009196084996801801
0.010666524001862854
0.009566084001562558
0.00941764899471309
0.011087652004789561
0.01122235000366345
0.011526904010679573
0.010178708005696535
0.01067767599306535
0.011026795007637702
0.01024152900208719
0.008689433001563884
0.008728808999876492
0.010225236997939646
0.010433257004478946
0.011005384003510699
0.011482308997074142
0.008830001999740489
0.010223745004623197
0.01058352499967441
0.007317572002648376
0.010540351999225095
0.0047717400011606514
0.011547494010301307
0.0015818539977772161
0.01821212399227079
0.015186150994850323
0.013748344004852697
0.011724401992978528
0.011769037999329157
0.00251820900302846
0.011482158006401733
0.01401021599303931
0.010872940008994192
0.012073352001607418
0.01025478400697466
0.012797780989785679
0.015304707994800992
0.010642918990924954
0.008667310990858823
0.0052689239964820445
0.015618930992786773
0.004619327999535017
0.011881073995027691
0.004190164996543899
0.011540288993273862
0.012047362004523166
0.004135440001846291
0.01523185899714008
0.0019845759961754084
0.010896755004068837
0.013635878000059165
0.009989856000174768
0.002543448004871607
0.003766492009162903
0.0017061620019376278
0.010313677994417958
0.011941659991862252
0.014522708996082656
0.00989270000718534
0.0021990469977026805
0.0037455929996212944
0.010453605995280668
0.012893333987449296
0.010024573013652116
0.014045524003449827
0.010438176002935506
0.014278660994023085
0.005459017993416637
0.0049136729940073565
0.012211025998112746
0.015069047003635205
0.0049249040021095425
0.0156344910064945
0.002433356989058666
0.01477549399714917
0.011376153997844085
0.010892336998949759
0.014896776992827654
0.011905730003491044
0.015522094996413216
0.014347382995765656
0.012226304999785498
0.013817446990287863
0.010861236994969659
0.010984944994561374
0.011458162000053562
0.008934983998187818
0.012588279001647606
0.012732615999993868
0.012956806996953674
0.010820729992701672
0.011406473000533879
0.0053355509880930185
0.010882167000090703
0.0018303600081708282
0.0017889709997689351
0.009882660990115255
0.01076369101065211
0.015748259000247344
0.010879842986469157
0.007589072993141599
0.013704690005397424
0.012419114005751908
0.01317737900535576
0.004578188993036747
0.012475652998546138
0.004060055012814701
0.0036123570025665686
0.00457230799656827
0.01048927400552202
0.013262031992780976
0.004622583990567364
0.01276825500826817
0.0124446639965754
0.011813984005129896
0.01180757199472282
0.004568952004774474
0.009859546000370756
0.012081597000360489
0.01217289300984703
0.014534721995005384
0.01387581900053192
0.009505718990112655
0.011605143998167478
0.01125973199668806
0.011220196000067517
0.002553266007453203
0.003950444996007718
0.01078663500084076
0.015440699004102498
0.009055964997969568
0.0040398170094704255
0.012627463991520926
0.004589971998939291
0.004667471002903767
0.012093309996998869
0.00255268499313388
0.009306476000347175
0.012791929999366403
0.01798098000290338
0.01564648399653379
0.004295456994441338
0.013468026008922607
0.01281817999552004
0.015229654003633186
0.013238325002021156
0.012596164000569843
0.012430076007149182
0.0025967690016841516
0.003578552001272328
0.008975050994195044
0.012377654988085851
0.012163794992375188
0.004652110990718938
0.0023455079935956746
0.014501807992928661
0.005267782005830668
0.013541919004637748
0.009939569994457997
0.002571821998571977
0.011153687999467365
0.006799729002523236
0.015074416995048523
0.00465958499989938
0.0038631479983450845
0.010997309000231326
0.0025242410047212616
0.014658137995866127
0.011705276992870495
0.009208378003677353
0.002006638009333983
0.01276531899929978
0.013231012009782717
0.011164388997713104
0.0019531159923644736
0.010684969995054416
0.003755672005354427
0.015282615990145132
0.012522022996563464
0.005988965000142343
0.01469692200771533
0.013289303999044932
0.002411193010630086
0.012049516008119099
0.004905255991616286
0.011742988004698418
0.012293032996240072
0.015358210002887063
0.009093578002648428
0.002852108998922631
0.004695344003266655
0.004175466994638555
0.018137970997486264
0.012588388999574818
0.011206419003428891
0.01277028801268898
0.01105086100869812
0.012576064997119829
0.013212205987656489
0.0054924130090512335
0.0125516889966093
0.0151935549947666
0.010737079996033572
0.005539571997360326
0.009304473001975566
0.0021259770001051947
0.011063104990171269
0.010206771999946795
0.010967210997478105
0.01434153100126423
0.014250346008338965
0.013611360991490074
0.005256418997305445
0.01098085701232776
0.005178399995202199
0.004693991009844467
0.0015494909894187003
0.00888566899811849
0.0023917969956528395
0.01385680200473871
0.009807195994653739
0.013482084003044292
0.014870665996568277
0.008758965996094048
0.015862037005717866
0.012795877002645284
0.015047095002955757
0.011406883000745438
0.004875760001596063
0.011650159998680465
0.00200075599423144
0.011437673005275428
0.011777694991906174
0.01242663900484331
0.01214135299960617
0.005072165993624367
0.012357997999060899
0.005108967001433484
0.012010901991743594
0.011307944005238824
0.006622209009947255
0.004618685998138972
0.010960457002511248
0.0046478830045089126
0.012308392993872985
0.011718481007847004
0.004722085999674164
0.0017725990037433803
0.012054977007210255
0.00999246200080961
0.014475978998234496
0.0065418839949416
0.011839402999612503
0.010715468000853434
0.013455020991386846
0.005076083994936198
0.010784090001834556
0.013192436992540024
0.006842151007731445
0.010603463000734337
0.014545361991622485
0.01291989500168711
0.01414061599643901
0.004305786002078094
0.013206243995227851
0.012883917006547563
0.010050793003756553
0.015981575998011976
0.00501430599251762
0.011612488000537269
0.00879259999783244
0.006563596005435102
0.01822737201291602
0.010843804004252888
0.004470001003937796
0.012769075998221524
0.0127241000009235
0.010018171000410803
0.013843134991475381
0.012582979004946537
0.01097670900344383
0.011681028991006315
0.014305371994851157
0.011773026009905152
0.0019881519983755425
0.012980380997760221
0.011631896006292664
0.015830817006644793
0.009443659990211017
0.014861498988466337
0.007949053004267626
0.010373893004725687
0.005365878998418339
0.004268325006705709
0.009875067000393756
0.011613690003287047
0.014703334993100725
0.012945153008331545
0.012668413008213975
0.015092810994246975
0.009072547996765934
0.0016072220023488626
0.010371227996074595
0.013071175999357365
0.015061432000948116
0.014575449997209944
0.004904093992081471
0.008492165012285113
0.014092764002270997
0.005802917992696166
0.012697989994194359
0.008294415005366318
0.011267396999755874
0.0019096219912171364
0.01112472199019976
0.014075361003051512
0.011351837994880043
0.009557618002872914
0.01870439799677115
0.013231382006779313
0.008935455000028014
0.01202261500293389
0.013802278001094237
0.01663617099984549
0.015996185000403784
0.0021229010017123073
0.0129831060039578
0.011409869010094553
0.014604636002331972
0.009057397997821681
0.010744814004283398
0.012318140987190418
0.011078935000114143
0.008700874997884966
0.009588846995029598
0.010188337008003145
0.0027426890010247007
0.004095835000043735
0.004117656004382297
0.004964449995895848
0.013387311002588831
0.0046819580020383
0.013916527008404955
0.004941616003634408
0.009806204005144536
0.011469384000520222
0.009899352997308597
0.011391293999622576
0.010788487998070195
0.002037608006503433
0.014276005997089669
0.013623824008391239
0.013000189006561413
0.00927213000250049
0.014027869998244569
0.010501607990590855
0.01573081500828266
0.011519470004714094
0.0151971020095516
0.010330609991797246
0.009664501994848251
0.012658744992222637
0.012202488986076787
0.01156081899534911
0.005112213009851985
0.0017664280021563172
0.002245786992716603
0.01343801899929531
0.0025153829919872805
0.009881988997221924
0.01117824501125142
0.01176423899596557
0.013228096009697765