0.0005767560069216415
0.00016063799557741731
0.00018398300744593143
0.00017663900507614017
0.00015222199726849794
0.00015194099978543818
0.00014759399346075952
0.0001524520048405975
0.00015085899212863296
0.00015059900761116296
0.00017474500054959208
0.00017274200217798352
0.0001480639912188053
0.0001478440099162981
0.00014540899428538978
0.00014970700431149453
0.00016877400048542768
0.00016880400653462857
0.00016749100177548826
0.00014480800018645823
0.0001446270034648478
0.0001414319995092228
0.00014636099513154477
0.00014443699910771102
0.00017728999955579638
0.0001754870027070865
0.00017669900262262672
0.00017174900858663023
0.0001763280015438795
0.00017471500905230641
0.00017481499526184052
0.00018893300148192793
0.00017197000852320343
0.00017583699082024395
0.00017470501188654453
0.00014568900223821402
0.0001421430060872808
0.00014740199549123645
0.00014522799756377935
0.00016430500545538962
0.00016007699014153332
0.00015766300202813
0.0001567009894642979
0.000158765004016459
0.0001618109963601455
0.00017466499411966652
0.00017679900338407606
0.0001539559889351949
0.00012898699787911028
0.00015462700685020536
0.00015316301141865551
0.00015444601012859493
0.00015603900828864425
0.00015606998931616545
0.00015489700308535248
0.00015732200699858367
0.00015723099932074547
0.00016016799781937152
0.0001579229865456
0.00015857399557717144
0.00015770300524309278
0.00015739099762868136
0.00015699099458288401
0.00016167000285349786
0.00016009699902497232
0.00015272299060598016
0.00015161000192165375
0.00015149099635891616
0.0001513299939688295
0.00015209100092761219
0.00015317399811465293
0.00015329400775954127
0.00015248199633788317
0.00015630900452379137
0.00015647998952772468
0.00015500800509471446
0.00015769299352541566
0.00015803299902472645
0.00015915499534457922
0.00016282299475278705
0.00015898499987088144
0.00016099799540825188
0.00016042799688875675
0.00015821299166418612
0.0001579730014782399
0.00016098900232464075
0.00016057799803093076
0.00017629799549467862
0.00017370299610774964
0.00018307100981473923
0.00017311199917457998
0.0001729219948174432
0.0001760569866746664
0.000184022996108979
8.936200174503028e-05
8.821999654173851e-05
8.030400204006582e-05
7.826999353710562e-05
7.804999768268317e-05
0.000330925002344884
0.00027030800993088633
0.0005497250094776973
0.0004033339937450364
0.0006041690066922456
0.000619237995124422
0.0005019419913878664
0.0006971169932512566
0.0004971029993612319
6.604699592571706e-05
5.247999797575176e-05
5.930299812462181e-05
6.001500878483057e-05
5.181899177841842e-05
6.285100243985653e-05
0.0001198899990413338
0.0002073479990940541
0.00019839100423268974
0.00022688500757794827
6.824098818469793e-05
7.205799920484424e-05
7.755900151096284e-05
7.740799628663808e-05
7.137701322790235e-05
6.769000901840627e-05
0.00014855500194244087
0.0002675840078154579
9.634399611968547e-05
7.079599890857935e-05
6.860100256744772e-05
6.229900463949889e-05
6.883199966978282e-05
7.190699398051947e-05
7.18280061846599e-05
6.719901284668595e-05
6.750000466126949e-05
6.875100370962173e-05
6.973400013521314e-05
7.580500096082687e-05
6.048599607311189e-05
7.307999476324767e-05
7.392099360004067e-05
7.408199599012733e-05
7.885100785642862e-05
7.454300066456199e-05
7.543498941231519e-05
7.509399438276887e-05
6.891200609970838e-05
9.09549999050796e-05
9.228699491359293e-05
9.222699736710638e-05
8.978199912235141e-05
8.906099537853152e-05
9.102500916924328e-05
0.00010326800111215562
6.594600563403219e-05
6.72089954605326e-05
6.731999746989459e-05
6.350199691951275e-05
6.551599653903395e-05
6.559600296895951e-05
6.419299461413175e-05
9.521200263407081e-05
0.00010288698831573129
9.235700417775661e-05
9.687599958851933e-05
9.416999819222838e-05
9.404101001564413e-05
9.941100142896175e-05
9.335900540463626e-05
9.47619992075488e-05
9.47319931583479e-05
9.385999874211848e-05
9.326900180894881e-05
9.419101115781814e-05
9.46320069488138e-05
9.389998740516603e-05
8.93520045792684e-05
9.097499423660338e-05
9.011199290398508e-05
9.498200961388648e-05
9.388000762555748e-05
9.511200187262148e-05
0.00012844600132666528
0.00031734901131130755
0.0002125979954143986
0.00034976100141648203
6.594600563403219e-05
0.00019243899441789836
0.00015017800615169108
0.00010596400534268469
0.00032985299185384065
0.00011630299559328705
9.277800563722849e-05
0.00019443299970589578
8.301899651996791e-05
0.00020098499953746796
0.0002014560013776645
0.00017683900659903884
0.0001139980013249442
0.00012043099559377879
0.0002261140034534037
0.00017333199502900243
0.00015731199528090656
0.00012731400784105062
0.00023040200176183134
0.00024640299670863897
0.00021192700660321862
0.00020361000497359782
0.00010006199590861797
6.864199531264603e-05
0.0005437229992821813
0.00028747098986059427
0.00016861400217749178
0.0002854979975381866
0.0002135800023097545
0.0001563300029374659
0.00018716898921411484
6.898200081195682e-05
7.76390079408884e-05
0.00018018600530922413
0.00017818200285546482
0.00024114300322253257
0.0001120349916163832
0.0001410510012647137
0.00015233199519570917
0.0001326240017078817
6.91820023348555e-05
0.000557739011128433
0.00012370699550956488
0.0002873920020647347
0.00010003198985941708
0.00014701200416311622
0.00020955099898856133
0.00029229000210762024
0.000573410012293607
0.00016736099496483803
0.0001174850040115416
0.0002448399900458753
0.00011543200525920838
0.0001626619923627004
0.00018028600607067347
0.00031388299248646945
0.00012565100041683763
6.930300150997937e-05
0.00015856399841140956
6.319100793916732e-05
0.00024964899057522416
0.00011272600386291742
7.57550005801022e-05
9.269801375921816e-05
0.00011013100447598845
0.0002055950026260689
0.00022424000781029463
6.100699829403311e-05
0.0002317140024388209
6.350099283736199e-05
0.0001229659974342212
0.0001338360016234219
0.00011247600195929408
0.00012412799696903676
0.00023821699141990393
0.00033710699062794447
0.00019724899902939796
6.995401054155082e-05
0.00021236699831206352
0.00015677099872846156
0.00020782799401786178
0.00019063500803895295
0.00012607200187630951
0.00012726399290841073
0.0001560789969516918
0.00021573399135377258
0.00022011199325788766
7.68269965192303e-05
0.00024226399546023458
0.0001109830045606941
0.00011782599904108793
0.0005530909984372556
0.0002586860064184293
0.00012036100088153034
9.085400961339474e-05
0.00027986599889118224
0.00014844500401522964
0.00019576599879655987
0.00028661900432780385
0.00014361500507220626
6.251000741031021e-05
0.00014718298916704953
0.0001045099925249815
9.26180073292926e-05
6.61670055706054e-05
0.00014359499618876725
0.00012364798749331385
0.00023822700313758105
0.00022403999173548073
0.00025188300060108304
0.00013435700384434313
0.0001558290095999837
0.0001516210031695664
7.424200884997845e-05
0.0001271030050702393
0.00021304900292307138
6.937299622222781e-05
7.339099829550833e-05
0.0001205709995701909
0.0008501910051563755
0.00029194999660830945
0.0003060669987462461
0.0001311310043092817
6.271999154705554e-05
6.236998888198286e-05
0.0002220459864474833
6.972400296945125e-05
0.0002844459959305823
0.00018757999350782484
0.00022504098888020962
6.496500282082707e-05
0.0002937440003734082
0.00015925499610602856
0.00017428399587515742
0.00023234500258695334
0.00014277400623541325
0.00020900099480058998
0.00011386799451429397
0.0001713880046736449
0.00023792599677108228
0.0003599699994083494
0.0003434690006542951
0.0001502980012446642
0.00011719499889295548
0.00026662100572139025
0.00022432999685406685
0.00013221400149632245
0.0002614010008983314
0.00013000900798942894
0.0001440659980289638
0.00014818400086369365
0.00011446999269537628
0.00020724799833260477
0.000206946991966106
0.0002357420016778633
0.00015811299090273678
7.466301030945033e-05
9.964199853129685e-05
0.00033846999576780945
0.0002505009906599298
0.00011966000602114946
0.00020244800543878227
0.00026140199042856693
0.00012348699965514243
0.0001300799922319129
0.00022433001140598208
0.0002129680069629103
0.00015354499919340014
0.00013156200293451548
0.0001448379916837439
0.0001105720002669841
0.00011260599421802908
0.0002586370101198554
0.00030323100509122014
0.00014120001287665218
0.00019403299666009843
0.0003417749976506457
0.0003638780035544187
4.491599975153804e-05
4.735100083053112e-05
4.7510999138467014e-05
3.825299791060388e-05
8.420100493822247e-05
9.609499829821289e-05
0.00010122399544343352
6.631699216086417e-05
4.0587998228147626e-05
0.0002133289963239804
0.000133376001031138
7.91019992902875e-05
6.847099575679749e-05
7.402199844364077e-05
5.023699486628175e-05
4.925399844069034e-05
5.031700129620731e-05
4.9144000513479114e-05
5.555700045078993e-05
5.56070008315146e-05
5.4074000217951834e-05
5.46649971511215e-05
5.427398718893528e-05
5.446501018013805e-05
5.460499960463494e-05
5.369300197344273e-05
5.434399645309895e-05
5.3903000662103295e-05
5.2871007937937975e-05
0.0001672710059210658
4.0857994463294744e-05
5.2090006647631526e-05
5.3383002523332834e-05
8.107499161269516e-05
4.957501369062811e-05
5.6908989790827036e-05
5.924400466028601e-05
5.9783997130580246e-05
5.582699668593705e-05
4.942499799653888e-05
4.1320003219880164e-05
3.7160993088036776e-05
6.308099546004087e-05
6.27999979769811e-05
6.305098941083997e-05
6.595700688194484e-05
7.288000779226422e-05
7.304000610020012e-05
7.410200487356633e-05
0.00010663400462362915
7.206799637060612e-05
4.6559987822547555e-05
4.889399860985577e-05
4.755199188366532e-05
5.6778997532092035e-05
5.704899376723915e-05
5.6047996622510254e-05
6.193800072651356e-05
4.9003996537066996e-05
4.570800228975713e-05
4.9344991566613317e-05
5.5917000281624496e-05
3.706099232658744e-05
5.5455995607189834e-05
5.503599822986871e-05
5.454399797599763e-05
5.3812997066415846e-05
5.418399814516306e-05
5.434399645309895e-05
5.353199958335608e-05
5.3983996622264385e-05
5.423399852588773e-05
3.5778997698798776e-05
5.423399852588773e-05
8.81589949131012e-05
0.00012927800707984716
9.246700210496783e-05
0.00010464098886586726
0.00015005799650680274
0.0001395779981976375
0.00012636200699489564
4.8604008043184876e-05
5.3121999371796846e-05
4.715000977739692e-05
0.0001295080001000315
5.6509001296944916e-05
0.00015788299788255244
8.05549934739247e-05
7.84599978942424e-05
7.89420009823516e-05
8.334999438375235e-05
6.439299613703042e-05
4.055800673086196e-05
3.858401032630354e-05
0.0001474230084568262
0.00012032099766656756
9.757799853105098e-05
0.00019754900131374598
0.00022254699433688074
0.00029058699146844447
0.0002960779966088012
0.00021326899877749383
0.00028095800371374935
0.00027818400121759623
0.00017893299809657037
0.0002513519866624847
0.0002610100054880604
0.0002139100106433034
0.0002313029981451109
0.00023963999410625547
0.0002634349948493764
0.00025270400510635227
0.0001904059899970889
0.0002522629947634414
0.0002353309973841533
0.00017112799105234444
0.00013658200623467565
0.0001383050112053752
0.00016933499136939645
0.00013599099474959075
0.00013010900875087827
0.00014499800454359502
0.0001313719985773787
0.00014786400424782187
0.00011995001113973558
0.00017040700186043978
0.0001648259931243956
0.00011300700134597719
5.881300603505224e-05
4.712100781034678e-05
4.275199898984283e-05
6.190899875946343e-05
5.2449991926550865e-05
0.00012646200775634497
0.00014247299986891448
0.00011704399366863072
0.00013992800086271018
0.00011686400102917105
0.00011650400119833648
0.00011597199772950262
0.00013238399697002023
0.00013086099352221936
0.0001058530033333227
0.00011598299897741526
5.2610994316637516e-05
0.00011785600509028882
0.0001162330008810386
0.000108788997749798
9.32080001803115e-05
0.00010852800915017724
9.12449904717505e-05
0.00010750698857009411
9.335900540463626e-05
0.00010473100701346993
0.00010320800356566906
8.980199345387518e-05
0.00010971000301651657
8.876000356394798e-05
0.00011441000970080495
0.0001149199961218983
0.00011223499313928187
0.00011141400318592787
0.0001282559969695285
0.0001279360003536567
0.00010712500079534948
0.00011395900219213217
0.00010707500041462481
9.230700379703194e-05
9.257700003217906e-05
9.265699191018939e-05
0.0001042200019583106
0.0001040900096995756
9.615499584469944e-05
0.00010939000640064478
8.91009985934943e-05
0.00011273600102867931
0.00011187400377821177
0.00012783499551005661
0.00012693300959654152
0.0001067749981302768
0.00011309700494166464
5.400300142355263e-05
5.068800237495452e-05
4.2391999159008265e-05
4.061798972543329e-05
9.324899292550981e-05
9.226700058206916e-05
0.00010303700400982052
0.00011341700155753642
9.091399260796607e-05
0.00011264599743299186
5.532600334845483e-05
5.357299232855439e-05
5.4283998906612396e-05
5.572699592448771e-05
5.3311989177018404e-05
6.171900895424187e-05
4.643900319933891e-05
5.3893993026576936e-05
5.975499516353011e-05
5.314200825523585e-05
5.271099507808685e-05
5.289100226946175e-05
5.293199501466006e-05
0.00011743500363081694
4.108899156562984e-05
9.277799108531326e-05
0.00010436000593472272
0.00010449999535921961
9.053299436345696e-05
0.00010958001075778157
0.00010342900350224227
0.0001039100025082007
0.00010106399713549763
0.0001266730105271563
8.697700104676187e-05
7.297999400179833e-05
8.836000051815063e-05
5.8802994317375124e-05
5.062700074631721e-05
5.799101199954748e-05
0.0001767490030033514
8.811899169813842e-05
7.192799239419401e-05
5.863299884367734e-05
5.160900764167309e-05
0.00013050000416114926
0.00011555099627003074
0.00014429700968321413
5.564698949456215e-05
5.4634991101920605e-05
6.0345002566464245e-05
5.435399361886084e-05
5.4253992857411504e-05
5.3763011237606406e-05
4.5626991777680814e-05
5.323199729900807e-05
5.432400212157518e-05
5.308099207468331e-05
5.346199031919241e-05
5.371299630496651e-05
5.3683004807680845e-05
5.336198955774307e-05
5.369300197344273e-05
5.340299685485661e-05
5.3602998377755284e-05
5.383401003200561e-05
4.5868000597693026e-05
5.342198710422963e-05
6.263100658543408e-05
5.417400097940117e-05
5.348300328478217e-05
5.3943003877066076e-05
5.3391995606943965e-05
5.3561991080641747e-05
5.3602998377755284e-05
5.332299042493105e-05
5.352300649974495e-05
4.49960061814636e-05
5.3943003877066076e-05
5.295099981594831e-05
5.2440998842939734e-05
0.00011658300354611129
0.00014414600445888937
0.0001417720050085336
0.0001724500034470111
5.429401062428951e-05
5.307199899107218e-05
5.9173995396122336e-05
5.5526994401589036e-05
5.362299270927906e-05
5.375299951992929e-05
4.596800135914236e-05
5.392299499362707e-05
5.3292009397409856e-05
5.371299630496651e-05
5.3292009397409856e-05
5.907299055252224e-05
9.355999645777047e-05
5.56070008315146e-05
6.135800504125655e-05
4.670899943448603e-05
5.3041003411635756e-05
5.3512994782067835e-05
5.409400910139084e-05
5.370299913920462e-05
5.319199408404529e-05
5.3091993322595954e-05
5.332299042493105e-05
4.556699423119426e-05
4.559700028039515e-05
8.089499897323549e-05
0.0001025160017888993
6.864200986456126e-05
6.319099338725209e-05
7.806000940036029e-05
7.016399467829615e-05
6.97840005159378e-05
7.537499186582863e-05
4.731099761556834e-05
5.630801024381071e-05
5.0126007408834994e-05
5.4795003961771727e-05
0.0002236989967059344
0.00031512400892097503
0.0001986010029213503
0.00022110399731900543
0.0002878520026570186
0.00021975100389681756
0.00022636399080511183
8.787799743004143e-05
4.838299355469644e-05
0.0002836640051100403
0.0002739060000749305
9.906000923365355e-05
4.5366992708295584e-05
0.0001805159990908578
7.319000724237412e-05
6.537600711453706e-05
7.082600495778024e-05
5.0987990107387304e-05
8.643598994240165e-05
0.00010613299673423171
7.368100341409445e-05
6.428400229196995e-05
7.077600457705557e-05
0.00012288500147406012
0.0001250200002687052
5.494599463418126e-05
0.00017466500867158175
0.0004576470091706142
0.00024020099954213947
6.435299292206764e-05
5.887199949938804e-05
0.0002242699993075803
0.00014058999659027904
5.8151999837718904e-05
5.798200436402112e-05
7.612600165884942e-05
6.56260090181604e-05
4.2863000999204814e-05
5.988500197418034e-05
5.347300611902028e-05
5.1368988351896405e-05
5.160900764167309e-05
4.250199708621949e-05
5.423399852588773e-05
5.315200542099774e-05
5.2831004722975194e-05
5.370299913920462e-05
5.289100226946175e-05
5.296200106386095e-05
8.583400631323457e-05
5.778099875897169e-05
5.426400457508862e-05
5.400400550570339e-05
5.448500451166183e-05
5.327200051397085e-05
5.361299554351717e-05
5.363298987504095e-05
5.4293996072374284e-05
5.2700997912324965e-05
5.33620041096583e-05
5.262100603431463e-05
5.3121999371796846e-05
5.3782991017214954e-05
5.2831004722975194e-05
5.344300006981939e-05
6.603699875995517e-05
8.094499935396016e-05
5.468499148264527e-05
5.693899584002793e-05
5.1247989176772535e-05
6.185899837873876e-05
6.423299782909453e-05
3.516800643410534e-05
5.431400495581329e-05
3.7762001738883555e-05
0.00010719499550759792
0.00014317399472929537
3.776300582103431e-05
8.831899322103709e-05
7.778900908306241e-05
6.486500205937773e-05
5.538600089494139e-05
0.00011580200225580484
8.284900104627013e-05
6.60960067762062e-05
4.404499486554414e-05
5.315098678693175e-05
0.00025051100237760693
8.184699981939048e-05
5.142900045029819e-05
5.1359005738049746e-05
0.00020042499818373471
0.0001170049945358187
0.00020001399389002472
7.46830046409741e-05
6.038600986357778e-05
8.404099207837135e-05
5.446499562822282e-05
5.876300565432757e-05
6.301100074779242e-05
7.834999996703118e-05
8.267800149042159e-05
0.0001320529991062358
6.720901001244783e-05
6.744900019839406e-05
6.734899943694472e-05
0.00011226499918848276
0.000146341000800021
0.00016646900621708483
6.251000741031021e-05
7.354101398959756e-05
9.373000648338348e-05
9.208699339069426e-05
6.693799514323473e-05
6.396300159394741e-05
5.447500734589994e-05
6.226000550668687e-05
5.990499630570412e-05
5.0135990022681653e-05
9.66749939834699e-05
0.00011657399591058493
0.00012024000170640647
0.00014192301023285836
5.512600182555616e-05
8.626500493846834e-05
7.108700810931623e-05
9.124500502366573e-05
0.00011598299897741526
0.000122615005238913
7.944300887174904e-05
4.545699630398303e-05
0.00010995099728461355
8.449199958704412e-05
5.8923003962263465e-05
5.6348988437093794e-05
6.767000013496727e-05
4.115900082979351e-05
9.884900646284223e-05
9.953099652193487e-05
8.790899300947785e-05
0.00014595000538975
5.2499992307275534e-05
0.000133355992147699
4.974599869456142e-05
0.00013332600065041333
0.00021363000269047916
3.3635005820542574e-05
5.822099046781659e-05
6.489400402642787e-05
0.00026522899861447513
8.778899791650474e-05
0.00013803500041831285
6.679800571873784e-05
5.220000457484275e-05
7.184800051618367e-05
4.529699799604714e-05
4.6419998398050666e-05
4.3123000068590045e-05
5.9573998441919684e-05
0.00013060099445283413
3.769199247471988e-05
6.313099584076554e-05
0.0001480639912188053
6.031499651726335e-05
7.488399569410831e-05
6.617700273636729e-05
4.931500006932765e-05
7.165700662881136e-05
6.542600749526173e-05
5.204899935051799e-05
7.375198765657842e-05
7.138699584174901e-05
6.930300150997937e-05
5.7721001212485135e-05
6.26700057182461e-05
9.38400044105947e-05
6.629800191149116e-05
6.20889913989231e-05
0.0002003840054385364
7.049599662423134e-05
0.00011374799942132086
4.731099761556834e-05
0.00011423899559304118
6.0856997151859105e-05
8.588499622419477e-05
0.0001485250104451552
0.00022179500956553966
0.00010789699445012957
0.00013947799743618816
5.237100413069129e-05
6.633700104430318e-05
6.971400580368936e-05
8.513299690093845e-05
7.538500358350575e-05
8.905101276468486e-05
3.828300395980477e-05
8.709699613973498e-05
0.00012366799637675285
4.0718005038797855e-05
5.9012993006035686e-05
5.554599920287728e-05
8.09560006018728e-05
8.426100248470902e-05
4.975499177817255e-05
3.459599975030869e-05
5.3553012548945844e-05
0.00011065199214499444
7.622600242029876e-05
4.826299846172333e-05
0.00013216400111559778
7.4281997513026e-05
0.0001293179957428947
4.679900303017348e-05
6.11970026511699e-05
5.1197988796047866e-05
9.242699889000505e-05
8.380100189242512e-05
0.00013158199726603925
6.739899981766939e-05
3.905499761458486e-05
4.489600542001426e-05
0.00010749600187409669
0.00011441000970080495
7.701800495851785e-05
6.727900472469628e-05
9.898999996948987e-05
0.00020032499742228538
5.525599408429116e-05
0.0001014440058497712
4.666899621952325e-05
0.00010595298954285681
0.0002114349917974323
8.495300426147878e-05
5.99650084041059e-05
3.623000520747155e-05
5.3903990192338824e-05
3.560799814295024e-05
0.00011036200157832354
0.00014742200437467545
9.919999865815043e-05
0.00012215400056447834
4.7730994992889464e-05
6.365199806168675e-05
4.155898932367563e-05
7.550499867647886e-05
4.862400237470865e-05
0.0001586840080562979
6.35719916317612e-05
0.00010161500540561974
6.327198934741318e-05
0.00010948999261017889
8.292900747619569e-05
5.534599767997861e-05
9.375000081490725e-05
9.813900396693498e-05
6.253000174183398e-05
0.00016132900782395154
5.3513009333983064e-05
7.459300104528666e-05
8.81589949131012e-05
0.00010458999895490706
0.00016124900139402598
5.610800872091204e-05
8.479300595354289e-05
8.416200580541044e-05
8.395100303459913e-05
4.928400448989123e-05
6.189900159370154e-05
4.574800550471991e-05
8.908999734558165e-05
5.959400732535869e-05
7.535499753430486e-05
9.8157994216308e-05
0.00010031201236415654
3.5828998079523444e-05
0.00010193599155172706
0.00012253499880898744
4.04780003009364e-05
5.320200580172241e-05
0.00010196499351877719
9.79979959083721e-05
0.00011981000716332346
0.000206796990823932
0.00012790499022230506
0.00012670300202444196
0.00016987600247375667
0.000111293004010804
9.805800800677389e-05
7.983300019986928e-05
0.0001164840068668127
6.14180025877431e-05
7.137699867598712e-05
9.791800403036177e-05
6.885200855322182e-05
0.00011920899851247668
9.124500502366573e-05
6.556599691975862e-05
0.0001542249956401065
9.796798985917121e-05
7.216799713205546e-05
5.30319957761094e-05
6.087700603529811e-05
7.267900218721479e-05
0.00011841699597425759
7.431200356222689e-05
7.028499385342002e-05
0.0001496969925938174
0.00013385700003709644
0.0002464120043441653
8.904100104700774e-05
6.615699385292828e-05
9.047400089912117e-05
0.0002044019929599017
7.110700244084e-05
0.00012215400056447834
0.00015065900515764952
9.846899774856865e-05
0.00010046300303656608
6.043599569238722e-05
7.4713010690175e-05
8.6015003034845e-05
6.551599653903395e-05
7.066498801577836e-05
9.584300278220326e-05
4.7209992771968246e-05
0.0001796140131773427
6.185899837873876e-05
6.057599966879934e-05
7.473400910384953e-05
7.958299829624593e-05
6.371299969032407e-05
5.3301992011256516e-05
5.189000512473285e-05
0.00020352100546006113
3.999700129497796e-05
5.970499478280544e-05
0.00013130198931321502
7.770900265313685e-05
6.044599285814911e-05
6.123700586613268e-05
5.612798850052059e-05
7.369199011009187e-05
0.00012925799819640815
5.955398955848068e-05
0.00011117300891783088
8.752799476496875e-05
4.7590991016477346e-05
9.467099152971059e-05
0.00012294499902054667
7.31899926904589e-05
4.2051004129461944e-05
0.00010122399544343352
0.000144548001117073
8.559400157537311e-05
9.6646006568335e-05
5.4414995247498155e-05
4.763099423144013e-05
6.566601223312318e-05
8.601498848292977e-05
5.357300688046962e-05
6.0686012147925794e-05
9.266800771001726e-05
5.701900226995349e-05
8.27490002848208e-05
9.544299973640591e-05
8.349100244231522e-05
0.00018986499344464391
6.658700294792652e-05
0.0002463630080455914
4.7291003284044564e-05
6.043599569238722e-05
0.0002096920070471242
8.26680043246597e-05
9.483199391979724e-05
5.691900150850415e-05
9.64150094659999e-05
3.757199738174677e-05
0.00010933000885415822
6.605600356124341e-05
0.00013291499635670334
5.413399776443839e-05
3.5196993849240243e-05
6.633700104430318e-05
9.187600517179817e-05
4.2621002648957074e-05
8.704699575901031e-05
6.133799615781754e-05
6.232901068869978e-05
7.554500189144164e-05
7.756799459457397e-05
4.618900129571557e-05
0.0001445070083718747
9.044300531968474e-05
5.8142002671957016e-05
4.684999294113368e-05
7.89620098657906e-05
9.052400127984583e-05
0.00010655500227585435
5.8883000747300684e-05
0.00010547199053689837
4.779199662152678e-05
4.8022004193626344e-05
5.528600013349205e-05
6.761000258848071e-05
9.463199239689857e-05
4.68800135422498e-05
4.64490003651008e-05
5.4194009862840176e-05
8.781799988355488e-05
0.00011629299842752516
0.0001363019982818514
0.00012591200356837362
0.00013629099703393877
0.00011712500418070704
4.730999353341758e-05
4.703100421465933e-05
5.588799831457436e-05
6.844200834166259e-05
4.108899156562984e-05
0.00011559099948499352
7.175799692049623e-05
0.00010720599675551057
5.569600034505129e-05
4.099898796994239e-05
0.00010255700908601284
6.543500057887286e-05
5.0417002057656646e-05
0.0001031480060191825
6.323099660221487e-05
3.5047007258981466e-05
5.702000635210425e-05
6.548500095959753e-05
9.267800487577915e-05
0.0002059660037048161
6.056600250303745e-05
8.4762999904342e-05
0.00011196499690413475
4.791200626641512e-05
0.00015008699847385287
0.00012607200187630951
6.471399683505297e-05
0.0003526660002535209
0.00021913099044468254
0.00010941999789793044
9.09850059542805e-05
8.959100523497909e-05
8.968199836090207e-05
8.921200060285628e-05
8.977200195658952e-05
8.951099880505353e-05
9.179599874187261e-05
9.190700075123459e-05
9.229700663127005e-05
9.219600178766996e-05
9.293800394516438e-05
9.175599552690983e-05
8.984199666883796e-05
8.893100311979651e-05
8.975200762506574e-05
8.931099728215486e-05
8.889099990483373e-05
8.99720034794882e-05
8.936099766287953e-05
9.941100142896175e-05
8.937099482864141e-05
8.825899567455053e-05
9.413000952918082e-05
9.506200149189681e-05
8.861999958753586e-05
8.707700180821121e-05
8.804899698588997e-05
7.424199429806322e-05
6.818000110797584e-05
0.0003453029930824414
0.0001659480039961636
0.000158113005454652
0.0002029590104939416
0.00025877599546220154
0.00031550500716548413
0.000327357993228361
0.0002890839969040826
0.00034692500776145607
0.00035270700755063444
0.00028755099629051983
0.00029653900128323585
0.0003026199992746115
9.630400745663792e-05
9.502300235908478e-05
9.41500038607046e-05
9.363000572193414e-05
9.373000648338348e-05
9.256700286641717e-05
8.211800013668835e-05
8.118599362205714e-05
8.189700020011514e-05
8.143699960783124e-05
9.413099905941635e-05
8.581399742979556e-05
8.18069966044277e-05
8.091599738691002e-05
8.053399506025016e-05
8.140600402839482e-05
7.975299376994371e-05
8.012399484869093e-05
8.00440029706806e-05
8.224800694733858e-05
8.11159989098087e-05
0.0002639360027387738
0.0001324640033999458
0.00012734498886857182
0.00012549999519251287
0.00012529100058600307
0.0001262620062334463
0.00012563099153339863
0.00013600000238511711
0.00012541000614874065
0.00012574098946060985
0.00012189299741294235
0.00011794600868597627
0.00012185399828013033
0.0001188180031022057
0.00011901799007318914
0.00012374699872452766
0.00011921799159608781
0.00011949999316129833
0.00011964899022132158
0.0001187879970530048
0.00011998000263702124
0.0001188080059364438
0.00011862699466291815
0.00012015999527648091
0.0001201410050271079
0.00011961000564042479
0.00011869799345731735
0.00011889899906236678
0.00014194200048223138
0.000120672004413791
0.0001196289958897978
0.0001190979965031147
0.0001191990013467148
0.0001189479953609407
0.00011885700223501772
0.00011770499986596406
0.00011870800517499447
0.00011882800026796758
0.00011979999544564635
0.00016803199832793325
0.0001898240006994456
0.0001021350035443902
0.00010772699897643179
9.578399476595223e-05
0.00011500999971758574
0.00010741599544417113
0.00020470200979616493
0.0003451020020293072
0.0001052919978974387
9.998200403060764e-05
0.00010294700041413307
9.879899153020233e-05
9.878899436444044e-05
9.890001092571765e-05
0.00010227599705103785
0.00010458999895490706
0.0001030770072247833
0.00010328800999559462
0.00010248699982184917
0.00010237599781248719
0.0001025870005832985
9.961100295186043e-05
9.985199721995741e-05
9.976100409403443e-05
0.00010025200026575476
0.00011282600462436676
0.00010618301166687161
0.00011119298869743943
0.00010071300494018942
0.00010035300510935485
0.00010001201007980853
0.0001000119955278933
0.00010029198892880231
9.978099842555821e-05
0.00010291799844708294
0.00010064301022794098
0.00023952900664880872
6.434399983845651e-05
6.373200449161232e-05
6.396201206371188e-05
6.347200542222708e-05
0.00010354799451306462
6.367199239321053e-05
5.8371995692141354e-05
5.997499101795256e-05
5.7249999372288585e-05
5.645900091622025e-05
5.6267992476932704e-05
5.6087999837473035e-05
5.602699820883572e-05
5.6388002121821046e-05
5.538600089494139e-05
6.228999700397253e-05
5.1709008403122425e-05
5.2140996558591723e-05
5.163899913895875e-05
5.193900142330676e-05
5.1969997002743185e-05
6.894201214890927e-05
6.76199997542426e-05
6.733900227118284e-05
6.679799116682261e-05
6.702900282107294e-05
7.197799277491868e-05
5.799099744763225e-05
5.684900679625571e-05
5.710899131372571e-05
5.619799776468426e-05
5.594700633082539e-05
5.597699782811105e-05
5.63180074095726e-05
5.797100311610848e-05
8.769799023866653e-05
5.729999975301325e-05
5.554698873311281e-05
5.5666998378001153e-05
5.520599370356649e-05
5.645799683406949e-05
5.507499736268073e-05
5.625700578093529e-05
5.654800042975694e-05
5.662899638991803e-05
5.5886994232423604e-05
5.76410093344748e-05
5.563699232880026e-05
5.263100320007652e-05
5.254099960438907e-05
5.2310002502053976e-05
5.28009986737743e-05
5.224000778980553e-05
5.2611008868552744e-05
5.283200880512595e-05
5.174899706616998e-05
5.2179995691403747e-05
5.276099545881152e-05
5.313201108947396e-05
5.2180010243318975e-05
5.2530987886711955e-05
5.22900081705302e-05
5.242999759502709e-05
6.02750078542158e-05
5.8973004342988133e-05
5.87130052736029e-05
5.9223995776847005e-05
5.8541991165839136e-05
5.875300848856568e-05
5.585700273513794e-05
5.5185999372042716e-05
5.526599125005305e-05
5.495500226970762e-05
5.473499186336994e-05
5.5115000577643514e-05
5.810099537484348e-05
5.524599691852927e-05
6.666799890808761e-05
5.5415992392227054e-05
5.723000504076481e-05
5.563700688071549e-05
5.505500303115696e-05
5.452400364447385e-05
5.396400229074061e-05
8.821900701150298e-05
8.378000347875059e-05
9.029298962559551e-05
8.424099360127002e-05
8.267899102065712e-05
8.433200127910823e-05
8.428200089838356e-05
8.776799950283021e-05
8.359100320376456e-05
8.353999874088913e-05
8.278898894786835e-05
0.00010149501031264663
8.535399683751166e-05
8.333000005222857e-05
8.387099660467356e-05
8.319900371134281e-05
8.640601299703121e-05
8.786800026427954e-05
0.00010831799590960145
8.508299652021378e-05
8.395100303459913e-05
8.338999759871513e-05
8.258799789473414e-05
8.355999307241291e-05
8.304898801725358e-05
8.348100527655333e-05
8.424100815318525e-05
8.353000157512724e-05
8.922099368646741e-05
8.825899567455053e-05
8.7267006165348e-05
8.839899965096265e-05
8.745701052248478e-05
8.694699499756098e-05
8.611500379629433e-05
9.133499406743795e-05
0.00010298700362909585
9.52729897107929e-05
9.36090073082596e-05
9.385999874211848e-05
9.47619992075488e-05
9.362999117001891e-05
9.6925999969244e-05
7.848099630791694e-05
7.801900210324675e-05
7.739799912087619e-05
7.656699744984508e-05
7.825999637134373e-05
7.649700273759663e-05
9.066400525625795e-05
8.729800174478441e-05
8.609499491285533e-05
8.665600034873933e-05
8.611500379629433e-05
8.654598786961287e-05
8.645599882584065e-05
8.405098924413323e-05
7.701700087636709e-05
7.931199797894806e-05
7.649700273759663e-05
7.737799023743719e-05
7.646600715816021e-05
9.105401113629341e-05
8.742698992136866e-05
9.756699728313833e-05
8.854900079313666e-05
8.99720034794882e-05
8.759800402913243e-05
8.52739904075861e-05
8.6726009612903e-05
7.630599429830909e-05
8.284900104627013e-05
7.750900113023818e-05
7.638600072823465e-05
9.411100472789258e-05
8.728700049687177e-05
8.621499000582844e-05
8.603499736636877e-05
8.610500663053244e-05
8.535399683751166e-05
8.688699745107442e-05
8.604500908404589e-05
8.78690043464303e-05
9.573400893714279e-05
7.819000165909529e-05
9.089399827644229e-05
8.627500210423023e-05
8.623499888926744e-05
8.6706000729464e-05
9.492199751548469e-05
8.773799345362931e-05
8.711700502317399e-05
8.599500870332122e-05
7.688801269978285e-05
7.709801138844341e-05
8.992299262899905e-05
8.737799362279475e-05
8.611500379629433e-05
8.549398626200855e-05
8.6706000729464e-05
8.58550047269091e-05
9.01429884834215e-05
8.612498641014099e-05
8.301899651996791e-05
9.079399751499295e-05
8.682699990458786e-05
8.570399950258434e-05
8.717700256966054e-05
8.613499812781811e-05
8.613598765805364e-05
9.329899330623448e-05
8.730699482839555e-05
9.105500066652894e-05
9.82080091489479e-05
8.703699859324843e-05
8.611500379629433e-05
8.630500815343112e-05
8.6165004177019e-05
8.511300256941468e-05
8.725799852982163e-05
8.293899009004235e-05
8.393099415116012e-05
8.322899520862848e-05
8.248799713328481e-05
8.292900747619569e-05
8.288898970931768e-05
8.281900954898447e-05
8.031399920582771e-05
7.976300548762083e-05
7.982300303410739e-05
7.86909949965775e-05
7.985299453139305e-05
7.990399899426848e-05
8.040400280151516e-05
7.96530075604096e-05
7.901199569460005e-05
7.914200250525028e-05
8.183700265362859e-05
8.14259983599186e-05
8.003300172276795e-05
8.014400373212993e-05
8.045500726439059e-05
8.059400715865195e-05
7.989299774635583e-05
8.044400601647794e-05
8.04839946795255e-05
8.614499529358e-05
7.548498979303986e-05
8.285899821203202e-05
8.140600402839482e-05
8.141700527630746e-05
8.069499745033681e-05
8.018400694709271e-05
8.043499838095158e-05
8.044499554671347e-05
8.036399958655238e-05
5.903300188947469e-05
5.885299469809979e-05
5.851199966855347e-05
5.8061996242031455e-05
5.8321995311416686e-05
6.143801147118211e-05
5.8071003877557814e-05
5.8842997532337904e-05
6.542600749526173e-05
6.278100772760808e-05
5.830200097989291e-05
6.134800787549466e-05
5.7590994401834905e-05
5.817099008709192e-05
5.809200229123235e-05
5.822200910188258e-05
6.086700886953622e-05
5.753998993895948e-05
5.795099423266947e-05
5.7451004977338016e-05
6.0726000810973346e-05
5.788099952042103e-05
5.878299998585135e-05
6.0727004893124104e-05
5.752001015935093e-05
6.0677004512399435e-05
5.7419994845986366e-05
6.033500540070236e-05
0.00011288700625300407
0.00011073199857492
0.00012594100553542376
8.157700358424336e-05
8.007400901988149e-05
0.00010798699804581702
9.210599819198251e-05
0.00010910000128205866
0.0001557180075906217
0.00010287799523212016
0.00011103300494141877
0.00014464699779637158
9.652500739321113e-05
0.00011518099927343428
0.00010095300967805088
0.00012685300316661596
8.285899821203202e-05
8.96620040293783e-05
0.00019282998982816935
0.00013507899711839855
0.00018109699885826558
0.00014334500883705914
0.00022030298714525998
0.0001842439960455522
8.542400610167533e-05
8.861999958753586e-05
0.00012151298869866878
0.00012574100401252508
0.00012284499825909734
0.00011760499910451472
0.00010427000233903527
0.00018136799917556345
0.00019739900017157197
0.00018527501379139721
6.837099499534816e-05
0.00011172400263603777
0.00011363800149410963
9.329900785814971e-05
0.00010260699491482228
9.551300900056958e-05
7.297001138795167e-05
0.0001393470010953024
7.39519891794771e-05
0.0002696169976843521
0.0001253200025530532
0.0002192009997088462
0.00013821499305777252
8.027399599086493e-05
8.260899630840868e-05
0.000108659005491063
0.00016605800192337483
0.0001092999882530421
5.929300095885992e-05
0.00011407899728510529
0.00011173399980179965
0.00011890799214597791
0.00016658900131005794
0.00018382199050392956
0.00032968299638014287
0.00040047799120657146
0.00016458598838653415
0.000210012003662996
0.00017257100262213498
0.0001483550004195422
9.762700938154012e-05
0.0001394070131937042
0.00012991898984182626
0.00018048600759357214
0.00011135300155729055
0.00015499799337703735
0.00019187800353392959
0.00010467100946698338
0.00013388700608629733
6.376199598889798e-05
9.645499812904745e-05
0.00011238499428145587
9.812800271902233e-05
0.00017409399151802063
9.701600356493145e-05
0.0002047729940386489
0.0001690339995548129
0.00010522198863327503
9.637500625103712e-05
8.915099897421896e-05
7.105599797796458e-05
9.313899499829859e-05
8.897999941837043e-05
9.452100493945181e-05
8.869999146554619e-05
9.713599865790457e-05
0.00015424599405378103
7.338100112974644e-05
9.8307995358482e-05
0.00010097400809172541
0.0004616250080289319
0.00015662000805605203
0.00015579799946863204
0.00020005299302283674
7.418199675157666e-05
8.485298894811422e-05
0.00010561299859546125
0.0001029270060826093
0.00010074299643747509
0.0001261120050912723
0.00014126099995337427
0.00012519999290816486
0.0001226359891006723
0.00017434399342164397
0.00017910299357026815
9.065399353858083e-05
0.00019163699471391737
0.00019501399947330356
0.00012584100477397442
0.00010852799459826201
0.00010190499597229064
9.875900286715478e-05
8.655599958728999e-05
6.812099309172481e-05
9.645499812904745e-05
0.000135039008455351
9.364901052322239e-05
9.840801067184657e-05
8.914100180845708e-05
9.350900654681027e-05
0.0002478660026099533
0.00011375799658708274
0.00012157300079707056
0.0001309309882344678
9.196699829772115e-05
0.00010096399637404829
8.044400601647794e-05
9.671499719843268e-05
0.00017608799680601805
0.00010303799354005605
0.00011878801160492003
0.00022419999004341662
0.00013721299183089286
0.00010234600631520152
7.128600555006415e-05
8.363999950233847e-05
0.00010881900379899889
0.00027738200151361525
0.00010977999772876501
8.722700295038521e-05
0.00023465999402105808
0.00013681300333701074
0.0001246089959749952
0.00010022299829870462
0.0001318930007982999
0.0003098639863310382
9.797800157684833e-05
0.00019909199909307063
0.00010146500426344573
0.00010450000991113484
0.00015579898899886757
0.00014003900287207216
0.00012084199988748878
0.00019795000844169408
9.870900248643011e-05
6.49940047878772e-05
8.099499973468482e-05
0.00010085300891660154
0.0002110049972543493
0.00010160499368794262
0.0002822809910867363
0.00012162300117779523
9.103500633500516e-05
0.00029211999208200723
0.00027250300627201796
6.851099897176027e-05
8.63250024849549e-05
0.00010997999925166368
0.0001180460094474256
0.00011181501031387597
7.616599032189697e-05
9.200700151268393e-05
0.00014225300401449203
0.00019138700736220926
9.719599620439112e-05
9.619499905966222e-05
9.619499905966222e-05
0.00012105199857614934
0.00010913900041487068
0.00011317699681967497
0.00014034900232218206
7.827000808902085e-05
9.09549999050796e-05
0.00011204498878214508
9.739700180944055e-05
9.782800043467432e-05
9.317799413111061e-05
0.00012029000208713114
0.00011912800255231559
0.00010110400035046041
0.0001013349974527955
0.00011951899796258658
8.587499905843288e-05
8.473200432490557e-05
0.0001413709978805855
8.222799806389958e-05
7.674700464121997e-05
0.00016600800154265016
7.165700662881136e-05
0.0003249329893151298
0.00013559999933931977
0.00016258200048469007
6.521500472445041e-05
7.395099964924157e-05
0.00025811500381678343
0.0001991419994737953
7.904099766165018e-05
5.979499837849289e-05
9.916999260894954e-05
0.00011117401299998164
5.882300320081413e-05
0.0001532140013296157
0.00022058399918023497
9.369899635203183e-05
7.322100282181054e-05
0.00010457099415361881
0.00012507000064942986
0.00014898600056767464
0.00016365399642381817
0.0002568729978520423
0.00024373701307922602
0.0001152909972006455
9.030399087350816e-05
0.00010078299965243787
9.102500916924328e-05
9.629499982111156e-05
9.709599544294178e-05
8.520401024725288e-05
0.0001579529925948009
0.0001353599946014583
0.00012120199971832335
0.00016842300829011947
9.52520058490336e-05
0.00017898299847729504
6.432399095501751e-05
0.00025315600214526057
9.965099161490798e-05
6.405300518963486e-05
7.084499520715326e-05
8.749699918553233e-05
7.665800512768328e-05
0.0002258629974676296
0.00010300800204277039
0.00019792899547610432
0.00018364300194662064
0.00014925599680282176
8.666599751450121e-05
0.00011410898878239095
0.00023443000100087374
0.00019017499289475381
9.565299842506647e-05
0.00013891600247006863
8.550399797968566e-05
0.0005250469985185191
8.953199721872807e-05
0.00012748500739689916
0.00013578998914454132
0.0001910259888973087
0.00010120400111190975
8.14160011941567e-05
0.0001390469988109544
0.00010109400318469852
0.00010443999781273305
6.517500150948763e-05
0.0002466429868945852
0.00018892200023401529
0.0002539569977670908
0.0002081889979308471
9.402999421581626e-05
0.00011554099910426885
0.00018453400116413832
0.00015286299458239228
0.0001236380048794672
9.899900760501623e-05
0.00010028199176304042
0.0002338780032005161
0.00011446999269537628
0.00014034900232218206
0.00020086500444449484
0.00011842799722217023
0.00011550199997145683
0.00012213399168103933
0.0001166239962913096
0.00027263299853075296
0.0001237880060216412
8.637500286567956e-05
8.890099707059562e-05
0.00011676400026772171
0.00012435800454113632
0.00025912700220942497
0.00019932299619540572
0.0003965499927289784
0.0003116080042673275
0.00011368899140506983
0.00013784499606117606
0.00015662099758628756
0.0001676620013313368
7.099600043147802e-05
0.0002484059950802475
0.00010513199958950281
9.698599751573056e-05
0.00010079400090035051
8.841900853440166e-05
9.369899635203183e-05
0.00010757600830402225
0.00012409799091983587
9.845900058280677e-05
0.00010102399392053485
0.00011381800868548453
0.00010078299965243787
0.00016983499517664313
0.00019517399778123945
0.0001118950021918863
0.0001031079882523045
0.00017443500109948218
9.8589007393457e-05
8.711700502317399e-05
0.0001449979899916798
0.00011468998854979873
9.945999772753567e-05
0.00015778199303895235
0.0001346689969068393
0.00014221300079952925
0.00018902200099546462
9.08639922272414e-05
0.00011358800111338496
8.975299715530127e-05
0.00024932800442911685
0.0001740040024742484
0.00011410900333430618
9.172499994747341e-05
6.596700404770672e-05
0.00018570599786471575
9.139599569607526e-05
0.00013620099343825132
0.0002294200094183907
0.00010328799544367939
0.00013391701213549823
0.0001812169939512387
9.941098687704653e-05
0.00011470000026747584
7.734900282230228e-05
0.0002618019934743643
0.00012375699589028955
0.00011578299745451659
0.0003258950018789619
9.810800838749856e-05
8.927199814934283e-05
0.000194674008525908
0.00018480399739928544
0.00017460499657317996
8.614499529358e-05
0.00023194399545900524
0.00015189200348686427
0.00010818800365086645
0.0001008830004138872
0.00017736000881996006
0.00010505100362934172
0.00012432799849193543
0.00010686500172596425
0.00014879500668030232
0.00010204600403085351
0.00010081300570163876
8.281899499706924e-05
0.00030884199077263474
0.0002142710000043735
0.0001581940014148131
0.0001603880082257092
9.980099275708199e-05
0.00011867699504364282
9.506200149189681e-05
0.000256922998232767
0.00011630301014520228
0.00018491499940864742
0.00014307400851976126
0.00021507199562620372
0.0001636640081414953
9.650501306168735e-05
0.00011572199582587928
7.388200901914388e-05
0.0001109329896280542
0.00012449899804778397
6.88519940013066e-05
0.00013794400729238987
9.930100350175053e-05
0.00012730401067528874
7.437299063894898e-05
9.433100058231503e-05
7.154799823183566e-05
9.974199929274619e-05
0.0002511119964765385
0.00010020199988503009
0.00011757499305531383
0.0001685030001681298
0.00013927700638305396
0.00018395300139673054
0.00018775000353343785
0.00010349901276640594
0.00013568998838309199
7.2359005571343e-05
9.587399836163968e-05
0.00020819000201299787
7.48129968997091e-05
0.00010652400669641793
8.085499575827271e-05
0.0001570210006320849
0.0001369420060655102
0.00011247600195929408
0.0001886609970824793
0.0001481140061514452
0.00017767999088391662
0.0002231580001534894
0.0005659559974446893
0.0001617499947315082
0.00014450801245402545
0.00010805699275806546
0.00015070900553837419
0.0001074860047083348
0.00014062999980524182
0.0001067950070137158
0.0001404490030836314
8.730699482839555e-05
0.00010627400479279459
0.00014131100033409894
0.00010584300616756082
0.00013965800462756306
0.00010679499246180058
0.00010503100929781795
0.00013982800010126084
0.00027667099493555725
0.0002744069934124127
0.0002765909885056317
0.00028851399838458747
0.00010946000111289322
0.00013255400699563324
0.00010984099935740232
0.00010704500891733915
7.58359965402633e-05
8.420200902037323e-05
6.538500019814819e-05
7.834999996703118e-05
0.00011329799599479884
0.00010286699398420751
0.00020648600184358656
0.00012817600509151816
0.0002162140008294955
0.00015292299212887883
0.00019380199955776334
0.0001809069945011288
0.00014088999887462705
0.00010087300324812531
0.00014578999252989888
9.213699377141893e-05
0.00014332499995362014
0.00010279699927195907
0.000145670011988841
9.119499009102583e-05
0.00012012000661343336
9.882899757940322e-05
0.00013336600386537611
0.00011081299453508109
0.0002222259936388582
0.00012285500997677445
0.00010610300523694605
0.00011045200517401099
0.00014791400462854654
0.00013347600179258734
0.00010608299635350704
0.00011113299115095288
0.000159756003995426
0.00012417799734976143
0.00010526100231800228
0.00013724299788009375
0.00017744999786373228
0.00012036100088153034
0.0001056729961419478
0.00011128401092719287
0.00014770399138797075
0.0001293579989578575
9.612400026526302e-05
0.00010642400593496859
0.00011041200195904821
0.0001274250098504126
9.648500417824835e-05
0.00010687499889172614
0.00012426800094544888
0.00013885600492358208
9.632500587031245e-05
0.00011199500295333564
0.000121083008707501
0.0001422729983460158
9.646499529480934e-05
0.00010582301183603704
0.00010934998863376677
0.00012549100210890174
0.0001332560059381649
0.00014907598961144686
0.00012691300071310252
0.00010061300417874008
0.00012670300202444196
0.0001472529984312132
0.00012673300807364285
0.0001195290096802637
0.0001259220007341355
0.0001532540045445785
0.0001178660022560507
0.00011003100371453911
0.00011631300731096417
0.00013638200471177697
0.00011721499322447926
9.37489967327565e-05
0.00012481999874580652
0.00011679501039907336
0.00019499399058986455
0.00012049100769218057
0.00013580000086221844
0.00011732500570360571
0.00013886600208934397
0.00011323700891807675
9.189599950332195e-05
0.0001355499989585951
0.00011922800331376493
0.00013524900714401156
0.000146641003084369
0.00011816700862254947
0.00027481699362397194
0.0002681640035007149
0.000269347001449205
0.0001030569983413443
0.00010304800525773317
0.00013041000056546181
0.00013320600555744022
0.00011446898861322552
0.00011512999481055886
0.00022724599693901837
0.00014511900371871889
0.00018609700782690197
0.00016933500592131168
0.00016865298675838858
0.00013720299466513097
0.00015566899674013257
9.062400204129517e-05
0.00011320700286887586
9.665600373409688e-05
0.0001693439990049228
9.785799193195999e-05
0.00014479800302069634
0.00014839500363450497
0.00019298000552225858
0.00015823300054762512
0.00020528299501165748
0.00017788099648896605
0.00017152899818029255
0.00016570799925830215
0.00023616300313733518
0.00017464499978814274
0.00015813400386832654
0.0001648359902901575
0.00023618301202077419
0.0001767390058375895
0.00015763199189677835
0.00016371399397030473
0.00021344900596886873
0.00033496200921945274
0.00019002500630449504
0.00014506799925584346
0.00015989701205398887
0.00014331500278785825
0.00016995600890368223
0.00012484900071285665
0.0001328650105278939
0.00011015101335942745
0.000180736999027431
0.00012453900126274675
0.00013910701090935618
0.00013211299665272236
0.00018197900499217212
0.00018575599824544042
0.00021418099640868604
0.0001892520085675642
0.0001784819905878976
0.00018673900922294706
0.00021723700047004968
0.00018911200459115207
0.00017754100554157048
0.0001857659954112023
0.000218289002077654
0.0001892830041470006
0.0001513299939688295
0.00017147899779956788
0.00015800300752744079
0.0001725610054563731
0.00010248699982184917
0.00012884699390269816
0.00010198599193245173
9.994200081564486e-05
0.00012682400119956583
7.662699499633163e-05
0.00010528200073167682
9.608399705030024e-05
9.515200508758426e-05
0.00015920501027721912
0.00016020699695218354
0.00012443799641914666
0.0001297389972023666
0.00011018100485671312
0.0001322430034633726
0.00012674300523940474
0.0001102920068660751
0.00011780600470956415
0.00014336500316858292
0.0001505190011812374
0.00012864699237979949
0.00011034200724679977
0.0002590869989944622
0.0002522530121495947
9.370000043418258e-05
0.00013709299673791975
0.00017307201051153243
0.0001273439993383363
0.0001523730024928227
0.00013989899889566004
0.00012347700248938054
0.00011229500523768365
0.00017615800607018173
9.118499292526394e-05
0.00010689500777516514
8.924100256990641e-05
0.00012052099918946624
9.372999193146825e-05
0.0001953049941221252
0.0001757970021571964
0.00015358399832621217
0.00015943500329740345
0.00023195499670691788
0.00013903599756304175
0.00013275499804876745
0.0001111839956138283
0.00017768099496606737
0.0001443069922970608
0.00012265500845387578
0.00014748299145139754
0.00012699299259111285
0.00019714799418579787
0.000147181999636814
0.0001521319936728105
0.00014685100177302957
0.00018956400163006037
0.00020523399871308357
0.00023662399325985461
0.0002049530012300238
0.00015007799083832651
0.00020613599917851388
0.0002405319974059239
0.00021327901049517095
0.00017635899712331593
0.000172891013789922
0.00015773199265822768
0.00020219699945300817
0.00015802300185896456
0.00015105899365153164
0.00020004399993922561
0.00015479599824175239
0.00019740899733733386
0.0001031480060191825
0.00013360599405132234
0.00015357400116045028
0.00034062399936374277
0.00017344199295621365
0.0001526929991086945
0.00019390200031921268
0.00019728799816221
0.00016433499695267528
0.00019703799625858665
0.0001790329988580197
0.00017408400890417397
0.00020638600108213723
0.0001793240080587566
0.00013685300655197352
0.00015920501027721912
0.00012481899466365576
0.00012823600263800472
8.381099905818701e-05
0.00010495100286789238
8.996299584396183e-05
0.00012065100600011647
9.357900125905871e-05
0.0001373129925923422
0.0001086879929061979
9.551399853080511e-05
0.0001001719938358292
0.00013089099957142025
0.00012098198931198567
0.00011752599675673991
0.0001001920027192682
8.97029967745766e-05
0.00011673400877043605
0.00012686300033237785
0.000147332000778988
0.00012886700278613716
0.00012979900930076838
0.00010794700938276947
9.831899660639465e-05
9.607399988453835e-05
0.00012431800132617354
9.606400271877646e-05
0.00012315699132159352
9.545301145408303e-05
7.580600504297763e-05
0.00011983000149484724
0.00017999499686993659
0.00014194200048223138
0.00012007000623270869
0.00013651199697051197
0.0001198899990413338
0.00013808500079903752
0.00012358700041659176
0.00012122200860176235
9.573300485499203e-05
9.087398939300328e-05
0.00011215500126127154
9.020300058182329e-05
0.00012638299085665494
9.965100616682321e-05
0.00012983899796381593
0.00011487999290693551
2.9275994165800512e-05
2.8144000680185854e-05
2.7884001610800624e-05
2.7462985599413514e-05
2.705199585761875e-05
2.691200643312186e-05
0.00010353900142945349
0.00013555001351051033
0.0001018250040942803
0.00013435800792649388
0.00011106299643870443
0.0001012639986583963
0.00013464799849316478
7.796000863891095e-05
0.00011103300494141877
0.00010024198854807764
0.0001298889983445406
0.000123717007227242
9.906000923365355e-05
0.00012673300807364285
0.00013090099673718214
0.00011372800508979708
0.00013496899919118732
0.00013190301251597703
0.0001143489935202524
0.00010821700561791658
9.904000035021454e-05
9.861000580713153e-05
0.00015884399181231856
0.0001686329924268648
0.00014481799735222012
0.00012324600538704544
0.00010681500134523958
0.0001379349996568635
0.00011734500003512949
0.0001171850017271936
0.00015314399206545204
0.00012859699199907482
0.00012991898984182626
4.039700434077531e-05
0.00035049300640821457
0.00019384099869057536
0.00022039299074094743
0.0002492179919499904
0.00015465599426534027
4.7752007958479226e-05
0.00016259199765045196
0.00015936599811539054
0.00013936799950897694
0.00011861800157930702
0.00013086099352221936
0.00018155800353270024
0.0006173750007292256
0.00029544699646066874
0.00019355199765414
0.00012439799320418388
0.0006814370135543868
0.0001605380093678832
0.00023016100749373436
0.00011372800508979708
0.0001398780004819855
0.0001274639944313094
0.00016811199020594358
0.00021605500660371035
4.473599256016314e-05
0.00016902400238905102
0.00018027500482276082
0.00012301599781494588
4.006599192507565e-05
0.00016941399371717125
4.3904001358896494e-05
0.00011541099229361862
0.00010539199865888804
0.0001891430001705885
0.00012590100232046098
4.320200241636485e-05
9.83789941528812e-05
0.0001683229929767549
0.00010098399070557207
0.00013651199697051197
0.00017522599955555052
0.00011378800263628364
0.00019654700008686632
0.0002107849868480116
7.721800648141652e-05
0.00010175499483011663
0.00023255599080584943
0.00011502100096549839
0.00045671600673813373
5.615799454972148e-05
0.0003240819933125749
9.102499461732805e-05
0.00010858901077881455
0.00031482300255447626
0.00019725899619515985
0.0006320130050880834
0.00021756699425168335
0.00012610199337359518
0.00019776899716816843
0.00011887800064869225
0.00011818700295407325
0.00011096301022917032
9.97119932435453e-05
0.00013720299466513097
0.00021387000742834061
0.0001987020077649504
0.00014628999633714557
0.00014884599659126252
9.090399544220418e-05
0.0001267140032723546
3.873399691656232e-05
4.375400021672249e-05
0.00013183300325181335
0.00016579798830207437
0.0006485530029749498
0.0001822789927246049
0.00019047499517910182
0.00021971100068185478
0.00020800900529138744
0.00017534599464852363
0.00013747399498242885
0.00023377800243906677
5.1327995606698096e-05
6.365199806168675e-05
0.00018931299564428627
0.00011199500295333564
0.00019222901028115302
0.00011851800081785768
0.00011440900561865419
0.0002496289962437004
0.00016727099136915058
0.00013669200416188687
0.00011154399544466287
0.00011072200140915811
0.00013603099796455353
0.00013669200416188687
0.00023299700114876032
0.00028993599698878825
0.00018736899073701352
0.00021198700414970517
0.00013662299897987396
0.00014521800039801747
5.062700074631721e-05
0.00011515099322423339
0.00012199299817439169
0.0006070039962651208
0.0001355299900751561
5.568700726144016e-05
0.00019377100397832692
0.0001493159943493083
0.00017303200729656965
0.00015151100524235517
4.159999662078917e-05
0.00010839699825737625
0.00022251700283959508
0.0005436030041892081
0.0006132359994808212
0.00012629199773073196
0.00019811000674962997
0.0001563400001032278
0.0002253520069643855
0.0002496490051271394
0.00021002300491090864
0.00014948600437492132
4.460499621927738e-05
8.805900870356709e-05
0.00012136300210841
0.000147202008520253
0.0001776610006345436
0.0001097310014301911
4.4755011913366616e-05
0.0004361769970273599
0.0002018670056713745
0.0001716090046102181
0.00012965899077244103
4.434499714989215e-05
0.0001896839967230335
0.0001637940004002303
0.0004158269875915721
7.659698894713074e-05
0.00011505100701469928
0.00011262600310146809
4.3683990952558815e-05
0.00019397200958337635
0.00012848600454162806
0.0001712380035314709
8.164701284840703e-05
0.00028031799593009055
0.00022558298951480538
0.00013507901167031378
4.822200571652502e-05
0.00015007800539024174
5.7088996982201934e-05
0.00042950399802066386
0.0001840030017774552
0.0002737949980655685
0.00040006800554692745
0.00019886100199073553
4.708999767899513e-05
0.0003009869978995994
0.00020839000353589654
0.00019652700575534254
0.00012024000170640647
0.00047309799992945045
0.00012277600762899965
6.0506004956550896e-05
0.00016758199490141124
0.00011241600441280752
0.00047426899254787713
0.00018398200336378068
0.0001433849975001067
0.0001923689997056499
0.00012093200348317623
0.00013234400830697268
0.00027060900174546987
0.0001999240048462525
0.0002520929992897436
0.0005831489979755133
0.00014902499970048666
0.00010146400018129498
0.00011889799498021603
5.037599476054311e-05
0.0002135399990947917
0.00013441800547298044
0.00014145100431051105
0.0002631149982335046
0.00023629299539607018
0.0002251919941045344
7.65470031183213e-05
0.00013349599612411112
0.00011888799781445414
0.00011211499804630876
5.2310002502053976e-05
0.00013178300287108868
4.628900205716491e-05
0.0003513340052450076
0.00014331498823594302
0.0002069769980153069
0.00020971200137864798
0.00011889800953213125
0.0003013079985976219
0.00024419800320174545
0.00045206700451672077
0.00012285599950700998
0.00015232199802994728
0.00014302499766927212
4.8071990022435784e-05
0.00013980800576973706
0.00013510900316759944
0.00013596999633591622
0.00020380099886097014
0.00011539099796209484
0.00023943900305312127
7.518498750869185e-05
0.0001564999984111637
0.00020322999625932425
0.00011563200678210706
0.00011577199620660394
0.00013267400208860636
0.00012537100701592863
0.0001871190033853054
0.00015588900714647025
0.00010968999413307756
4.855298902839422e-05
0.0001483650121372193
0.00014282400661613792
0.0002060850092675537
0.0002158639981644228
0.00015639999764971435
0.0001236569951288402
0.0002160239964723587
0.00010838800517376512
0.00014109999756328762
0.0002498090034350753
0.00011103300494141877
0.00012420899292919785
0.00020817900076508522
0.00019345100736245513
0.00021857900719624013
0.00010552200546953827
0.00017811200814321637
0.00018994399579241872
0.00012928800424560905
0.000658753007883206
0.000108659005491063
0.0001614199863979593
0.00011538100079633296
0.0001153210032498464
0.0003436090046307072
0.00014325499068945646
0.0001630629994906485
0.000230431993259117
0.00012888701166957617
0.00014638100401498377
0.00020777799363713712
0.0001920789945870638
0.00014332499995362014
0.00019792899547610432
0.0001962770038517192
0.00014712200209032744
4.4424989027902484e-05
0.00024831599148456007
0.00014624100003857166
0.0006703149992972612
0.00010676500096451491
0.0004494820022955537
0.0001663490111241117
0.00014568900223821402
0.00021664499945472926
0.00010739600111264735
0.00010916900646407157
0.00015072899986989796
0.00020422200032044202
0.00019017500744666904
0.00014893600018694997
0.00019488399266265333
0.00011640301090665162
3.9717007894068956e-05
0.0001201410050271079
0.00013299599231686443
0.0002796869957819581
0.0002580050058895722
7.409199315588921e-05
0.00016370399680454284
0.00022079299378674477
0.00023429900465998799
0.00025880699104163796
0.0003174490120727569
0.00020098600361961871
4.53770044259727e-05
0.00013130200386513025
0.00021043299057055265
0.00013255499652586877
0.00011214500409550965
0.0003453530080150813
0.00018491499940864742
0.0001265620085177943
0.00028102900250814855
0.00019517399778123945
0.00023110299662221223
0.0005727180105168372
4.762198659591377e-05
0.0001553470065118745
0.00014491801266558468
0.00021758700313512236
0.00011681400064844638
0.00011213500692974776
0.00018775000353343785
0.00014746299711987376
0.000132964996737428
0.00014917600492481142
0.00011936800729017705
6.350199691951275e-05
0.00010710499191191047
0.00011667399667203426
0.00011380801151972264
0.0001923789968714118
0.0002039809915004298
0.00026078999508172274
0.00010823699994944036
0.00014539800758939236
0.000145518992212601
0.00012870698992628604
0.00012956799764651805
0.00012389699986670166
4.8834001063369215e-05
0.00019192798936273903
0.00021963100880384445
0.00025898699823301286
0.0001313319953624159
0.00019725800666492432
0.00012522000179160386
0.0003555209987098351
0.0001873800065368414
0.0005527199973585084
0.00012102299660909921
0.00010973999451380223
0.00016655000217724591
0.0001410609984304756
0.00010774699330795556
6.877200212329626e-05
4.4405009248293936e-05
4.393399285618216e-05
0.00022674500360153615
4.375299613457173e-05
9.328899614047259e-05
0.00011443000403232872
0.00013385700003709644
0.00020866999693680555