1.2183905889978632
0.0068112739973003045
0.007709476994932629
0.006138023003586568
0.006689158995868638
0.00548461900325492
0.005657450994476676
0.009742506998009048
0.008502857992425561
0.009690346007118933
0.010280387999955565
0.009531781994155608
0.009323071004473604
0.006168943000375293
0.006862102003651671
0.005667670993716456
0.005618274997686967
0.007013952999841422
0.0062695550004718825
0.007406755990814418
0.008834694002871402
0.007389272999716923
0.00584448900190182
0.005444483002065681
0.00798346201190725
0.005955522996373475
0.007271656999364495
0.006332265009405091
0.006670895003480837
0.008371567004360259
0.006289242999628186
0.007293008005945012
0.006188850005855784
0.006934029996045865
0.006122092003352009
0.006028112009516917
0.006142792000900954
0.005858137010363862
0.00598005999927409
0.0061308690055739135
0.005637883004965261
0.005981191992759705
0.006691364003927447
0.005877203002455644
0.006774383000447415
0.007057626004097983
0.007178788990131579
0.0068168449943186715
0.005335223002475686
0.006041688000550494
0.005221906001679599
0.006122922990471125
0.006106091008405201
0.00568332000693772
0.0059924140077782795
0.006284974995651282
0.005182099004741758
0.0062818880105623975
0.007879764001700096
0.006383624000591226
0.006488464001449756
0.00612727199040819
0.00661867500457447
0.006199580995598808
0.004972456998075359
0.006159002994536422
0.005724239003029652
0.00593124600709416
0.006056056008674204
0.005033834997448139
0.00544033499318175
0.006401448001270182
0.0051990920037496835
0.00634440899011679
0.005979688998195343
0.005328390005161054
0.006321444001514465
0.005433280995930545
0.005240792001131922
0.0061442250007530674
0.005428381991805509
0.005518595004105009
0.0061804340075468644
0.005342837001080625
0.005590333006693982
0.006314061000011861
0.005689052006346174
0.006347866001306102
0.006691453992971219
0.00541381401126273
0.006135096991783939
0.006795052991947159
0.00596554200456012
0.0069580650015268475
0.004470845000469126
0.003522375991451554
0.0031015790009405464
0.003014742993400432
0.002746297002886422
0.012740206002490595
0.011449811005149968
0.013152055995306
0.015271100986865349
0.01797153901134152
0.017140926996944472
0.01532983299694024
0.015447939003934152
0.015728937985841185
0.0018201909988420084
0.0016613269981462508
0.0016524189995834604
0.0020996370003558695
0.0017284049972658977
0.0019605099951149896
0.0037325690063880756
0.006933839002158493
0.007689908990869299
0.007743702997686341
0.0017860850057331845
0.0016859729948919266
0.001670233003096655
0.0016855330031830817
0.001654532999964431
0.002097583987051621
0.004373718998976983
0.009437169996090233
0.003450978998444043
0.002329587994609028
0.003058214992051944
0.0021296850027283654
0.0026461959932930768
0.0027441440033726394
0.002831031000823714
0.002483353004208766
0.0027063409943366423
0.003289649001089856
0.002744494006037712
0.002248561999294907
0.002027067996095866
0.0026818839978659526
0.002730977997998707
0.0026390220009488985
0.002456973001244478
0.0032482000096933916
0.0025910799886332825
0.0025002449983730912
0.002165052996133454
0.002732049993937835
0.002828404991305433
0.0027957720012636855
0.0029826410027453676
0.0029454390023602173
0.002892536998842843
0.002738993993261829
0.003153368001221679
0.0025631360040279105
0.0025478660099906847
0.002384253006312065
0.002554699996835552
0.0025337299884995446
0.002466801000991836
0.0037626169942086563
0.003232549992389977
0.0028928579995408654
0.0036435680085560307
0.003193905999069102
0.003033777989912778
0.0036689769913209602
0.0030569730006391183
0.0033062810107367113
0.0034040890022879466
0.0031177899945760146
0.002970538000226952
0.0036775940097868443
0.0032806719973450527
0.0031625760020688176
0.0029695650009671226
0.0029379949992289767
0.002866847993573174
0.0032733190018916503
0.006883282010676339
0.003551321991835721
0.00464523900882341
0.011160035006469116
0.008448274005786516
0.010360240994486958
0.002640184000483714
0.005680033995304257
0.004598640007316135
0.004406702006235719
0.009957418995327316
0.003490163988317363
0.0037920929898973554
0.005351444007828832
0.003274741000495851
0.005905786994844675
0.005591393986833282
0.008007900003576651
0.004161832999670878
0.004617696991772391
0.00791586200648453
0.006090661001508124
0.004836185995372944
0.004932159994496033
0.008832691004499793
0.008607329000369646
0.006927868002094328
0.006456274000811391
0.004314044999773614
0.0025093229924095795
0.012380967003991827
0.010306506999768317
0.007612250003148802
0.010214832000201568
0.006437617004849017
0.004939283011481166
0.007169661999796517
0.0023254400002770126
0.003030241990927607
0.005197118007345125
0.005950221995590255
0.008719453995581716
0.0044797720038332045
0.004231496001011692
0.007628412000485696
0.005641038995236158
0.0021499129943549633
0.011933068002690561
0.0042543800082057714
0.010104931003297679
0.0036954469978809357
0.0036229279940016568
0.005713588994694874
0.010225142003037035
0.012391315991408192
0.004472397995414212
0.004464663012186065
0.007816251993062906
0.0035304510092828423
0.005425164999905974
0.00898119701014366
0.009211847995175049
0.005056167006841861
0.002724826001212932
0.004571747995214537
0.0025453519920120016
0.011109729006420821
0.003981225992902182
0.0026478789950488135
0.005665356002282351
0.006503754004370421
0.01052066900592763
0.011877840996021405
0.003813624003669247
0.01060292600595858
0.003792373987380415
0.0061726290005026385
0.005727153999032453
0.003429238000535406
0.003633810003520921
0.008498751005390659
0.009235243007424287
0.005596895003691316
0.0029671310039702803
0.007046505008474924
0.004302310990169644
0.008147326007019728
0.00720862700836733
0.005271681002341211
0.0035013260057894513
0.004894186989986338
0.007125646996428259
0.0053921219951007515
0.0026285509957233444
0.008117479010252282
0.003429999007494189
0.0036319659993750975
0.013071301000309177
0.006718445991282351
0.0037431999953696504
0.0034577219921629876
0.010307879987522028
0.00474992000090424
0.005179775005672127
0.010087818998727016
0.004079865000676364
0.002423268000711687
0.003734433004865423
0.0036960090073989704
0.0035933620092691854
0.0022496149904327467
0.0039045589946908876
0.004523386000073515
0.007250877999467775
0.007377690009889193
0.009619469987228513
0.004794325999682769
0.004121885998756625
0.004246946002240293
0.0028873480041511357
0.0038925849949009717
0.00758054900506977
0.0022706849995302036
0.0024413130013272166
0.0036143619945505634
0.015392373010399751
0.010818588998517953
0.009737827000208199
0.004646132001653314
0.0024769610026851296
0.0021185030054766685
0.00558200701198075
0.0026496720092836767
0.00836284999968484
0.003961017006076872
0.005262863996904343
0.0019655700016301125
0.010793843001010828
0.00413357799698133
0.008132729009957984
0.007486950009479187
0.0038769659877289087
0.008196489987312816
0.003739331994438544
0.005153214005986229
0.005299103999277577
0.011086163009167649
0.010230201005470008
0.004998195989173837
0.003372268009115942
0.01042763001169078
0.012784641003236175
0.006901957996888086
0.011726492011803202
0.006351290998281911
0.00621666299412027
0.0044861750066047534
0.0036398719967110083
0.0051498069951776415
0.007665462006116286
0.005615340007352643
0.004679664998548105
0.002411064997431822
0.0038925659900996834
0.010789062987896614
0.009876292999251746
0.0039240869955392554
0.0055900820007082075
0.007708133998676203
0.0038117310032248497
0.004409576999023557
0.0069539380056085065
0.007994964995305054
0.004609551004250534
0.00449815699539613
0.003990875004092231
0.003881854994688183
0.003962400005548261
0.01017751099425368
0.009652503998950124
0.004470635001780465
0.006579761000466533
0.009106385987251997
0.010738045995822176
0.00076970701047685
0.0019437189912423491
0.0009805000008782372
0.0007808280060999095
0.002086993001285009
0.00233986800594721
0.0021601129992632195
0.0017940810066647828
0.001546386003610678
0.006867642994620837
0.005344260993297212
0.002922415005741641
0.0021859319967916235
0.0037199849903117865
0.0016670780023559928
0.0015616650052834302
0.0015127109945751727
0.0015731970052001998
0.0024399499961873516
0.0022809549991507083
0.0022617789945797995
0.0022262099955696613
0.002257829997688532
0.002275574006489478
0.0023193080123746768
0.0023064440028974786
0.0026297239965060726
0.0038327809888869524
0.003556441006367095
0.006674631003988907
0.002071503011393361
0.003099074005149305
0.0025786659971345216
0.0038440929929492995
0.001798419005353935
0.001587094011483714
0.0016979659994831309
0.0016407869989052415
0.0016807540087029338
0.0016198060038732365
0.001196604993310757
0.0011080950062023476
0.0016292649961542338
0.0022141670051496476
0.0020809510024264455
0.0020572250068653375
0.002209087004303001
0.00227663699479308
0.0022118029883131385
0.0031701500120107085
0.001824719991418533
0.0008656099962536246
0.0011635209957603365
0.0010242150019621477
0.0010995089978678152
0.0011179740104125813
0.0011019439989468083
0.0011748130054911599
0.001168752001831308
0.0010803119948832318
0.0010836780129466206
0.0011902830010512844
0.0012159120087744668
0.002374635005253367
0.0021976849966449663
0.00219391800055746
0.0022261700069066137
0.0022091069986345246
0.002324458007933572
0.002469276005285792
0.002534159997594543
0.0023629820061614737
0.0010853919957298785
0.0014834050089120865
0.0032433909946121275
0.004023748013423756
0.0028647339931922033
0.004603149005561136
0.0054422480025095865
0.004692880989750847
0.004482798001845367
0.001138863997766748
0.0011964450095547363
0.0013437279994832352
0.003614543005824089
0.0023866280098445714
0.006922357002622448
0.002549700002418831
0.002499113994417712
0.0025343409943161532
0.003435418999288231
0.0021771949977846816
0.0016646529984427616
0.0012463409948395565
0.004641421997803263
0.00402909801050555
0.002898349004681222
0.007241418992634863
0.006611921009607613
0.007256989003508352
0.007715268002357334
0.007191954005975276
0.006525135991978459
0.006726631996571086
0.005677007997292094
0.00631384999724105
0.006652288997429423
0.006845399999292567
0.006493413995485753
0.006523832998936996
0.006797516994993202
0.006977091994485818
0.007216961996164173
0.006423319995519705
0.006783420001738705
0.009997023997129872
0.009306520005338825
0.00905676098773256
0.006882179994136095
0.004329112998675555
0.004797642002813518
0.004201989999273792
0.004259850000380538
0.004265500989276916
0.005247353998129256
0.0059841979964403436
0.006143333012005314
0.00545863900333643
0.0016770869988249615
0.0017247280047740787
0.0013462320057442412
0.0015395529917441308
0.0015184530057013035
0.003724825000972487
0.004343982000136748
0.0033555260015418753
0.0041834130097413436
0.0035144599969498813
0.0032712550018914044
0.0034841330052586272
0.004295918988646008
0.004333090997533873
0.0029631930083269253
0.003464674999122508
0.001515807001851499
0.004389449008158408
0.0041223659936804324
0.0035738150036195293
0.0028260999970370904
0.00343543900817167
0.0032606540044071153
0.0030302919913083315
0.00285168900154531
0.003701269000885077
0.003890312000294216
0.00269603100605309
0.0033756339980755
0.0036277580074965954
0.004143678001128137
0.0035872000007657334
0.0034109019907191396
0.0034142380027333274
0.004761171992868185
0.004736314003821462
0.0033739310019882396
0.005435865998151712
0.005822548002470285
0.004881813991232775
0.003899377989000641
0.0029736139986198395
0.003812612994806841
0.0039639629976591095
0.002771986008156091
0.0032589799957349896
0.0036176079884171486
0.0035285979975014925
0.0034933999995701015
0.00465196200821083
0.004802752009709366
0.003290319989901036
0.00509753699589055
0.0016322909941663966
0.0016291349893435836
0.0017525709990877658
0.0016228930035140365
0.002915933000622317
0.0027786600112449378
0.0036383789993124083
0.003845776998787187
0.0026472070021554828
0.0034033880074275658
0.0015743699914310127
0.001417778999893926
0.0013457210006890818
0.0013707590114790946
0.0013500599889084697
0.001411115998052992
0.0014961290144128725
0.0013966589904157445
0.001354308013105765
0.0013552599994000047
0.0013693169894395396
0.0013648979947902262
0.00139375300204847
0.004464102006750181
0.0012085089983884245
0.0031738069956190884
0.0044165309955133125
0.004282132998923771
0.0025624440022511408
0.003168256997014396
0.003881725002429448
0.003964143004850484
0.0028157400083728135
0.0033715969912009314
0.0026334410067647696
0.00248427499900572
0.0025522049982100725
0.001854898000601679
0.0018070160003844649
0.001811925001675263
0.006218397000338882
0.0025301620044047013
0.0025563230010448024
0.0018641359929461032
0.0018625619995873421
0.005391701008193195
0.003926250996300951
0.004560626999591477
0.0015670860011596233
0.0014882139948895201
0.0014473159972112626
0.0013587360008386895
0.0013561609957832843
0.0013713500084122643
0.0015278909995686263
0.0015159980102907866
0.0015013899974292144
0.0013924609957030043
0.001340891991276294
0.0014082609995966777
0.0016389329975936562
0.0015295139892259613
0.0014935950021026656
0.0014508020103676245
0.0013279270060593262
0.0013261630083434284
0.0013455010048346594
0.001328086989815347
0.0013740249996772036
0.0013470940029947087
0.0014507520099868998
0.0013419739989330992
0.0013317039993125945
0.0013405209901975468
0.001639504000195302
0.0015470370126422495
0.0013563020038418472
0.0014054150087758899
0.001347594996332191
0.0014242320030461997
0.0015055179974297062
0.003951489008613862
0.00439587100117933
0.00679647499055136
0.0059969319991068915
0.0014133210061118007
0.0013244199944892898
0.0014483680133707821
0.0013410420069703832
0.001363716000923887
0.0013817809958709404
0.0013634749921038747
0.0013305820029927418
0.0013413329870672897
0.001350901002297178
0.0013463119976222515
0.0013565620029112324
0.0013545980036724359
0.0013910169946029782
0.0013461520138662308
0.001369046003674157
0.0014571950014214963
0.0013926709943916649
0.0013692759966943413
0.0013561509986175224
0.0014253240078687668
0.0013615009956993163
0.0014022700052009895
0.0013618619996123016
0.0016022030031308532
0.002214949010522105
0.0032847599941305816
0.002542696995078586
0.0029145500011509284
0.0021345029963413253
0.0022700440022163093
0.0018633139989105985
0.002144633006537333
0.002065752007183619
0.0016625589923933148
0.0015041150036267936
0.0014851779997115955
0.0072941499965963885
0.007102342002326623
0.006698377997963689
0.006692415990983136
0.00707915700331796
0.006516188004752621
0.006355239005642943
0.001698748004855588
0.0013308720081113279
0.0070102049940032884
0.006814670006860979
0.0031016889988677576
0.0016480010090162978
0.0060313279973343015
0.0030066670005908236
0.0021973750117467716
0.0017541840061312541
0.001393603000906296
0.003172496013576165
0.0031589190039085224
0.002294641002663411
0.00287972399382852
0.0018373540078755468
0.0038379710022127256
0.004809534992091358
0.0015751010068925098
0.00660652200167533
0.017627007997361943
0.008072943004663102
0.0028132560109952465
0.002155855007003993
0.01132737600710243
0.007172737998189405
0.001556375005748123
0.0017304689972661436
0.003685518997372128
0.0035446789988782257
0.001693407990387641
0.0017739330069161952
0.0016380920133087784
0.0016354569961549714
0.0015410260093631223
0.0017199190042447299
0.0016029950056690723
0.0015225700044538826
0.0015339319943450391
0.0014184809988364577
0.0015152859996305779
0.001538169992272742
0.0027715359901776537
0.0020643800089601427
0.0015240530046867207
0.0014755500014871359
0.0015103769983397797
0.0015982350014382973
0.0015239130007103086
0.0014940059918444604
0.0015003369917394593
0.0014787660038564354
0.0015392420027637854
0.001541887002531439
0.001588176004588604
0.0016175819910131395
0.0015260869986377656
0.001499827005318366
0.0014892170001985505
0.0024695669999346137
0.0016381219902541488
0.0023475229972973466
0.002141717995982617
0.002270896002301015
0.002212043007602915
0.0014217869902495295
0.0020942870032740757
0.002080980993923731
0.0022652350016869605
0.00501079999958165
0.0017730899999151006
0.003237419994547963
0.002683015991351567
0.002240697998786345
0.002404262006166391
0.004307732000597753
0.004510680999374017
0.0022379520087270066
0.0017628109926590696
0.0013578939979197457
0.0071058989997254685
0.002939748010248877
0.0021571469987975433
0.001426275004632771
0.005610420994344167
0.004986564003047533
0.006266961005167104
0.002670501999091357
0.0022310890053631738
0.0037787079927511513
0.002294770994922146
0.002041054001892917
0.00299637699208688
0.0024778420047368854
0.0024628739920444787
0.005180345993721858
0.0027401849947636947
0.003169318995787762
0.0027799219969892874
0.004404146995511837
0.009298204007791355
0.004674915995565243
0.0018720410007517785
0.003142487010336481
0.0035535659990273416
0.003996044004452415
0.003002398007083684
0.00217167500522919
0.002231860999017954
0.003189106995705515
0.002108312997734174
0.002445209989673458
0.003264220998971723
0.005977774999337271
0.00505425401206594
0.0052325360011309385
0.001986430012038909
0.003530391986714676
0.0016402759938500822
0.0035288979997858405
0.004706196006736718
0.005651389990816824
0.0027423499996075407
0.0015293429896701127
0.004393337003421038
0.0042216170113533735
0.0020233500108588487
0.0036961389996577054
0.0036396510113263503
0.0012453279923647642
0.003405691997613758
0.003226118002203293
0.004560738001600839
0.004429626002092846
0.002051766001386568
0.005405828997027129
0.0020249139924999326
0.006213657994521782
0.010570193000603467
0.0013937829935457557
0.0020031220046803355
0.0027673580043483526
0.008223693002946675
0.004249902005540207
0.004984591010725126
0.0037100560002727434
0.0015667650004616007
0.0024160640023183078
0.0017052710027201101
0.0017733109998516738
0.001539944001706317
0.002388461012742482
0.004016021994175389
0.0025270759942941368
0.002348313995753415
0.005405207004514523
0.002233213002909906
0.0032959420059341937
0.0033495949901407585
0.0024354010092793033
0.003239673998905346
0.0030851070041535422
0.002562345005571842
0.002308456998434849
0.0037563340010819957
0.0040356310055358335
0.0019288290059193969
0.0021333019976736978
0.005565904997638427
0.0037956800078973174
0.0023372930008918047
0.00719799600483384
0.0037436209968291223
0.004736374001367949
0.004199224000331014
0.005709260003641248
0.0030077989940764382
0.003616335990955122
0.006447206003940664
0.006276538013480604
0.00455479598895181
0.004232046994729899
0.003336569992825389
0.0034622499952092767
0.0028626999992411584
0.004987837004591711
0.0029557789966929704
0.002785692995530553
0.002053157993941568
0.002326692992937751
0.003473653006949462
0.002293048004503362
0.001628683996386826
0.0031923329952405766
0.004547522010398097
0.0043069210078101605
0.0018525730120018125
0.0017292270058533177
0.002383321014349349
0.0035803369974019006
0.0037746589950984344
0.002085088999592699
0.0038100370002212003
0.004221195995341986
0.0033161309984279796
0.0014104159927228466
0.002318115992238745
0.00214039500860963
0.0031418559956364334
0.0031391110096592456
0.0036520339926937595
0.001740638996125199
0.0018506199994590133
0.0011053299967898056
0.006557676999364048
0.003769629998714663
0.002160062998882495
0.0019190909952158108
0.004234071006067097
0.006392028997652233
0.002201441995566711
0.003311110005597584
0.0014446309942286462
0.0035041609953623265
0.0096102129900828
0.0032274700060952455
0.002350246999412775
0.0015980650059645995
0.0014501719997497275
0.0015194439911283553
0.0032462759991176426
0.004734590998850763
0.0049475699925096706
0.00387238799885381
0.001478666003094986
0.0027122620085719973
0.001941184003953822
0.0031033220002427697
0.0013094110036036
0.008475024995277636
0.0021958319994155318
0.00340922900068108
0.0015547619987046346
0.0035963480040663853
0.002565110000432469
0.001949950004927814
0.0028645840066019446
0.0036514940002234653
0.0017171229992527515
0.00700985400180798
0.0014396019978448749
0.002745596008026041
0.002889472001697868
0.004266332995030098
0.004651071008993313
0.0017421820084564388
0.004092770992428996
0.0027562469913391396
0.0024691959988558665
0.0016583610122324899
0.0024472140066791326
0.0018928310018964112
0.00444653800514061
0.0021343429980333894
0.0017478420049883425
0.004809414007468149
0.0038258480053627864
0.0015115499991225079
0.00495019399386365
0.0024542479950468987
0.0020850389992119744
0.002157729002647102
0.0027680490020429716
0.004249220000929199
0.0044986080029048026
0.008196290000341833
0.004542623006273061
0.0040233870095107704
0.0067300480004632846
0.0052328770107124
0.003111206999165006
0.0033649239921942353
0.004252186001394875
0.0024909369967645034
0.0018505699990782887
0.003033558008610271
0.0019886240042978898
0.005026270999223925
0.003792043004068546
0.002042117004748434
0.0045463900023605675
0.0031003559997770935
0.0025764010060811415
0.002069278998533264
0.0020725749927805737
0.002493062012945302
0.003194748001988046
0.003190939998603426
0.002533980004955083
0.004973247996531427
0.005083600990474224
0.00722474699432496
0.002866677998099476
0.002983523008879274
0.0037896290014032274
0.008224524994147941
0.0033871659979922697
0.00594476200058125
0.004435598006239161
0.0036172480031382293
0.00408998501370661
0.0018678820051718503
0.0018689040007302538
0.004012965990114026
0.002069919995847158
0.002922535000834614
0.00320130999898538
0.00362505299563054
0.005866180988959968
0.0018824099970515817
0.003430761003983207
0.0018783519917633384
0.004042964996187948
0.0016540020005777478
0.0020835659961448982
0.0014977819955674931
0.005481464002514258
0.0024354909983230755
0.0020104049908695742
0.004063012995175086
0.0023469720035791397
0.002508460995159112
0.003095767999184318
0.0017334040021523833
0.0036968299973523244
0.005865459999768063
0.0019925419910578057
0.00414524000370875
0.0027193959977012128
0.0016581800009589642
0.0036160860036034137
0.004589923002640717
0.0027904419985134155
0.0012857959954999387
0.004452789988135919
0.00353921799978707
0.0021793799969600514
0.0043648120044963434
0.0014231700042728335
0.001193570002214983
0.0014008060097694397
0.0027456759999040514
0.0017215719999512658
0.0023407789994962513
0.004182070988463238
0.0033250580017920583
0.002693966991500929
0.0032498340005986392
0.0024544869957026094
0.005711093996069394
0.002221200003987178
0.007708124001510441
0.0017438140057493001
0.0016670070035615936
0.009111945997574367
0.003728962008608505
0.0032795000006444752
0.0016236039955401793
0.00455103900458198
0.0016364780021831393
0.004195638000965118
0.0026425889955135062
0.006186315004015341
0.002034842997090891
0.0018584740028018132
0.002888379996875301
0.0033275419991696253
0.0014170180074870586
0.0045151200029067695
0.0017854940088000149
0.0035982609988423064
0.004033666002214886
0.004372527007944882
0.0018389869946986437
0.005195375008042902
0.003376166001544334
0.0030066470062593
0.0025620340020395815
0.0036637970042647794
0.0033507370098959655
0.004298364001442678
0.002791735008941032
0.005613827001070604
0.0016576899943174794
0.002116350005962886
0.002127961997757666
0.0034170540020568296
0.003197181998984888
0.0016450449911644682
0.0015919129946269095
0.0026619760028552264
0.003419238011701964
0.0040147800027625635
0.00396146799903363
0.004159226999036036
0.005159466003533453
0.004672031005611643
0.0014853479951852933
0.0016179639933397993
0.0026078719965880737
0.0031272579944925383
0.001352673993096687
0.005571265995968133
0.0021649219997925684
0.003389521996723488
0.001709909993223846
0.0021710040018660948
0.0020574459922499955
0.0024121269962051883
0.0027089249924756587
0.0041956469940487295
0.002259594009956345
0.0016855229914654046
0.002330100003746338
0.002259333006804809
0.0021664250089088455
0.0055452859960496426
0.0028788909985451028
0.00369907398999203
0.0058887850027531385
0.0015168399986578152
0.005621963005978614
0.003713252008310519
0.002640714999870397
0.014734330005012453
0.00928111100802198
0.0046730429894523695
0.0043440419976832345
0.004222339004627429
0.0042826139979297295
0.004276723004295491
0.0041794260032474995
0.004202990996418521
0.0044138450030004606
0.004380451995530166
0.004455204994883388
0.004215305001707748
0.004173515000729822
0.004535920001217164
0.004399537996505387
0.004191719010123052
0.004196759997284971
0.0046460120065603405
0.004479841998545453
0.00419768100255169
0.004274648003047332
0.0041075589979300275
0.004632824988220818
0.004313222001655959
0.00457580600050278
0.004727217004983686
0.0043335420050425455
0.00451633200282231
0.004172703993390314
0.002893438999308273
0.0028594239993253723
0.01809228101046756
0.006781718009733595
0.006895755999721587
0.009482887995545752
0.00948586399317719
0.010753365000709891
0.011315893003484234
0.01022547199681867
0.011570482005481608
0.012030123005388305
0.011638803000096232
0.012636766987270676
0.014040890004253015
0.00289550400339067
0.0026181610010098666
0.0026485000125830993
0.0026583180006127805
0.0026209070056211203
0.0025934540026355535
0.0025695579970488325
0.002429790998576209
0.0023660979932174087
0.0024788949958747253
0.0025629259907873347
0.0025246720033464953
0.0024443190050078556
0.00244941700657364
0.002464045988745056
0.002478984009940177
0.0024155730061465874
0.002416824994725175
0.002382760008913465
0.0024187390081351623
0.0023823489900678396
0.010219360003247857
0.00597511998785194
0.004359100988949649
0.004248868994181976
0.004525459997239523
0.004483309006900527
0.004206216995953582
0.004138998003327288
0.004378427998744883
0.00428951698995661
0.003911201987648383
0.0038935379998292774
0.0038730480009689927
0.004149018001044169
0.003945217002183199
0.003821730992058292
0.0038870050047989935
0.003786151995882392
0.004035278994706459
0.0039355979970423505
0.0038235530082602054
0.004188613005680963
0.004411621994222514
0.004397244003484957
0.004310948002967052
0.0044307290081633255
0.004852316007600166
0.004137757001444697
0.0059506529942154884
0.003975954998168163
0.003867748993798159
0.0037566249957308173
0.003961998998420313
0.0039698640030110255
0.0038630900089628994
0.003841999001451768
0.004145330996834673
0.004288625001208857
0.0037987660034559667
0.006818578011007048
0.005462276007165201
0.004153044996201061
0.0044760750024579465
0.004211368010146543
0.004142755991779268
0.005694050996680744
0.009737377011333592
0.01607997099927161
0.005122064001625404
0.00490830400667619
0.006567446995177306
0.007102461997419596
0.0057177459966624156
0.005530608003027737
0.005410027006291784
0.005760988991823979
0.006344299006741494
0.005683851006324403
0.005519675993127748
0.005855370996869169
0.00817984901368618
0.0068918190081603825
0.005649825994623825
0.006706752988975495
0.0058870610082522035
0.005947197001660243
0.005561266007134691
0.0051069449982605875
0.005787068992503919
0.005379778012866154
0.005340762989362702
0.004969961999449879
0.004899766994640231
0.005431537996628322
0.006915464007761329
0.005782892010756768
0.009668364000390284
0.0024741059896769
0.0024564719933550805
0.002405242994427681
0.00217932001396548
0.0020112979982513934
0.0024857069947756827
0.002099025994539261
0.002003803994739428
0.001975679013412446
0.001979737004148774
0.002019924999331124
0.0018418830004520714
0.0017743630014592782
0.001804180006729439
0.0017819679924286902
0.0022914750006748363
0.0018748059956124052
0.001798659999622032
0.001806846004910767
0.001738334001856856
0.0021561660105362535
0.002515544998459518
0.0022942100040381774
0.0019637469958979636
0.0020022409880766645
0.0022045179939595982
0.0021923750027781352
0.0021520479931496084
0.0021108780056238174
0.002456260990584269
0.0023435140028595924
0.002431253989925608
0.002372060000197962
0.0022662970004603267
0.002164691992220469
0.0019038910104427487
0.0018998730083694682
0.0019528050033841282
0.002421323995804414
0.002030755000305362
0.001968265001778491
0.0019659810059238225
0.0016085249953903258
0.00158310700498987
0.0016774980031186715
0.0015609339898219332
0.0016113800083985552
0.0015707130078226328
0.0015882370062172413
0.0015603020001435652
0.0022462979977717623
0.00164358300389722
0.0015752410108689219
0.001580812007887289
0.0016241650009760633
0.0015983750054147094
0.0016329920035786927
0.0015760929964017123
0.0015806519950274378
0.0015624170046066865
0.0015740689996164292
0.0015882260049693286
0.0020230800000717863
0.001733174009132199
0.0016753140080254525
0.0016920950001804158
0.0017737320013111457
0.0019636759971035644
0.0021238939953036606
0.0016994290053844452
0.0016790400113677606
0.0016957619955064729
0.0019497600005706772
0.0024495380057487637
0.0018082590104313567
0.0017268319934373721
0.001735439000185579
0.0021037149999756366
0.0019468740065349266
0.001788861001841724
0.0017368920089211315
0.0017142370052170008
0.0017851440061349422
0.0021034940000390634
0.0035925499978475273
0.003587090002838522
0.0036478060064837337
0.003274499991675839
0.003265362000092864
0.003818494005827233
0.0036810100136790425
0.003489112001261674
0.0034132559958379716
0.003260283003328368
0.0032844899978954345
0.00380187199334614
0.0033912149956449866
0.0033183349878527224
0.0032942180114332587
0.003252658003475517
0.00360973400529474
0.003770581999560818
0.0034275539946975186
0.003296631999546662
0.0033602850016904995
0.003237067998270504
0.0036247019888833165
0.0040235070046037436
0.0032825660018716007
0.003251225993153639
0.003312412998639047
0.0032535299978917465
0.0038401850033551455
0.0047372359986184165
0.0038457659975392744
0.0037867630016990006
0.0037496909935725853
0.004115564006497152
0.00463659199886024
0.0037816539988853037
0.00412106400472112
0.003964734001783654
0.0037947979872114956
0.003791481998632662
0.004175458001554944
0.003810137990512885
0.004421310004545376
0.0038599529943894595
0.004227088007610291
0.004031001008115709
0.004189715997199528
0.004089673995622434
0.003827851003734395
0.003946238997741602
0.004003188005299307
0.0038684189930791035
0.004710875000455417
0.003801430997555144
0.003871736000292003
0.0041096519998973235
0.004580093998811208
0.004556850006338209
0.004386332991998643
0.004197129994281568
0.004758055001730099
0.0053022799984319136
0.0044006910029565915
0.004596986997057684
0.0038356659933924675
0.004804394004167989
0.003941970004234463
0.003946969998651184
0.004122346988879144
0.0042748389969347045
0.00490459700813517
0.0041567330044927076
0.004304106012568809
0.003949816004023887
0.003949334000935778
0.004827167998882942
0.004379478996270336
0.00412363899522461
0.00393371500831563
0.004261463007424027
0.005154216007213108
0.004689042994868942
0.0040803869924275205
0.0041544279956724495
0.004402774007758126
0.003986015013651922
0.004479451003135182
0.004074293989106081
0.0040684129926376045
0.004952207993483171
0.0040226649871328846
0.0038999500102363527
0.004083082007127814
0.004028235998703167
0.00395057701098267
0.003881313998135738
0.0038883880042703822
0.004608740011462942
0.0038579489919357
0.003949425008613616
0.003908166007022373
0.005100501992274076
0.004282844995032065
0.004168063998804428
0.00453657099569682
0.0040105720108840615
0.004891131000476889
0.00429633999010548
0.004115353003726341
0.004068634007126093
0.003808814988587983
0.004781249997904524
0.0038610350020462647
0.004039387989905663
0.003931629995349795
0.0037932659906800836
0.00433747899660375
0.003985084011219442
0.0039833900082157925
0.0038546529976883903
0.0037007479986641556
0.004611885000485927
0.0039243770006578416
0.003998137995949946
0.0038535210042027757
0.005017513001803309
0.006268633005674928
0.004212760002701543
0.004521912997006439
0.004011854995042086
0.005033955007093027
0.004427811989444308
0.004493749001994729
0.004554495011689141
0.005824591004056856
0.003935497996280901
0.0037504929932765663
0.003826689993729815
0.0038905219989828765
0.004458129988051951
0.003945187010685913
0.0037756919919047505
0.0045573009992949665
0.003880211996147409
0.0037538799952017143
0.0038351450057234615
0.003901292002410628
0.004260881993104704
0.0037800599966431037
0.003738250001333654
0.0038131139881443232
0.0035723309993045405
0.0043765439913840964
0.0039964850002434105
0.0036464830045588315
0.00362270898767747
0.002947083004983142
0.0030469939956674352
0.003307093007606454
0.0028879489982500672
0.002815279003698379
0.0030734650063095614
0.0030869809997966513
0.002779852002277039
0.0026947680016746745
0.0034821789886336774
0.0029234270041342825
0.0027355169877409935
0.0027845799922943115
0.003141374996630475
0.002765683995676227
0.003117569998721592
0.0030673839937662706
0.002915531993494369
0.002781243994832039
0.002772207008092664
0.003092772007221356
0.002757990005193278
0.003506876004394144
0.0030291190050775185
0.0027632400015136227
0.002972650996525772
0.002895473997341469
0.0028542039945023134
0.006072065996704623
0.00721223300206475
0.006571623991476372
0.002710898988880217
0.0032894489995669574
0.004181148993666284
0.0027490029897307977
0.00399699600529857
0.005308170992066152
0.00587545899907127
0.0040728210005909204
0.00501631099905353
0.0032963529956759885
0.00623553000332322
0.0047779839951545
0.004220716000418179
0.00380728198797442
0.004020520995254628
0.008066741997026838
0.004566118004731834
0.006714167990139686
0.006052839002222754
0.009797521008295007
0.00935559399658814
0.0034184760006610304
0.0025594790058676153
0.004458791998331435
0.004943931999150664
0.004292251993319951
0.0036968810018152
0.0031241109973052517
0.002478243986843154
0.004008478004834615
0.006149674998596311
0.0019797870045294985
0.005895827998756431
0.004261883994331583
0.00305798499903176
0.005097426997963339
0.005371983992517926
0.0024457109975628555
0.007157197003834881
0.0030034600058570504
0.010674613993614912
0.004763345990795642
0.010197437994065695
0.004960614009178244
0.0036198519956087694
0.004687149994424544
0.004552692000288516
0.007775463003781624
0.004191078987787478
0.0016630299942335114
0.006035846992745064
0.007760815002257004
0.0051253699930384755
0.002858611987903714
0.0029822399956174195
0.007400634989608079
0.010990069000399671
0.004535519008641131
0.009939775001839735
0.008170961998985149
0.006209710001712665
0.003279229989857413
0.004374038995592855
0.004511403007199988
0.006451212990214117
0.004784567005117424
0.005264035993604921
0.006750828004442155
0.0032852110016392544
0.003932943000108935
0.0016507959953742102
0.004299906999222003
0.007104306001565419
0.002310791998752393
0.005441938003059477
0.003746205009520054
0.009574233001330867
0.005868555992492475
0.003332360996864736
0.003557543008355424
0.004526661999989301
0.0018423229921609163
0.0025338900013593957
0.003750352989300154
0.0023871690063970163
0.003551360990968533
0.0036516239924822003
0.005691956990631297
0.005332678003469482
0.005696214997442439
0.004870501012192108
0.01650032699399162
0.00813405099324882
0.007494464996852912
0.008640882995678112
0.002067324996460229
0.0035250710061518475
0.0033096780098276213
0.004988047003280371
0.0035603689902927727
0.004367657005786896
0.004597398001351394
0.0024764489935478196
0.004774257002281956
0.0060468779993243515
0.010287942001014017
0.002538347995141521
0.005794352997327223
0.006096091994550079
0.005324703000951558
0.003284979989985004
0.003235174997826107
0.0036375170020619407
0.0036968400090700015
0.002351579998503439
0.0034383450110908598
0.00460188600118272
0.003118441003607586
0.002937754994491115
0.004659817001083866
0.0035250509972684085
0.009845823995419778
0.004310126998461783
0.004406141000799835
0.0070190819969866425
0.003972819002228789
0.003254983006627299
0.0027467579930089414
0.0040002819878282025
0.01042307099851314
0.0032232319936156273
0.0037713339988840744
0.009508407005341724
0.004822368995519355
0.0032332720002159476
0.0032585399894742295
0.0026015590119641274
0.0035786040098173544
0.008726176994969137
0.0038455959875136614
0.002185963006922975
0.0060400750080589205
0.003226940010790713
0.005899515002965927
0.002607050002552569
0.004144498991081491
0.009677702008048072
0.003657875000499189
0.009422842995263636
0.003416282997932285
0.003207601999747567
0.0064475960098207
0.005001061988878064
0.004897503007669002
0.009664465993409976
0.0034503880015108734
0.0019241910049458966
0.00395251098962035
0.003934336011298001
0.009141133006778546
0.0029068259900668636
0.008782534001511522
0.0044731599919032305
0.0036992249952163547
0.011964748991886154
0.011164112002006732
0.003929025988327339
0.004651712006307207
0.0043150870042154565
0.004401771991979331
0.003840056000626646
0.004569404001813382
0.004274067003279924
0.006828027006122284
0.004839271001401357
0.0030819410021649674
0.0036929630005033687
0.0027716060139937326
0.004981984995538369
0.0033545640035299584
0.003091649996349588
0.004231625993270427
0.0023376330063911155
0.003785470995353535
0.004808001991477795
0.0029620509885717183
0.003380052003194578
0.0036299719940871
0.006014496000716463
0.0039004210120765492
0.0034602070081746206
0.004087950990651734
0.0060847600107081234
0.0028190669981995597
0.002682725011254661
0.0038932869938435033
0.004230573991662823
0.0023606879985891283
0.008521073003066704
0.0019235390063840896
0.009170598990749568
0.004643074993509799
0.006895615995745175
0.0019072379946010187
0.004052703006891534
0.008748018997721374
0.010301518006599508
0.004071539995493367
0.001899994007544592
0.0038183139986358583
0.003755443001864478
0.0018882209988078102
0.007618643008754589
0.008673355012433603
0.004092789007700048
0.0024021970020839944
0.005747774004703388
0.004683974009822123
0.008515583002008498
0.005112455008202232
0.010388474998762831
0.010674904988263734
0.0054034640052122995
0.003605555000831373
0.0032490009907633066
0.0030429960024775937
0.003427785006351769
0.003915920999133959
0.002644632011651993
0.004813200997887179
0.005272483002045192
0.004427541993209161
0.009688142003142275
0.004978709010174498
0.006967353998334147
0.0018835329974535853
0.009091787986108102
0.0029905050032539293
0.0016954919992713258
0.0018050619983114302
0.0030143420008243993
0.002237460998003371
0.00718383899948094
0.004323701999965124
0.009550196991767734
0.006335923011647537
0.007651174004422501
0.003517877994454466
0.0033502860023872927
0.008523377997335047
0.007100878996425308
0.0034284349967492744
0.004091257011168636
0.0038657139957649633
0.017385794999427162
0.004361194994999096
0.0035569120082072914
0.0030221060005715117
0.006888743009767495
0.0028759359993273392
0.0033519589924253523
0.0047611710033379495
0.0029273840045789257
0.003469143994152546
0.0017072049959097058
0.012547705991892144
0.006603274989174679
0.007370646999333985
0.006924221001099795
0.0033635610016062856
0.003926210003555752
0.007540762991993688
0.005906088001211174
0.004254990999470465
0.0031684470013715327
0.003270132001489401
0.009261653001885861
0.0037848689971724525
0.004735513008199632
0.011657709008431993
0.005850219997228123
0.00520036400121171
0.0037307659949874505
0.004637785008526407
0.0068642460100818425
0.003343032003613189
0.0024806879955576733
0.003780951999942772
0.005077719004475512
0.005911118001677096
0.011596471988013946
0.013361586999963038
0.012318326000240631
0.012185220999526791
0.003094155006692745
0.004005131995654665
0.006999774996074848
0.007658028000150807
0.0020294720015954226
0.009484832000453025
0.0032120499963639304
0.0025153439928544685
0.0033861239935504273
0.004602568005793728
0.0031819629948586226
0.006631718992139213
0.006662999992840923
0.004655279000871815
0.0045740829955320805
0.006217895002919249
0.004433673995663412
0.011194189995876513
0.01031622699520085
0.008906502000172623
0.004896832004305907
0.014751583003089763
0.004710964989499189
0.0047482969966949895
0.009387204991071485
0.005570274006458931
0.004953520998242311
0.008533157000783831
0.006665254011750221
0.00851883900759276
0.008711047994438559
0.004716676005045883
0.005145959003129974
0.0035994339996250346
0.01157306699315086
0.005353758999262936
0.004580214997986332
0.0024335480120498687
0.0019693979993462563
0.004980261990567669
0.003917643989552744
0.004245111995260231
0.006834438012447208
0.0035140389954904094
0.004389359004562721
0.011297347999061458
0.0035471929877530783
0.004377606004709378
0.0029656879924004897
0.007840417005354539
0.0040857559943106025
0.004724290993181057
0.010031971003627405
0.0029963059932924807
0.004143287005717866
0.005837996999616735
0.006890295000630431
0.005319682997651398
0.0036340300139272586
0.011808728988398798
0.0039989299984881654
0.004682411003159359
0.0030495190003421158
0.010915676000877284
0.004461137010366656
0.003819606004981324
0.004709822998847812
0.0045354589965427294
0.0026503730041440576
0.0031384690082632005
0.0037823549937456846
0.01042054599383846
0.007438707005348988
0.006418069999199361
0.004794095002580434
0.00308785199013073
0.003844424005364999
0.00263130699750036
0.007406645992887206
0.0028420110029401258
0.004436078001162969
0.003989873002865352
0.0048119290004251525
0.0067779599921777844
0.003309015999548137
0.0039005209982860833
0.0018474940006854013
0.0035249209904577583
0.0044897309999214485
0.0035918290086556226
0.004127316002268344
0.0036135309928795323
0.004950665999785997
0.0020145739981671795
0.0025445899955229834
0.001785854998161085
0.004859330001636408
0.007915812006103806
0.0032783579954411834
0.004312432007282041
0.0067280240036780015
0.005248105997452512
0.006398942990927026
0.007300020995899104
0.0036646480002673343
0.005843096994794905
0.0031305640004575253
0.0023992719943635166
0.004914617005852051
0.001856571005191654
0.0039971960068214685
0.003762545995414257
0.005782100008218549
0.005593547990429215
0.003933835003408603
0.008952169999247417
0.006420424004318193
0.00818347599124536
0.007030303997453302
0.026286697000614367
0.006267962002311833
0.0042036020022351295
0.004003006994025782
0.004165218997513875
0.0037552019930444658
0.004510680999374017
0.0037229010049486533
0.004205796998576261
0.0036878029932267964
0.00371884299966041
0.0043798400001833215
0.003643488002126105
0.004166370999882929
0.003895550995366648
0.0038381710037356243
0.004682732003857382
0.009353460001875646
0.009612106005079113
0.009975481996661983
0.009378707996802405
0.003493480006000027
0.003205657994840294
0.003739872990990989
0.0034003719920292497
0.002899590996094048
0.0029807369865011424
0.0028172839956823736
0.002813726998283528
0.004572560006636195
0.0037453029945027083
0.004070537994266488
0.003810748996329494
0.004025431000627577
0.00423825898906216
0.004214672997477464
0.0037639789952663705
0.004241424991050735
0.003887336002662778
0.004129680004552938
0.004127595995669253
0.004407884000102058
0.003933924992452376
0.003981135989306495
0.0037579469935735688
0.004067240995937027
0.004054375996929593
0.003972158010583371
0.004206647994578816
0.0045999929861864075
0.004115383009775542
0.004551188991172239
0.004433373003848828
0.004466607002541423
0.004185337005765177
0.004464352008653805
0.004685066000092775
0.004363259009551257
0.004281071000150405
0.004750541993416846
0.0047672829969087616
0.004401782003697008
0.004191158994217403
0.005024907004553825
0.004497747009736486
0.004377646007924341
0.004090075002750382
0.00376389900338836
0.004289657998015173
0.004124309998587705
0.0041215149976778775
0.0038225510070333257
0.00422945199534297
0.004096365999430418
0.003960647009080276
0.0037174000026425347
0.0041861190111376345
0.004422612008056603
0.004227978992275894
0.0037058079906273633
0.004172362008830532
0.004089222988113761
0.0043839480058522895
0.0041623529978096485
0.006190574000356719
0.006287118012551218
0.004898545012110844
0.004328973009251058
0.0045795729965902865
0.004807860997971147
0.004244600990205072
0.004167063001659699
0.004501924006035551
0.0043505040084710345
0.004168163999565877
0.003946319004171528
0.004271511992556043
0.0047175880026770756
0.004457178001757711
0.00420991399732884
0.004495342000154778
0.004741684999316931
0.004756362002808601
0.004168516010395251
0.00484510199748911
0.0042762020020745695
0.004385381005704403
0.0048749999987194315
0.004089162990567274
0.004445717000635341
0.0040229760052170604
0.004179697003564797
0.004470043000765145
0.009102679003262892
0.009177200990961865
0.009312661000876687
0.0033132849930552766
0.0033593630068935454
0.0035319140006322414
0.0028797130071325228
0.0028833910037064925
0.0027814150089398026
0.004169867999735288
0.004190036008367315
0.004317731989431195
0.004069816000992432
0.004397142998641357
0.004109672998310998
0.0040621410007588565
0.0038024829991627485
0.0043362669966882095
0.0038819549954496324
0.003847458996460773
0.003626314995926805
0.004240594003931619
0.0040711290057515725
0.004348469999968074
0.004667261993745342
0.0044003289949614555
0.003995634004240856
0.004908394010271877
0.004449414002010599
0.00425272599386517
0.003996694998932071
0.004683061997639015
0.004456747992662713
0.004541952002909966
0.004118398996070027
0.004540027002803981
0.00444120800239034
0.00444138899911195
0.00953585900424514
0.004353438998805359
0.003952711005695164
0.004792412000824697
0.004289496995625086
0.004257114997017197
0.003966236996348016
0.004374559997813776
0.004684985993662849
0.004019929998321459
0.0039003510028123856
0.004452238994417712
0.004582049004966393
0.00444391299970448
0.003966917996876873
0.004553232996840961
0.0042200839961878955
0.0043416270054876804
0.003987407995737158
0.004576859006192535
0.00439967900456395
0.004380712009151466
0.004314495003200136
0.004474642002605833
0.004622755994205363
0.0042304639937356114
0.004365714004961774
0.0037321679992601275
0.004270510995411314
0.003984291994129308
0.004177041002549231
0.0038456159963971004
0.003593543005990796
0.004089403999387287
0.0035874509921995923
0.003970875986851752
0.0038314279954647645
0.0036103550082771108
0.004030090000014752
0.003980124005465768
0.004413975999341346
0.004339994004112668
0.004495913002756424
0.004321409011026844
0.003968179997173138
0.004738037008792162
0.004156361988862045
0.004399047000333667
0.003981777001172304
0.0039460789994336665
0.004704654013039544
0.009764987989910878
0.009491995006101206
0.003513769988785498
0.0033925070019904524
0.004272234000382014
0.004102377992239781
0.003992628000560217
0.003754612000193447
0.004201047006063163
0.0040714089991524816
0.004062412001076154
0.003912964995834045
0.004146762992604636
0.004259419001755305
0.0042273079889127985
0.0047672439977759495
0.004419345990754664
0.00415926800633315
0.004513637002673931
0.004429836000781506
0.004297713006963022
0.004054877004818991
0.004506893994403072
0.004245963995344937
0.004367357003502548
0.003920629998901859
0.0037361459981184453
0.0042437189986230806
0.003986024996265769
0.004364031003206037
0.003897675996995531
0.0043537699966691434
0.004795667991857044
0.004509910009801388
0.004523165000136942
0.004898865008726716
0.00449661401216872
0.00398041500011459
0.004673493996961042
0.0050149580056313425
0.004586337003274821
0.00414294601068832
0.004588000010699034
0.003774860000703484
0.004533896004431881
0.004181049996986985
0.003681431000586599
0.004575586004648358
0.003716929000802338
0.00436716599506326
0.0036913499934598804
0.0036091719957767054
0.004127275999053381
0.009133428000495769
0.0042950770002789795
0.004699382989201695
0.004630191004252993
0.004603540000971407
0.004917201003991067
0.004223670999635942
0.004831707003177144
0.004086937988176942
0.004176770991762169
0.004328962997533381
0.0033847420127131045
0.0046910880046198145
0.004308845003833994
0.004170688989688642
0.0037528570101130754
0.004406512001878582
0.0038524089904967695
0.004266693998943083
0.004836145002627745
0.004729391002911143
0.004281340996385552
0.004583610992995091
0.004821638009161688
0.004929244008962996
0.004896722006378695
0.004201207993901335
0.004462939003133215
0.004438232004758902
0.0046275259956019
0.0037821040023118258
0.004214743996271864
0.004495902991038747
0.004225042997859418
0.004248469005688094
0.00380702200345695
0.004000973989604972
0.004112447000807151
0.0037827759952051565
0.004073042000527494
0.0036952170048607513
0.0041823210049187765
0.004019298998173326
0.004639047008822672
0.004011042998172343
0.004516672997851856
0.004446027989615686
0.004771020991029218
0.004270680990885012
0.004191448999335989
0.004708920998382382
0.0028213309997227043
0.002949688001535833
0.004733730005682446
0.00618684699293226
0.006372101997840218
0.0070610829861834645
0.006953076008358039
0.00662879399897065
0.0014071280020289123
0.00117187800060492
0.0011364689999027178
0.0011054700007662177
0.0011056410003220662
0.0011077050003223121
0.0059364760090829805
0.006289823999395594
0.005788893002318218
0.006393692005076446
0.005846413012477569
0.006020578002789989
0.006624895991990343
0.004589572999975644
0.006379494996508583
0.005814431991893798
0.006231070990907028
0.005623325007036328
0.005871371002285741
0.006535224994877353
0.008097760990494862
0.006918669008882716
0.004720583994640037
0.004207018995657563
0.004452499997569248
0.0044413790019461885
0.003737828999874182
0.004122166006709449
0.004551359001197852
0.004466928003239445
0.004293976002372801
0.005089380996651016
0.004069014001288451
0.004301098990254104
0.004472287997487001
0.005887221006560139
0.0049117110029328614
0.0058038920105900615
0.00413833701168187
0.001960982001037337
0.01860896199650597
0.007528279005782679
0.006631980009842664
0.005725572002120316
0.0047153939958661795
0.0032586799934506416
0.005636321002384648
0.0069802979996893555
0.004480804011109285
0.003913816995918751
0.0035801060002995655
0.006591593002667651
0.015908061002846807
0.004811969003640115
0.003465746995061636
0.0056329340004595
0.015560193991404958
0.005023445002734661
0.0067897319968324155
0.00482453299628105
0.004793412997969426
0.004983888997230679
0.006618464001803659
0.008592329002567567
0.0025696880038594827
0.005406388998380862
0.005512101997737773
0.004050889998325147
0.002391727000940591
0.006360037994454615
0.002808225995977409
0.00395003599987831
0.004187040001852438
0.007777627004543319
0.004229982994729653
0.00246736200642772
0.004800748007255606
0.004783675001817755
0.0047876219905447215
0.004273776998161338
0.007094746993971057
0.0041820410115178674
0.008285250994958915
0.0059662029962055385
0.0054317079921020195
0.0051073950016871095
0.0062419919995591044
0.005788181006209925
0.015448970996658318
0.002283068999531679
0.015165807999437675
0.005125469993799925
0.0037972830032231286
0.00895942399802152
0.0043204359972151
0.017063338003936224
0.007647227001143619
0.005542099999729544
0.007161285990150645
0.004383136998512782
0.004630291005014442
0.004298733998439275
0.00354915700154379
0.006958576996112242
0.006998924000072293
0.006814380001742393
0.004340755011071451
0.004712187990662642
0.004536862004897557
0.0045284560037544
0.0018542960024205968
0.002896764999604784
0.004199114002403803
0.005512181989615783
0.0173829990089871
0.004520750997471623
0.00829004000115674
0.005911878994083963
0.006204859993886203
0.006280425994191319
0.004788783990079537
0.006882079993374646
0.003566219995263964
0.003335888992296532
0.004821727998205461
0.004135290990234353
0.006186715996591374
0.005309212996507995
0.004724390993942507
0.006672858013189398
0.004721225006505847
0.004536541004199535
0.005240330996457487
0.004230203005135991
0.004949802998453379
0.003685699004563503
0.006925912995939143
0.005564090999541804
0.003899889998137951
0.004246024007443339
0.0043164689996046945
0.004208601996651851
0.0025729149929247797
0.005285637002089061
0.004457628994714469
0.016005908997613005
0.00618741700600367
0.0053295919933589175
0.010726182008511387
0.007570699992356822
0.0074189300066791475
0.009324945000116713
0.003510623995680362
0.005385589000070468
0.010403463995316997
0.017346791006275453
0.015122415003133938
0.005202397995162755
0.006505097000626847
0.00595279700064566
0.008395140990614891
0.00745607000135351
0.006069401002605446
0.006269124001846649
0.0027673680015141144
0.004443591999006458
0.003741616994375363
0.004476775997318327
0.005496592013514601
0.005346625010133721
0.0027131739916512743
0.01466678100405261
0.0048942269932013005
0.006398541998350993
0.0034116330061806366
0.0026462460082257167
0.005838868994032964
0.006893641999340616
0.015293482996639796
0.004880560998572037
0.004396301999804564
0.0041394089930690825
0.002402416997938417
0.007151676996727474
0.004526661999989301
0.0036396100040292367
0.002778178997687064
0.006274764004047029
0.00651757100422401
0.004160630007390864
0.002290994001668878
0.004020821987069212
0.0032846599933691323
0.01560176299244631
0.005590350992861204
0.007177385996328667
0.01622131200565491
0.007026606006547809
0.002781284012598917
0.006304983005975373
0.005806096000014804
0.005675916996551678
0.00381971598835662
0.014912550992448814
0.003629961996921338
0.002096070005791262
0.00555902199994307
0.0053142120013944805
0.018727337999735028
0.005273994989693165
0.004845684001338668
0.006080012011807412
0.003277064999565482
0.004985220992239192
0.00784320299862884
0.004942781000863761
0.006160646007629111
0.014958479994675145
0.003946548997191712
0.004401422003866173
0.0038591610064031556
0.002493291991413571
0.005738016014220193
0.0041404009971302
0.00405688100727275
0.008588372002122924
0.008151684000040404
0.006586603005416691
0.005196817000978626
0.004138988006161526
0.005180175008717924
0.004979479999747127
0.002740254989475943
0.0040465909987688065
0.0022912340064067394
0.01591541500238236
0.004141905010328628
0.0061798630049452186
0.00712204999581445
0.0033771879971027374
0.008984020998468623
0.00661144100013189
0.015185384996584617
0.003778897997108288
0.004868798001552932
0.004208762999041937
0.002690139997866936
0.004203382006380707
0.004617526006768458
0.004892533994279802
0.005887963008717634
0.005083690004539676
0.005955952990916558
0.00493387300230097
0.006323568013613112
0.004555948005872779
0.006352994998451322
0.0053064069943502545
0.0044294050021562725
0.005422831003670581
0.006624274989007972
0.004492766995099373
0.004857377003645524
0.002679950004676357
0.006132410999271087
0.004059695987962186
0.007600288008688949
0.007001979000051506
0.004520850008702837
0.004069966002134606
0.006830600992543623
0.004795788001501933
0.004292081997846253
0.0067852140055038035
0.005786207999335602
0.003974152001319453
0.007171766003011726
0.006285765994107351
0.006853975006379187
0.004884217996732332
0.00651209001080133
0.005083269003080204
0.003943143005017191
0.015719991002697498
0.004853778998949565
0.004969942005118355
0.0032093050103867427
0.006325171998469159
0.017180450988234952
0.004336557991337031
0.004352017000201158
0.006225391000043601
0.005883955003810115
0.0035522230027709156
0.006364305998431519
0.005921587988268584
0.004088040994247422
0.005418132001068443
0.005482826003571972
0.004298914995160885
0.002242901988211088
0.006507822006824426
0.0045226239890325814
0.015336024007410742
0.003851657995255664
0.014605372998630628
0.005709029996069148
0.003937101006158628
0.004909737006528303
0.0047687659971416
0.004050759001984261
0.0045687930105486885
0.007912426008260809
0.005357696005376056
0.0063014769984874874
0.007318437012145296
0.0034516000014264137
0.0036621339968405664
0.004227398007060401
0.003824525003437884
0.016007031008484773
0.013370753993513063
0.004971014001057483
0.005782580992672592
0.0062207010050769895
0.004916570003842935
0.006502080999780446
0.007562184007838368
0.006198078001034446
0.0027067420014645904
0.004259499997715466
0.005385077995015308
0.0042965309985447675
0.0039436540100723505
0.017175932007376105
0.006883833004394546
0.003861395991407335
0.00784863300214056
0.005567077008890919
0.00788784799806308
0.016344748000847176
0.0030708199919899926
0.003598262002924457
0.004115582996746525
0.0067125750065315515
0.003675790998386219
0.004250723010045476
0.006641528001637198
0.006049743009498343
0.0037242029939079657
0.0034777099936036393
0.0036315149918664247
0.0021203770011197776
0.0045170240045990795
0.005117466003866866
0.005282922007609159
0.006607802992220968
0.004920186998788267
0.013095818008878268
0.005310825988999568
0.004104352003196254
0.004122626996831968
0.0040830209909472615
0.004116315001738258
0.0038914540054975078
0.002762678006547503
0.006848094999440946
0.006526939003379084
0.006011760007822886
0.0035866289981640875
0.005441886998596601
0.004066027991939336
0.010171667992835864
0.004983167993486859
0.015323009007261135
0.0037607029953505844
0.0036830430035479367
0.006092886003898457
0.006025926995789632
0.003648668003734201
0.004924294000375085
0.0027250760031165555
0.0027567169890971854
0.005372494997573085
0.002795181004330516
0.003784147003898397
0.003858240001136437
0.004558392000035383
0.006372782998369075