0.016111962991999462
0.005748684998252429
0.0061439740093192086
0.005731472992920317
0.005338578994269483
0.005214451011852361
0.005514877993846312
0.005738926993217319
0.0051212429971201345
0.005335633992217481
0.006009474993334152
0.006069791998015717
0.0053859710023971274
0.005272893002256751
0.005265529005555436
0.005574060996877961
0.005234989992459305
0.0060063499986426905
0.006126730993855745
0.005307800995069556
0.005254508010693826
0.005815604003146291
0.005642471995088272
0.0053399919997900724
0.006265546995564364
0.005800134997116402
0.006045934991561808
0.006308579002507031
0.006278663000557572
0.006216743000550196
0.00593495400971733
0.006004967988701537
0.006197276001330465
0.006587704992853105
0.005791778996353969
0.005632543005049229
0.005894615998840891
0.005874937996850349
0.005295244991430081
0.005734869002480991
0.005796957993879914
0.005284675004077144
0.005345612997189164
0.005418903994723223
0.005633153996313922
0.006363135005813092
0.006491980995633639
0.006911285003297962
0.005273464004858397
0.005109500008984469
0.005032050990848802
0.006043221001164056
0.006094718992244452
0.005622244003461674
0.005675153995980509
0.005391069993493147
0.005444192007416859
0.00518450399977155
0.005274256007396616
0.005413523002061993
0.0051802259986288846
0.005698941007722169
0.005409214005339891
0.0058637059992179275
0.006012661993736401
0.00510667399794329
0.005044454999733716
0.005290065004373901
0.005833838993567042
0.005017564006266184
0.005698770008166321
0.005168752992176451
0.0053776739950990304
0.00512371699733194
0.005248586996458471
0.005099911999423057
0.005180366002605297
0.005153424004674889
0.005401299989898689
0.005251741997199133
0.005641919997287914
0.005529376008780673
0.005338489005225711
0.0052587660029530525
0.005694851992302574
0.0054762530053267255
0.005269756991765462
0.00535545201273635
0.005309723987011239
0.00548430900380481
0.0054795390024082735
0.005417391002993099
0.005612875000224449
0.0061009420023765415
0.003746946997125633
0.004207138990750536
0.003400271001737565
0.0034143090015277267
0.0034883400076068938
0.013124431992764585
0.012524813006166369
0.01266186501015909
0.017873781005619094
0.01726555400819052
0.017217631990206428
0.017251638011657633
0.017213794999406673
0.017392177003785037
0.0021394839859567583
0.0031470459944102913
0.0028500059997895733
0.0023228750069392845
0.002168658989830874
0.002007150003919378
0.0045387349964585155
0.010799823008710518
0.00938962900545448
0.008629140997072682
0.002085951011395082
0.0023678010038565844
0.002248232005513273
0.0023933999909786507
0.0021055190009064972
0.0020573460060404614
0.00482594600180164
0.010204250997048803
0.004030940996017307
0.0025789359933696687
0.0027795310015790164
0.002649902002303861
0.0032712440006434917
0.0031924030045047402
0.0031851590028963983
0.0029650470096385106
0.0030125479970593005
0.0030894160008756444
0.0032816140010254458
0.0027267900004517287
0.0024309920117957518
0.0033063309965655208
0.0034322230058023706
0.0031195740011753514
0.0027807129954453558
0.0033006099984049797
0.003204585998901166
0.0031767830078024417
0.0028631820023292676
0.003068134989007376
0.003079304995480925
0.003212641997379251
0.00325957199675031
0.0033416799997212365
0.0033289749990217388
0.0033092670055339113
0.0029591560014523566
0.0032739599992055446
0.002897416998166591
0.002617099991766736
0.002840066998032853
0.002878459999919869
0.0027734800096368417
0.003393138002138585
0.0034168939891969785
0.0031954289879649878
0.004112256996450014
0.003974151986767538
0.003363340991199948
0.0038827569951536134
0.0034128550032619387
0.003610495012253523
0.0038923350075492635
0.00335719900613185
0.0033054590021492913
0.004118860000744462
0.003626314995926805
0.0037217880017124116
0.003294798996648751
0.003222971994546242
0.003182423999533057
0.003616957998019643
0.003323324999655597
0.0038668159977532923
0.004296890998375602
0.010510047999559902
0.006708307002554648
0.01016863300174009
0.0028099499904783443
0.006268653000006452
0.004962317005265504
0.004620020990842022
0.010328649004804902
0.0036799180088564754
0.003649338992545381
0.005211955998674966
0.0037672249891329557
0.00671946800139267
0.006844957999419421
0.009376703994348645
0.004647053006920032
0.00560997000138741
0.009273315998143516
0.006756397997378372
0.005732284000259824
0.006409242996596731
0.012410192008246668
0.011668450009892695
0.008949554990977049
0.0077240739919943735
0.0057980010024039075
0.004106156004127115
0.015291218005586416
0.012054851002176292
0.01051526800438296
0.013176270993426442
0.008417114004259929
0.007457662999513559
0.008141575002809986
0.003546021005604416
0.0038396339950850233
0.006007592994137667
0.006652038005995564
0.00979707099031657
0.005467185008455999
0.0056706460018176585
0.008567181008402258
0.007915271999081597
0.0029388159891823307
0.015306047003832646
0.0071389919903595
0.017603343003429472
0.006419383003958501
0.006219578004674986
0.009530388997518457
0.01688006600306835
0.020199071004753932
0.0077656040084548295
0.007633742003235966
0.012168178000138141
0.004929083996103145
0.006893401005072519
0.015416809008456767
0.015433970998856239
0.008257989000412636
0.004617835991666652
0.00806394599203486
0.005047600992838852
0.018400330998701975
0.006909200994414277
0.0051422929973341525
0.006933497992577031
0.007544330001110211
0.011820341998827644
0.01352537098864559
0.0047956579946912825
0.012092392003978603
0.0047054250026121736
0.007442955000442453
0.009625200997106731
0.006325040987576358
0.0064945659978548065
0.012255174995516427
0.015804943002876826
0.009666871002991684
0.005883022997295484
0.012560891002067365
0.007585739003843628
0.014572498999768868
0.012790371998562478
0.008821729992632754
0.007036476003122516
0.00765364000108093
0.012244754994753748
0.00973744600196369
0.004910016999929212
0.013581659004557878
0.005832866998389363
0.006124827996245585
0.022046373997000046
0.011387691003619693
0.006757511000614613
0.006075973011320457
0.019915415992727503
0.00847558600071352
0.0071759630081942305
0.012621657995623536
0.006124938008724712
0.003113411003141664
0.0047168569872155786
0.005837286007590592
0.005502062005689368
0.0028860249876743183
0.005294104004860856
0.006421165002393536
0.008624049994978122
0.008201269010896794
0.01029086699418258
0.00524678299552761
0.004431209003087133
0.005138023989275098
0.003427222996833734
0.004212298998027109
0.007797414989909157
0.0024429359909845516
0.0032168300094781443
0.004223379990435205
0.016783640006906353
0.012231871005496942
0.010611461999360472
0.005184042995097116
0.003029561004950665
0.0024373549968004227
0.006716312011121772
0.0031217680079862475
0.009133098006714135
0.004350574003183283
0.006483826000476256
0.0021630889968946576
0.011947094011702575
0.005505468987394124
0.009943922006641515
0.008852247992763296
0.004541130008874461
0.009613577989512123
0.0043252449977444485
0.005907710001338273
0.006554410996614024
0.011575160999200307
0.010849468992091715
0.0053537289932137355
0.0038213389925658703
0.008462130004772916
0.009014008988742717
0.004905147987301461
0.008959352999227121
0.004596835991833359
0.004654969001421705
0.005794251992483623
0.004661661005229689
0.0056928789999801666
0.008168386993929744
0.006421115002012812
0.0050594540080055594
0.002609884992125444
0.0040867280040401965
0.011983222997514531
0.010354990008636378
0.004527233002590947
0.006538189001730643
0.008558485002140515
0.004334213008405641
0.005809442009194754
0.008156283001881093
0.008323214002302848
0.005041469004936516
0.004654566990211606
0.00442828300583642
0.0036556909908540547
0.0052354310028022155
0.010349289994337596
0.010464531005709432
0.004403425002237782
0.007115027008694597
0.00927617099659983
0.01151882299745921
0.0009809710027184337
0.002190340994275175
0.00111742400622461
0.0011454870109446347
0.002469557002768852
0.002427486004307866
0.002342413004953414
0.0022369700018316507
0.0019019369938177988
0.007334777998039499
0.005616502006887458
0.0032100059906952083
0.0033773479954106733
0.00421801999618765
0.0019593079923652112
0.0019724029989447445
0.0020559129916364327
0.0018280660005984828
0.002690430002985522
0.002638610007124953
0.0034220140078105032
0.0025735770032042637
0.0024881720019038767
0.0025357140111736953
0.0026365970115875825
0.002568005002103746
0.0025618439976824448
0.002832903992384672
0.00292225499288179
0.00466403499012813
0.0016026840021368116
0.002369503999943845
0.0020245430059731007
0.0034178850037278607
0.0021028129995102063
0.0025547089899191633
0.002034571996773593
0.0020968310127500445
0.002213144995039329
0.0020841479999944568
0.0014501310070045292
0.0014067789888940752
0.00189681799383834
0.0026422880036989227
0.0030796869978075847
0.0025321159919258207
0.002962100988952443
0.0026026020059362054
0.002497260007658042
0.0032599429978290573
0.002086312000756152
0.0010534509929129854
0.0017329330003121868
0.0012974779965588823
0.001388653996400535
0.0013823320041410625
0.001543651000247337
0.0015130919928196818
0.00141419300052803
0.001360159003525041
0.0013622020051116124
0.001374917002976872
0.0014525360020343214
0.0027806319994851947
0.0028893720009364188
0.003225887005100958
0.0026166790048591793
0.002600588006316684
0.0026805410016095266
0.0025002350012073293
0.002821501999278553
0.002542737012845464
0.0018790239992085844
0.001763342006597668
0.0033322910021524876
0.004446728999027982
0.0030746670090593398
0.004847617004998028
0.007063757992000319
0.0052516229916363955
0.005265227999188937
0.0014715419965796173
0.001431044001947157
0.0021056590048829094
0.004065497007104568
0.003089235004154034
0.008801050003967248
0.003244763007387519
0.003173246994265355
0.0029557990055764094
0.003732138007762842
0.0034339160047238693
0.0022102790098870173
0.0014024099946254864
0.005440794993774034
0.004579132990329526
0.0034076659940183163
0.007651936000911519
0.006844117000582628
0.00857306299440097
0.007854774987208657
0.007722089998424053
0.007667917001526803
0.007511155999964103
0.00610714299546089
0.007536304008681327
0.007049049992929213
0.0066888290020870045
0.006743202990037389
0.006243245006771758
0.0068615299969678745
0.0076549719960894436
0.006707394000841305
0.006463767000241205
0.007051665001199581
0.006265636999160051
0.007060442003421485
0.008002468006452546
0.006438860000343993
0.0041063960088649765
0.004984690007404424
0.004307943003368564
0.004487206009798683
0.004230243997881189
0.004726183993625455
0.006890135002322495
0.006954727999982424
0.005715802006307058
0.001837714997236617
0.0020911709871143103
0.001626960001885891
0.0018013439985224977
0.0016631699982099235
0.004295958991860971
0.004551058998913504
0.0035977910010842606
0.0046885119954822585
0.004225985991070047
0.004679214995121583
0.003782204003073275
0.004747635000967421
0.004788543999893591
0.003316390997497365
0.004433362992131151
0.001843345002271235
0.004539817004115321
0.00501908699516207
0.0038388420070987195
0.003996955987531692
0.003983510003308766
0.0034713069908320904
0.003427422998356633
0.0035780420002993196
0.005039985990151763
0.004352557996753603
0.0030474039958789945
0.00362436099385377
0.003840335994027555
0.005147382995346561
0.004085466003743932
0.0037341209972510114
0.003925379001884721
0.004945696011418477
0.005387673998484388
0.003751464988454245
0.004107647997443564
0.004077110002981499
0.0032518569933017716
0.0038508160068886355
0.003446789996814914
0.00416146099450998
0.004214193002553657
0.0030734939937246963
0.003870222994009964
0.004255001011188142
0.0042339100036770105
0.004251083999406546
0.004958700999850407
0.0055088660010369495
0.003819606004981324
0.004234110994730145
0.0017567799950484186
0.001632150000659749
0.0017805949901230633
0.0017584830056875944
0.0037685789866372943
0.0033631700061960146
0.004372456998680718
0.004871402998105623
0.0029834519955329597
0.0034555480087874457
0.001745847999700345
0.0016139959916472435
0.0016172819887287915
0.0017347469984088093
0.0016519880009582266
0.0017297580052400008
0.002490136001142673
0.001747842994518578
0.0017739629984134808
0.0017578519909875467
0.0017606469918973744
0.0018059830035781488
0.0018307909922441468
0.004819563997443765
0.0016025630029616877
0.0043158280022908
0.004773656008183025
0.004786370001966134
0.003258589989854954
0.0038652139919577166
0.005276008989312686
0.004459261996089481
0.003211098999599926
0.0038863340014358982
0.0031697000085841864
0.003510423004627228
0.003133960999548435
0.002431172993965447
0.0022913550055818632
0.0024028980114962906
0.00826344899542164
0.004275109997252002
0.003240635007387027
0.0023877589992480353
0.0023123249993659556
0.005193731005419977
0.004534177001914941
0.004933581993100233
0.002039451996097341
0.001834007998695597
0.001687436000793241
0.0015554639976471663
0.0015850700001465157
0.0015568459930364043
0.0017344360094284639
0.0023955040087457746
0.0016157589998329058
0.0015417770046042278
0.0018241679936181754
0.0016251969937002286
0.001825851999456063
0.0016727379988878965
0.0017253089899895713
0.0018250900029670447
0.0017141480057034642
0.0017649149958742782
0.002009204006753862
0.0015927450003800914
0.0015738289948785678
0.0016304570017382503
0.0016173520125448704
0.0015586390072712675
0.0021578890009550378
0.001640456001041457
0.001656025997363031
0.001550603992654942
0.0016138950013555586
0.0015776060026837513
0.0022313599911285564
0.0016327119956258684
0.0016019920003600419
0.003991275007138029
0.004459453004528768
0.007553288000053726
0.006435532995965332
0.0016683399881003425
0.0016929169942159206
0.0015745999990031123
0.001950791003764607
0.0016456059966003522
0.0016082350048236549
0.0016021829942474142
0.00228127499576658
0.001630357000976801
0.0016252770001301542
0.0016480110061820596
0.001610018007340841
0.00169916900631506
0.001597434005816467
0.001642069997615181
0.0019571440061554313
0.001916245004395023
0.001774553005816415
0.0020919920061714947
0.0016402960027335212
0.0015844389999983832
0.0015881659928709269
0.0015931649977574125
0.0016330320067936555
0.0022639020025962964
0.0024630739935673773
0.003292766006779857
0.002818216002197005
0.003156553997541778
0.002379604004090652
0.0025391689996467903
0.0019855179998558015
0.0031797989940969273
0.0017046989960363135
0.0017025859997374937
0.001765355991665274
0.0016720759886084124
0.0075184900051681325
0.008111738003208302
0.007180733009590767
0.007028229010757059
0.008417183998972178
0.007171183999162167
0.007351239008130506
0.0018548869993537664
0.0015862019936321303
0.006830771002569236
0.0065966519905487075
0.0036815310013480484
0.0017461889947298914
0.006024896007147618
0.0031800199940335006
0.002821190995746292
0.0022317710099741817
0.0016619870002614334
0.003845015002298169
0.0037880150048295036
0.003004482001415454
0.0032625379972159863
0.00266042300791014
0.0051965159946121275
0.0052301210089353845
0.0017553270008647814
0.008081359992502257
0.017357781005557626
0.007838524004910141
0.0036410129978321493
0.00215277899405919
0.010625729002640583
0.007236479010316543
0.001615878994925879
0.00182228499033954
0.0035903270036214963
0.0038644919986836612
0.0017202690069098026
0.0018198199977632612
0.001730408999719657
0.0019169370061717927
0.0016128739953273907
0.0018271339940838516
0.0019080290076090023
0.0016066609969129786
0.0017687130020931363
0.002446181999403052
0.001880897005321458
0.0018160729960072786
0.0031644800037611276
0.002658729994436726
0.001855198002886027
0.0018868789920816198
0.0017202190065290779
0.0017731709958752617
0.002017268998315558
0.0018761690007522702
0.0017524620052427053
0.0017456379864597693
0.002391287009231746
0.0028327630134299397
0.0024428550095763057
0.0017587229958735406
0.0018817789969034493
0.0016315490065608174
0.0025407229986740276
0.003378609995706938
0.002351721006562002
0.0029292679973877966
0.0026744989881990477
0.002811661994201131
0.002801171998726204
0.0020739980100188404
0.002666694999788888
0.0023823789961170405
0.0027779980009654537
0.006034785008523613
0.0025396810087841004
0.004443051002454013
0.0028062729979865253
0.0026514659984968603
0.0030214349972084165
0.004958079007337801
0.0056142969988286495
0.002757969996309839
0.00228196699754335
0.001808639004593715
0.00816326700442005
0.0034371219953754917
0.00345958600519225
0.0022531919967150316
0.0067278740025358275
0.005786828012787737
0.0072299160092370585
0.003289518994279206
0.0029912080062786117
0.004422211990458891
0.0030855679942760617
0.0032825459929881617
0.003960767004173249
0.003353011008584872
0.0033521290024509653
0.005913352011702955
0.004236155000398867
0.004212600004393607
0.003733580990228802
0.005521580009371974
0.011791394994361326
0.00627443399571348
0.0034894129930762574
0.006864174996735528
0.007941281000967138
0.007981397997355089
0.006073137992643751
0.005183240995393135
0.005811727009131573
0.006981430007726885
0.004858298008912243
0.004835685002035461
0.006720920995576307
0.011491028999444097
0.009842999003012665
0.010354479993111454
0.004093730996828526
0.006733845992130227
0.0033496239921078086
0.0071149059949675575
0.010013045000960119
0.007823173989891075
0.005215623008552939
0.0032309669913956895
0.00814058400283102
0.007300722994841635
0.0032001669896999374
0.0036125890037510544
0.006711202004225925
0.0022533620067406446
0.004744539997773245
0.003806260006967932
0.004726635001134127
0.005116694010212086
0.002375896990997717
0.005635478999465704
0.0025077099999180064
0.006978695004363544
0.016715249003027566
0.0028413690015440807
0.003616175992647186
0.004816828004550189
0.011854045005748048
0.0065603530092630535
0.007804879001923837
0.006183920006151311
0.0027110599912703037
0.004216056011500768
0.0023438359930878505
0.0023931900068419054
0.0024392890045419335
0.002825768999173306
0.004369570000562817
0.0026286710053682327
0.0022674790088785812
0.006379925995133817
0.002762397998594679
0.0036972110101487488
0.003423326008487493
0.0026393620064482093
0.003457070008153096
0.00336008399608545
0.00286765000782907
0.0022610159940086305
0.003480555009446107
0.004085104999830946
0.002151998007320799
0.002614383993204683
0.005610601001535542
0.003682022012071684
0.0024279570061480626
0.006631800002651289
0.0034666090068640187
0.004180588002782315
0.0035836440074490383
0.005765818990767002
0.00274855199677404
0.004012866003904492
0.00696587999118492
0.007299199001863599
0.0045200289896456525
0.004604090994689614
0.00416200200561434
0.0042335899925092235
0.0033542529999976978
0.005455783000797965
0.0029482350073521957
0.003220476006390527
0.002517627988709137
0.0027615360013442114
0.004305777998524718
0.0027771769964601845
0.0019858180021401495
0.003408667995245196
0.005008877007639967
0.005268634995445609
0.002417226991383359
0.0023284359922399744
0.003010052998433821
0.004338290003943257
0.0035747660003835335
0.0024422940041404217
0.004477466995012946
0.004565716997603886
0.003776221987209283
0.001893661989015527
0.002840788001776673
0.002719505995628424
0.0036921520077157766
0.004082840008777566
0.004149529006099328
0.0021685399988200516
0.002471319996402599
0.0016868459933903068
0.006956361990887672
0.004423203004989773
0.0029011350125074387
0.0027686600078595802
0.0053320570004871115
0.0073512790113454685
0.0024860080011421815
0.004332087992224842
0.0026834370073629543
0.004681809004978277
0.011384264013031498
0.0038065609987825155
0.0029632340010721236
0.002301643995451741
0.002217393004684709
0.0024251110007753596
0.004862476009293459
0.006277899999986403
0.005541118007386103
0.004787261001183651
0.0018830109911505133
0.0032582999992882833
0.0024323749967152253
0.0039007809973554686
0.0017905440035974607
0.009315046001574956
0.002787817007629201
0.003962388989748433
0.0024713800085010007
0.0043540210026549175
0.0033235840091947466
0.002365797001402825
0.0035690450022229925
0.0046898550062906
0.0020084119896637276
0.007880755001679063
0.0018681229994399473
0.003231708993553184
0.0035633039951790124
0.005272682989016175
0.004671330010751262
0.002103264007018879
0.004365272994618863
0.0030534070101566613
0.003020303003722802
0.0021501739975064993
0.0030660310003440827
0.0023884010006440803
0.004906250003841706
0.002490697006578557
0.0020541200065054
0.0038551540055777878
0.0033406570000806823
0.001964547991519794
0.005003407000913285
0.002998451003804803
0.0023119840043364093
0.002440029988065362
0.0034931199916172773
0.005183611996471882
0.005115912004839629
0.008934896002756432
0.005692277001799084
0.004909406008664519
0.00763000400911551
0.005995008992613293
0.0037159979983698577
0.004020701002446003
0.005132644000696018
0.0025961589999496937
0.002461501004290767
0.0037108669930603355
0.002466420002747327
0.0057573130034143105
0.0043493819975992665
0.002425341008347459
0.004679443998611532
0.00387599399255123
0.0032655830000294372
0.002568756986875087
0.0026872439921135083
0.003055601002415642
0.0037357050023274496
0.0036190209939377382
0.00312348100123927
0.0057054530043387786
0.005633926004520617
0.007565259991679341
0.003152766003040597
0.0036514940002234653
0.003979461995186284
0.008968830996309407
0.003975294006522745
0.007201512999017723
0.005107504999614321
0.004446759005077183
0.004502715994021855
0.0024042610020842403
0.002396916999714449
0.004663984989747405
0.002380374993663281
0.0034230560122523457
0.0032950390013866127
0.003694304992677644
0.006759905998478644
0.0024178669991670176
0.0034498460008762777
0.0022729000047547743
0.004741634009405971
0.0021434710070025176
0.0022910139960004017
0.001932315994054079
0.0064991949911927804
0.0024121369933709502
0.002373002003878355
0.005054463996202685
0.0030528460047207773
0.002855677012121305
0.003888468010700308
0.002259582994156517
0.004038105005747639
0.006730509005137719
0.002745995996519923
0.004702007994637825
0.0030009260080987588
0.0019131189910694957
0.0037628770078299567
0.005314303009072319
0.00365077200694941
0.0017347370012430474
0.005307057988829911
0.004461567004909739
0.0026430290017742664
0.004431679000845179
0.0018879310082411394
0.001647519995458424
0.001850970002124086
0.003413457001443021
0.0022261889971559867
0.002992419002112001
0.004931047005811706
0.0037874839908909053
0.0034465710050426424
0.0039073340012691915
0.002942424005595967
0.0062666989979334176
0.0030455819942289963
0.00835975400696043
0.0021838779939571396
0.0020959499961463735
0.010583820010651834
0.003931309998733923
0.00404040000285022
0.0020613639935618266
0.005489799004863016
0.002070482005365193
0.0047113059990806505
0.0033015920053003356
0.006690822992823087
0.0025090920098591596
0.0024033390072872862
0.0036008269962621853
0.004080566999618895
0.0016832480032462627
0.0044269499921938404
0.0022285540035227314
0.004514187996392138
0.004620763007551432
0.005268363995128311
0.0024542879982618615
0.00539734199992381
0.0038653029914712533
0.0028365799953462556
0.0017527410091133788
0.004327268994529732
0.0041340989992022514
0.004536420994554646
0.0030106740014161915
0.0062183670088415965
0.0020084619900444523
0.00310350299696438
0.002562604990089312
0.0038618870021309704
0.0036177689908072352
0.002166455000406131
0.0021772970067104325
0.0033945210016099736
0.0042310450080549344
0.004931107992888428
0.004853078004089184
0.0049105180078186095
0.006364847999066114
0.005617012997390702
0.0018321840034332126
0.0021109789959155023
0.0030898570112185553
0.0036257140018278733
0.0017772989958757535
0.00696922600036487
0.0027023930015275255
0.0038370190013665706
0.002150635002180934
0.002737130009336397
0.002644741995027289
0.003049999999348074
0.003507266999804415
0.004724841011920944
0.002554027989390306
0.0021167289960430935
0.002926783010479994
0.0031035020074341446
0.0029750459943898022
0.006702595012029633
0.003419608998228796
0.004232377992593683
0.006937996004126035
0.0021359859965741634
0.0064168669923674315
0.004258216999005526
0.002844725997420028
0.015988554994692095
0.010344350012019277
0.004877405008301139
0.004877946004853584
0.004494640990742482
0.004719752003438771
0.0046262630057753995
0.004769958002725616
0.005126482996274717
0.005080945004010573
0.005107466000481509
0.005203289998462424
0.0054550830100197345
0.00480872300977353
0.004807399993296713
0.005421738998848014
0.005050035993917845
0.00514179200399667
0.0049638610071269795
0.005471012991620228
0.005335383000783622
0.00480063799477648
0.00504190000356175
0.00529814200126566
0.005141009998624213
0.005061809002654627
0.005023104007705115
0.00485300799482502
0.004809093996300362
0.004983147999155335
0.0030748569988645613
0.0033661360066616908
0.019813510996755213
0.0071249759930651635
0.007338975992752239
0.010733636998338625
0.010618465996230952
0.01207015999534633
0.01226183699327521
0.011855748991365544
0.01272363300085999
0.012690899995504878
0.012648620002437383
0.012777276002452709
0.014423533008084632
0.003731386997969821
0.0029729919915553182
0.002942602994153276
0.0032926150015555322
0.00311995399533771
0.003108863005763851
0.0030980610026745126
0.0029609890043502674
0.0027942789893131703
0.002953825009171851
0.00312018500699196
0.002776836001430638
0.0028996809996897355
0.002917184989200905
0.0028544950037030503
0.00284496700624004
0.003216568991774693
0.0028563389932969585
0.0028808150091208518
0.002893118988140486
0.0030012159986654297
0.010626061004586518
0.006213347005541436
0.004649688009521924
0.004644017011742108
0.004506683995714411
0.004719241012935527
0.005079932991066016
0.00445544499962125
0.005464521003887057
0.004864310001721606
0.004409396991832182
0.004425657985848375
0.004498257010709494
0.004215213994029909
0.004820315007236786
0.004416651005158201
0.004300197993870825
0.004279468004824594
0.004270370001904666
0.004225083001074381
0.004419806995429099
0.004374850992462598
0.004157793999183923
0.004568061005556956
0.004219342008582316
0.00492293199931737
0.004315155994845554
0.004721256002085283
0.006281617999775335
0.004674916999647394
0.004224651987897232
0.004482857999391854
0.0043293530034134164
0.004207179008517414
0.004213502004859038
0.004120993005926721
0.004795236993231811
0.0041881719953380525
0.0041364229982718825
0.007136717991670594
0.006384193999110721
0.004542212001979351
0.0045873680064687505
0.004459762989426963
0.005092346007586457
0.00592337099078577
0.010335111990571022
0.017811291007092223
0.005903482000576332
0.005777531012427062
0.005542560000321828
0.005838056997163221
0.0052792349888477474
0.005426046991487965
0.006092955998610705
0.005391960992710665
0.0058926119963871315
0.00531408199458383
0.005529084999579936
0.005305494996719062
0.005965360993286595
0.005549333000089973
0.00556774900178425
0.006866901007015258
0.005327207007212564
0.005650827995850705
0.005140048000612296
0.005245921987807378
0.005336635003914125
0.005550595000386238
0.0051073560025542974
0.005277141011902131
0.005678470988641493
0.005351694009732455
0.005705363000743091
0.005146740993950516
0.007623211000463925
0.002022629007115029
0.0019375160045456141
0.00200005600345321
0.0019770619983319193
0.0019513820006977767
0.0019379269942874089
0.0020362460054457188
0.0021936069970251992
0.0020152950019109994
0.002024532004725188
0.0020386200048960745
0.0020402230002218857
0.002076061995467171
0.002035574012552388
0.0020312359993113205
0.0022794719989178702
0.0024157330044545233
0.0022959729976719245
0.0023294179991353303
0.002270914992550388
0.0022357580019161105
0.0023564389994135126
0.0022001299948897213
0.0021496029949048534
0.0025802789896260947
0.0025477270100964233
0.0024624729994684458
0.0027132939867442474
0.0024428449978586286
0.0024423540016869083
0.0024162940098904073
0.0023798939946573228
0.002418738993583247
0.002523970993934199
0.0022901320044184104
0.002379033001489006
0.00266575301066041
0.002446763013722375
0.0024000330013222992
0.00244645299972035
0.002578405008534901
0.0025042630004463717
0.0020577270042849705
0.002045764005742967
0.002085660002194345
0.0020594899979187176
0.002050281997071579
0.002038710008491762
0.0020345119992271066
0.0020327090023783967
0.002159520998247899
0.0020894369954476133
0.001913639993290417
0.0018329849990550429
0.0019069070112891495
0.0020394510065671057
0.0035137189988745376
0.0032235830003628507
0.0022882379998918623
0.0020934649946866557
0.002017680002609268
0.005006661987863481
0.0023531530023319647
0.002144002995919436
0.0025926219968823716
0.0022888600069563836
0.0022203179978532717
0.002167686994653195
0.0021730680018663406
0.0022376819979399443
0.0025300120032625273
0.0025764519959921017
0.0026043750112876296
0.002416465009446256
0.002185731995268725
0.0022069130063755438
0.0023437549971276894
0.0024271549918921664
0.002358974001253955
0.0022783500025980175
0.0023746039951220155
0.002406636005616747
0.002222581999376416
0.0022129540011519566
0.004185248006251641
0.004250832003890537
0.00432244100375101
0.0043480390013428405
0.004197921996819787
0.004824652991374023
0.004630481009371579
0.00467613800719846
0.0049962129996856675
0.004205796009046026
0.004220333998091519
0.004596326005412266
0.0055623980006203055
0.006271669000852853
0.006276739004533738
0.006235139007912949
0.006215750996489078
0.006285494993790053
0.0064126289944397286
0.0064469049975741655
0.006232123007066548
0.006172207999043167
0.00566681899363175
0.0056631710031069815
0.006104829008108936
0.006052529002772644
0.005912359993089922
0.005181397995329462
0.004977495991624892
0.00436438100587111
0.004902162007056177
0.005185305999475531
0.005832005001138896
0.005299734999425709
0.005308670995873399
0.005355772009352222
0.005268694992992096
0.005298812000546604
0.005015308997826651
0.0048814119945745915
0.005331455002306029
0.004772001993842423
0.0059984149993397295
0.0054462249972857535
0.005531859991606325
0.007037075993139297
0.0062070639978628606
0.006200432006153278
0.006609094998566434
0.006723154001520015
0.005120221001561731
0.00532945099985227
0.005420326997409575
0.0051436950016068295
0.005445824994239956
0.004927399990265258
0.005489868999575265
0.00547069200547412
0.0050526210106909275
0.005220022008870728
0.005870067994692363
0.0054712230048608035
0.005291769004543312
0.005634788001771085
0.006040365013177507
0.00542074600525666
0.005128115997649729
0.005278233002172783
0.0051396780036157
0.0053040829952806234
0.005615469999611378
0.005601843993645161
0.005761299995356239
0.005504888002178632
0.005455082995467819
0.005472535995068029
0.005264225997962058
0.005428842996479943
0.005518043995834887
0.005468518007546663
0.0053906490065855905
0.005428843011031859
0.005557338998187333
0.005326226004399359
0.005409605000750162
0.005242796003585681
0.005420917004812509
0.005513174008228816
0.005780928011517972
0.005443208996439353
0.005111263002618216
0.004861613997491077
0.004994148999685422
0.005165978000150062
0.004837268003029749
0.005419654989964329
0.005340953008271754
0.0049491219979245216
0.004605603011441417
0.005278905009618029
0.0053635769872926176
0.004999619006412104
0.004983017002814449
0.005307188999722712
0.005227075002039783
0.005511009992915206
0.0051319029880687594
0.0051347879925742745
0.004701797995949164
0.0049633390008239076
0.004723568999907002
0.004590213997289538
0.004540569003438577
0.004763215009006672
0.00546906900126487
0.0047883140068734065
0.004703330996562727
0.0046154820010997355
0.004427471998496912
0.006213267013663426
0.007169541000621393
0.007044740996207111
0.007238282007165253
0.007059670009766705
0.0070721840020269156
0.007090819999575615
0.006821172995842062
0.006924231012817472
0.007064449004246853
0.008628148993011564
0.006629344992688857
0.004916409001452848
0.004722147001302801
0.004647613997804001
0.004968409004504792
0.004850483004702255
0.004853017991990782
0.005042331002186984
0.004558754008030519
0.00478864400065504
0.0047739670117152855
0.004839332003029995
0.004859640001086518
0.004790227001649328
0.004919135011732578
0.004827408993151039
0.004736364004202187
0.004730953995021991
0.00441904499894008
0.004706847001216374
0.004596325001330115
0.004925907996948808
0.004966395004885271
0.004589782998664305
0.005159456006367691
0.004570015007629991
0.003823703998932615
0.0035479649959597737
0.003876344009768218
0.0038806929951533675
0.003946659009670839
0.003935458007617854
0.003749552008230239
0.0038318099977914244
0.0042078099941136315
0.004069233997142874
0.00396589600131847
0.004040027997689322
0.004084665008122101
0.003776864003157243
0.0037341510033002123
0.003858670999761671
0.0038822159986011684
0.003869292006129399
0.003975004001404159
0.004090914997505024
0.0046391170035349205
0.00385895099316258
0.0040416820120299235
0.0042151640082011
0.0037998879997758195
0.004132645990466699
0.003882846998749301
0.003973982005845755
0.006251990998862311
0.008231137006077915
0.007959154987474903
0.0031832450040383264
0.0033170220121974126
0.005284917002427392
0.004440436998265795
0.004943772000842728
0.005937777998042293
0.005984006988001056
0.005200804997002706
0.0062193580088205636
0.004270760997314937
0.006558037988725118
0.007003551989328116
0.005455924998386763
0.004833981991396286
0.004984279003110714
0.009260891994927078
0.005390849008108489
0.0080963590007741
0.0064869109919527546
0.011306494998279959
0.010497463998035528
0.0048439000092912465
0.003078034002101049
0.00519737800641451
0.006316485014394857
0.00599048899312038
0.005273324000881985
0.004035168996779248
0.0032949390006251633
0.0052272449975134805
0.00774372200248763
0.0031031220132717863
0.009476384992012754
0.005091055005323142
0.003958030996727757
0.0056377430009888485
0.006582856003660709
0.002971388996229507
0.007522116997279227
0.0034161119983764365
0.012257289010449313
0.005213929995079525
0.01242985000135377
0.00585584100917913
0.0036842559929937124
0.005679633002728224
0.005225112006883137
0.008557363005820662
0.004566597999655642
0.0028339359996607527
0.006736480005201884
0.008088674003374763
0.005716614003176801
0.003393799008335918
0.0037732670025434345
0.008275672007584944
0.012847831996623427
0.0051597659912658855
0.011870886999531649
0.008794868001132272
0.007944397002574988
0.004089102003490552
0.0051433649932732806
0.005575022005359642
0.007931582993478514
0.006388642999809235
0.005806636996567249
0.0076879050029674545
0.003957630004151724
0.005496501995366998
0.002362952000112273
0.004733949012006633
0.007897946998127736
0.0033625700016273186
0.006699488993035629
0.00442122999811545
0.012057965999701992
0.0067783000122290105
0.004349762995843776
0.004684854997321963
0.00583524200192187
0.00245701200037729
0.0035029580030823126
0.004652231989894062
0.0031351340003311634
0.005076917004771531
0.004442170000402257
0.006407068998669274
0.0035990120086353272
0.004473439999856055
0.004184877005172893
0.01836449200345669
0.008171392997610383
0.006795973997213878
0.009718569999677129
0.0029253399989102036
0.003682962997118011
0.004687189997639507
0.005698319000657648
0.004335365010774694
0.004983979000826366
0.005104851006763056
0.0030513120000250638
0.005169424999621697
0.006861991001642309
0.01054211899463553
0.0029949839954497293
0.00708083099743817
0.006728936001309194
0.004976434007403441
0.004244580995873548
0.003807182001764886
0.004194384993752465
0.004614370001945645
0.002647608009283431
0.00403031001042109
0.00498608298948966
0.0033364989940309897
0.0034473519917810336
0.005290407003485598
0.0037079720059409738
0.010327948009944521
0.00451141300436575
0.004638655998860486
0.007867449996410869
0.004209303006064147
0.0037758920079795644
0.0034333750081714243
0.004918163002002984
0.010469569999258965
0.003881894997903146
0.0053486280085053295
0.01027531799627468
0.005075503999250941
0.004686268002842553
0.0044822170020779595
0.004948401008732617
0.004953830997692421
0.010076065009343438
0.005051608997746371
0.0031833249959163368
0.00764424201042857
0.00457580600050278
0.006785935009247623
0.003162556007737294
0.005245119988103397
0.012149702000897378
0.0035649470082717016
0.011056766990805045
0.004315807003877126
0.0038291749951895326
0.007145173993194476
0.005698439999832772
0.006281196998315863
0.010731272006523795
0.00431021599797532
0.0030812299955869094
0.004888325012871064
0.004680867001297884
0.009789125004317611
0.0035283369943499565
0.010268595011439174
0.004527031996985897
0.004689864988904446
0.012920951005071402
0.012546263009426184
0.004214663989841938
0.0055552749981870875
0.005038924005930312
0.004996052011847496
0.004531571001280099
0.0054227399959927425
0.005866662002517842
0.007585799001390114
0.005701946007320657
0.004443452009581961
0.004281761997845024
0.003570899003534578
0.005171689001144841
0.004361875005997717
0.004570035001961514
0.004931447998387739
0.0029995429940754548
0.0045080159907229245
0.006504144010250457
0.003914236993296072
0.003871374996379018
0.004170578002231196
0.007833023002604023
0.005629656996461563
0.004070547001902014
0.004433563997736201
0.008158387005096301
0.003619491995777935
0.003277096009696834
0.007216921003418975
0.005900497009861283
0.0029323440103325993
0.009446046999073587
0.002316472993697971
0.00922348999301903
0.005312740002409555
0.007408488992950879
0.0023919480008771643
0.004839963003178127
0.010454681003466249
0.011379835996194743
0.004300567990867421
0.0026928550068987533
0.004718500000308268
0.004852345999097452
0.002648809997481294
0.009344031001091935
0.010197968993452378
0.004973358998540789
0.0031283499993151054
0.0058413330116309226
0.005598137009656057
0.010141721009858884
0.0063182979938574135
0.010734227995271794
0.011765374991227873
0.0052774419891647995
0.004411079993587919
0.00357520800025668
0.0037712530029239133
0.0044946599955437705
0.004166571001405828
0.0038588809984503314
0.006283031005295925
0.005233347008470446
0.004934092998155393
0.010952697004540823
0.004901410997263156
0.007251918999827467
0.0019180779927410185
0.009276312004658394
0.0032074310001917183
0.002063117004581727
0.002001920001930557
0.0032352740090573207
0.0024664000084158033
0.007482832006644458
0.004096206001122482
0.009288745000958443
0.0064743870025267825
0.007640964991878718
0.0037829549983143806
0.003483221007627435
0.008124683008645661
0.007472221011994407
0.003624381002737209
0.004592298006173223
0.0039002499979687855
0.01700282099773176
0.006870757992146537
0.005610138992778957
0.003697430991451256
0.00786155799869448
0.003845284998533316
0.0038351550028892234
0.005934952991083264
0.0036733150045620278
0.004424144994118251
0.002513940999051556
0.014343189002829604
0.007231720010167919
0.007775984006002545
0.007806381006957963
0.0038294039986794814
0.00462824699934572
0.007638248993316665
0.006923039007233456
0.004665187007049099
0.0039080450078472495
0.003675619009300135
0.009604930994100869
0.004005852999398485
0.004731143999379128
0.011294633004581556
0.0058646580000640824
0.005944221004028805
0.004383617997518741
0.005311947999871336
0.006294050996075384
0.0035153729986632243
0.0028670290048466995
0.004003097012173384
0.005205063003813848
0.006123544997535646
0.011138041998492554
0.009697559988126159
0.008831839004415087
0.011481289999210276
0.0039022150012897328
0.004735852999147028
0.008151985006406903
0.00837451100233011
0.00223011699563358
0.010567939010798
0.0038845310045871884
0.002804860007017851
0.0034760269918479025
0.005268394001177512
0.003597279006498866
0.004839521992835216
0.004907301990897395
0.003571549998014234
0.003548875989508815
0.004993337002815679
0.003491818002657965
0.008154119001119398
0.008122579005430453
0.006683668005280197
0.0037916120054433122
0.011616689997026697
0.003651524006272666
0.003668325996841304
0.006827454999438487
0.004470313011552207
0.003716588005772792
0.006570362005732022
0.004736704999231733
0.00602109800092876
0.007602010009577498
0.0047309740039054304
0.005497794001712464
0.004493990010814741
0.012046834992361255
0.0057712489942787215
0.004513036008575
0.0029894030012656003
0.002514742998755537
0.005781948988442309
0.004117246993700974
0.004663895000703633
0.007206851994851604
0.0037178900092840195
0.004982276004739106
0.011244616005569696
0.004045369001687504
0.00511467999604065
0.00313020299654454
0.007991275997483172
0.004979580990038812
0.005065955992904492
0.009499148989561945
0.003320058007375337
0.004550516998278908
0.006208727994817309
0.007291073998203501
0.005750729003921151
0.004167873994447291
0.012735194992274046
0.004310167001676746
0.005351212996174581
0.003943764007999562
0.01031267900543753
0.004935735996696167
0.00448631499602925
0.004988026994396932
0.004925566987367347
0.002767778991255909
0.003581117998692207
0.004719951990409754
0.011028121007257141
0.008190128006390296
0.0069363039947347715
0.005397120999987237
0.00360733900743071
0.004239652000251226
0.0031421559979207814
0.007857479999074712
0.0029786829982185736
0.004517784997005947
0.004241475005983375
0.004918532998999581
0.006967804001760669
0.0038057790079619735
0.004055889003211632
0.0022164399997564033
0.004085114996996708
0.0043657729984261096
0.0038783579948358238
0.004401892991154455
0.004113578994292766
0.005338218994438648
0.002146386992535554
0.0031040729954838753
0.002382128994213417
0.005401168993557803
0.00827570300316438
0.0034215820051031187
0.004653073992813006
0.006832544997450896
0.005642611999064684
0.006558317996677943
0.0076893779914826155
0.003845275001367554
0.006142800993984565
0.0035159039980499074
0.0026857009943341836
0.004813671999727376
0.002005927002755925
0.004134570001042448
0.0037869230000069365
0.006399905003490858
0.006007282005157322
0.004403395010740496
0.00933888100553304
0.00673342400114052
0.00918582700251136
0.00737770099658519
0.026438557004439645
0.005781208004918881
0.004811018006876111
0.004505861987126991
0.005133526006829925
0.004636331999790855
0.004691798996645957
0.00411153600725811
0.004848418990150094
0.004123519000131637
0.0040547770040575415
0.004624840003089048
0.004205014993203804
0.004758055001730099
0.003979271990829147
0.004160890995990485
0.004525480006122962
0.009615021001081914
0.009468370000831783
0.009664195007644594
0.009822929001529701
0.0038273009995464236
0.003607388003729284
0.003697590989759192
0.004271662008250132
0.0031890859972918406
0.0030081900040386245
0.003397787004359998
0.0035806180094368756
0.005330033003701828
0.004074895987287164
0.004277633997844532
0.004225895012496039
0.0045265920052770525
0.0044472800072981045
0.004353719996288419
0.004147895990172401
0.004560065994155593
0.004456306996871717
0.005192890006583184
0.004511102000833489
0.004927210000460036
0.004806056997040287
0.004280389999621548
0.004198010996333323
0.004499069007579237
0.004577528990921564
0.004815264997887425
0.004937179008265957
0.005085993994725868
0.004644878004910424
0.004999898999813013
0.00470777899317909
0.005023114004870877
0.004814713989617303
0.005231031987932511
0.004929534989059903
0.005057540009147488
0.004852035999647342
0.004954070987878367
0.005002022997359745
0.0048782559897517785
0.0047802780027268454
0.005255338997812942
0.004763375996844843
0.0048030519974417984
0.004837408007006161
0.004097447992535308
0.004442681005457416
0.004975421994458884
0.004369649992440827
0.00436951000301633
0.004566988995065913
0.004948911999235861
0.004536280990578234
0.004333631004556082
0.004540829002507962
0.004508145997533575
0.004750792009872384
0.004380842001410201
0.004744510006275959
0.004657222991227172
0.004566106988932006
0.004170068001258187
0.0049251059972448274
0.004552201004116796
0.004866784001933411
0.004330315001425333
0.004828129996894859
0.004580324006383307
0.004325435002101585
0.00454449700191617
0.004717506992164999
0.004718069001683034
0.004474151006434113
0.00451682299899403
0.0049306769942631945
0.004687770997406915
0.0044992600014666095
0.004647954003303312
0.005151419987669215
0.0045336860057432204
0.0047706799959996715
0.0045181449968367815
0.005260719990474172
0.004672511000535451
0.004355983997811563
0.0047665919992141426
0.0045002510014455765
0.005051557993283495
0.00455217101261951
0.004862606001552194
0.005259657991700806
0.009499148989561945
0.010222404991509393
0.010514595996937715
0.004018747989903204
0.004091057009645738
0.003727458999492228
0.003180469007929787
0.003086469994741492
0.0032499639928573743
0.0049845000030472875
0.005190474999835715
0.0048294019943568856
0.004371734001324512
0.0050509580032667145
0.004978368000593036
0.004664806998334825
0.004327339993324131
0.004919896004139446
0.004647613997804001
0.004668534005759284
0.0043814239907078445
0.004973148999852128
0.005122304006363265
0.004847656993661076
0.00505572599649895
0.004872624995186925
0.005176849008421414
0.005338128001312725
0.005270309004117735
0.005209300987189636
0.004848419004702009
0.005378335001296364
0.0053640380065189674
0.005027502993470989
0.004736224000225775
0.005279135002638213
0.005100301990751177
0.0055955519928829744
0.010714468997321092
0.005385258002206683
0.004310927994083613
0.004777602996909991
0.005067158999736421
0.005117043998325244
0.0047227780014509335
0.004810928003280424
0.005769255003542639
0.005233257004874758
0.004762444994412363
0.005668180994689465
0.004974380994099192
0.005219219994614832
0.00500405699131079
0.005034686008002609
0.00479000699124299
0.005027332008467056
0.004671841001254506
0.004900959000224248
0.00462191499536857
0.004631161995348521
0.004488979000598192
0.004646271001547575
0.004578441992634907
0.004408855995279737
0.0051680020114872605
0.0044390439870767295
0.004867094001383521
0.004365764005342498
0.004943391002598219
0.004420858997036703
0.004295609003747813
0.0044060109939891845
0.004215435008518398
0.0051890220056520775
0.0048977739934343845
0.004162684010225348
0.004771660998812877
0.0050305889890296385
0.004814574000192806
0.0048330800054827705
0.004812219005543739
0.004755299989483319
0.004679955993196927
0.004759247996844351
0.004783544995007105
0.005317699004081078
0.004553963997750543
0.004446428007213399
0.004984849991160445
0.010131792005267926
0.01034545199945569
0.003886252990923822
0.00398875999962911
0.004774708009790629
0.0044958729995414615
0.004459001997020096
0.0045178449945524335
0.0049803919973783195
0.004827589000342414
0.0046271040046121925
0.003953802995965816
0.0044536920031532645
0.00466254199272953
0.0048938560066744685
0.005125178999151103
0.004849912002100609
0.004909124996629544
0.005628956001601182
0.005215131997829303
0.005311567001626827
0.004973067989340052
0.005340713003533892
0.004908183997031301
0.0050102800014428794
0.00518512399867177
0.004525440002907999
0.004827297991141677
0.004540458001429215
0.00458234800316859
0.004587709001498297
0.004988847998902202
0.004520779999438673
0.004515809996519238
0.00442027801182121
0.00463759400008712
0.004459884003154002
0.004279497006791644
0.004710755005362444
0.004873066995060071
0.004828980992897414
0.004398616001708433
0.004380151003715582
0.00407729999278672
0.004779135997523554
0.004067100002430379
0.003860463999444619
0.00450191501295194
0.004590776006807573
0.00490449600329157
0.00428843499685172
0.004154187990934588
0.004439263997483067
0.00946042400028091
0.004486143996473402
0.004891000993666239
0.004807930992683396
0.004359301005024463
0.005115210995427333
0.004467938997549936
0.004918201986583881
0.004384649990242906
0.004659998012357391
0.004841695990762673
0.003807072003837675
0.004616553997038864
0.004233059007674456
0.004511373001150787
0.003978239998104982
0.004462058001081459
0.004253067003446631
0.004361255007097498
0.005011551998904906
0.0046320140099851415
0.004396923002786934
0.00477108100312762
0.005069142003776506
0.004774786997586489
0.004748235995066352
0.005204631990636699
0.005191527001443319
0.004537542990874499
0.005201325999223627
0.004159276999416761
0.004919175000395626
0.005154747006599791
0.0045915859955130145
0.004601025008014403
0.004446588005521335
0.004492756997933611
0.004448020990821533
0.004152773995883763
0.004458982002688572
0.004117115997360088
0.004374519994598813
0.0045392759930109605
0.004875770988292061
0.004301469991332851
0.005120850997627713
0.00440820399671793
0.00473292799142655
0.00469114699808415
0.004473118999158032
0.004988518005120568
0.0031707010057289153
0.0031733659998280928
0.004383296996820718
0.004449212996405549
0.004482527001528069
0.004757503993459977
0.004661719998694025
0.004818371991859749
0.0011341460049152374
0.0010875760053750128
0.001061705988831818
0.0010371090029366314
0.0009543500054860488
0.0009214669989887625
0.004489540006034076
0.004781249997904524
0.00453749300504569
0.004640950995963067
0.004440687000169419
0.004730292013846338
0.004367125991848297
0.003360065005836077
0.004649406997486949
0.003995293009211309
0.004646430999855511
0.004151332002948038
0.0043769449985120445
0.004635891003999859
0.00470309000229463
0.0050914759922306985
0.00492785099777393
0.004502516007050872
0.005115451000165194
0.004890971002168953
0.004470152998692356
0.004564885006402619
0.005110963000333868
0.0050919460045406595
0.0047974910121411085
0.005209320996073075
0.004782803007401526
0.004963931001839228
0.004860482004005462
0.0064360140095232055
0.005348728998797014
0.005398413006332703
0.004478620001464151
0.0024144799972418696
0.019658123012050055
0.008310870005516335
0.007424599985824898
0.006270256009884179
0.005100783004309051
0.0032837979961186647
0.006188348997966386
0.0072417289920849726
0.005014487003791146
0.004274238002835773
0.0038083239924162626
0.006238674992346205
0.016076173007604666
0.004770239000208676
0.0038802530034445226
0.005805355001939461
0.015560883999569342
0.0057929899921873584
0.006489857012638822
0.004932178999297321
0.004615653000655584
0.004869900003541261
0.006287348995101638
0.008178595991921611
0.002804810006637126
0.004895128993666731
0.005872922993148677
0.004637725010979921
0.0028409990045474842
0.006557115993928164
0.0028309399931458756
0.0046132579882396385
0.004762243988807313
0.008210157000576146
0.004810926999198273
0.0031824830075493082
0.005640046991175041
0.005276539988699369
0.0054651719983667135
0.004867595998803154
0.007615485999849625
0.004267715004971251
0.009007566011860035
0.006339328989270143
0.005758835002779961
0.005180626001674682
0.006373294003424235
0.005831514994497411
0.015314221003791317
0.002617531004943885
0.014901500006089918
0.004871483004535548
0.0036574340047081932
0.008432682996499352
0.00437774600868579
0.015727403995697387
0.007053617999190465
0.0049297450023004785
0.007708535005804151
0.004291541001293808
0.004624038003385067
0.003993128004367463
0.0034340459969826043
0.006689699992421083
0.006515165005112067
0.006329830008326098
0.004390892005176283
0.004541150003205985
0.004680236001149751
0.004470814004889689
0.0021579090098384768
0.002669580004294403
0.00386057399737183
0.004694463001214899
0.015320584003347903
0.00420862200553529
0.007943554999656044
0.005645448007271625
0.006246870994800702
0.006532357991090976
0.004879960004473105
0.006414522998966277
0.003526101994793862
0.003613990993471816
0.005028664993005805
0.0041542980034137145
0.006185031990753487
0.0058066359924850985
0.004922741994960234
0.006536285989568569
0.004561408000881784
0.00467379399924539
0.00530784999136813
0.004225575001328252
0.004844972005230375
0.004154206995735876
0.007486718997824937
0.005529675996513106
0.00389756599906832
0.004624549008440226
0.0045096789981471375
0.004304145011701621
0.003018117989995517
0.00481840199790895
0.0037622349918819964
0.015068920998601243
0.00401262599916663
0.0034496260050218552
0.0066748919925885275
0.005014558002585545
0.005028213010518812
0.006241440991288982
0.0027286130061838776
0.00402997899800539
0.006424642007914372
0.016870596999069676
0.015158622991293669
0.005499958002474159
0.00685527799942065
0.006381408995366655
0.009229321003658697
0.007690298996749334
0.006237041990971193
0.006602513007237576
0.003046401994652115
0.004557591004413553
0.004117126998608001
0.0044456559990067035
0.006000478999339975
0.005495058998349123
0.0031286400044336915
0.01465721100976225
0.005050646999734454
0.006714208007906564
0.0037292829947546124
0.0028654549969360232
0.006398551995516755
0.0071717050013830885
0.01544437199481763
0.005195183010073379
0.005344160003005527
0.004657954006688669
0.002686783001990989
0.0075066270073875785
0.005130630001076497
0.003903456003172323
0.002987340005347505
0.0065132519957842305
0.006751679989974946
0.004572459001792595
0.0026783970097312704
0.004802149996976368
0.0039135350089054555
0.015700442003435455
0.005514447009772994
0.006971972004976124
0.015553069999441504
0.0070972919929772615
0.003020253003342077
0.006709759007208049
0.005329752006218769
0.005564412000239827
0.00439311598893255
0.015242604000377469
0.004101826998521574
0.002618572994833812
0.005312469002092257
0.00560255600430537
0.018069365993142128
0.005376412009354681
0.004674575000535697
0.006267952005146071
0.00371472499682568
0.00485614400531631
0.008186922001186758
0.005147812989889644
0.006159081996884197
0.01568194701394532
0.004200164999929257
0.005054774999734946
0.004335235003964044
0.0028899129974888638
0.006172549008624628
0.0042604010086506605
0.004327650007326156
0.00864031100354623
0.008239512011641636
0.006821622999268584
0.005301847995724529
0.004426790997968055
0.005384807998780161
0.004993067006580532
0.003171292002662085
0.004054737000842579
0.0026716339925769717
0.016837192000821233
0.00451695300580468
0.006598085004952736
0.007510936004109681
0.0033877069945447147
0.008818373011308722
0.0065326790063409135
0.015086804996826686
0.004158796000410803
0.005283432998112403
0.0046861779992468655
0.0032177319953916594
0.005016530994907953
0.005562648002523929
0.005713557999115437
0.005987283002468757
0.006027891009580344
0.007054350004182197
0.005812297007651068
0.007299179007532075
0.005340342002455145
0.0069603599986294284
0.005956474007689394
0.00500266499875579
0.00587916599761229
0.007576562013127841
0.005167551003978588
0.005546968997805379
0.0034026259963866323
0.006881898996653035
0.004524296993622556
0.008561078997445293
0.007627878992934711
0.005233827992924489
0.004478037997614592
0.007574788003694266
0.0056134760088752955
0.004736693997983821
0.00735107900982257
0.00673234200803563
0.004734410002129152
0.008432262009591796
0.006968595000216737
0.008248711004853249
0.005441957997391
0.007547525005065836
0.006050333991879597
0.004889588002697565
0.01731349701003637
0.005834509996930137
0.005723426991607994
0.0038367480010492727
0.007098715010215528
0.01996336800220888
0.004887815011898056
0.004897202001302503
0.007030594002571888
0.006796244997531176
0.004347447989857756
0.007241087005240843
0.0067803040001308545
0.004512434999924153
0.006237362991669215
0.006709717999910936
0.005543521998333745
0.002859765008906834
0.007180151005741209
0.0048371869925176725
0.016450430994154885
0.0038473689928650856
0.015250209005898796
0.00603196800511796
0.004241293994709849
0.005143475005752407
0.004949252994265407
0.004417282005306333
0.004905958994640969
0.007328905994654633
0.005806866989587434
0.006722602993249893
0.00714753799547907
0.004007625990197994
0.002284971997141838
0.005136832012794912
0.004520720001892187
0.016871147992787883
0.014370030999998562
0.005715071005397476
0.006274252998991869
0.007291645000805147
0.005672489001881331
0.006690392008749768
0.008368299997528084
0.006729055006871931
0.0028394260007189587
0.005079601993202232
0.00602393300505355
0.004826777003472671
0.004061781000928022
0.01919983398693148
0.007970125996507704
0.004770129002281465
0.008685317996423692
0.006875677005155012
0.008769128995481879
0.016898379995836876
0.003590695996535942
0.0041896460024872795
0.004880280001088977
0.007521765990532003
0.0043242539977654815
0.004625371002475731
0.007648048005648889
0.0068394269910641015
0.004279918008251116
0.004074254000443034
0.004637965001165867
0.0027807529986603186
0.005453249003039673
0.005971612990833819
0.0066271709947614
0.007343966004555114
0.005472937002195977
0.014315075997728854
0.0050819859898183495
0.0047677039983682334
0.00484239800425712
0.005526168999494985
0.005053522007074207
0.004983496997738257
0.003820678000920452
0.009067830993444659
0.007919969997601584
0.007125646996428259
0.005138976004673168
0.006495067005744204
0.004901270993286744
0.01224530499894172
0.0057334760058438405
0.01785458299855236
0.004512875006184913
0.004257104999851435
0.007289941000635736
0.007002530008321628
0.0042225490033160895
0.007905542996013537
0.004484912002226338
0.004610351999872364
0.0084577219968196
0.004543483999441378
0.006109617010224611
0.006048650000593625
0.007646666010259651
0.010082858003443107