0.010711883995099925
0.010879706998821348
0.01172486699942965
0.011525784997502342
0.010854819003725424
0.010839177994057536
0.010217635994195007
0.01112535799620673
0.010619066000799648
0.011036256997613236
0.01177089600241743
0.011880425998242572
0.010950722004054114
0.010955681995255873
0.011019553989171982
0.011280514998361468
0.011022509992471896
0.011695260007400066
0.011625626997556537
0.01097655200283043
0.010954860001220368
0.010927357012405992
0.010942095992504619
0.010912890007602982
0.012576811001054011
0.01156720399740152
0.011659933006740175
0.01156480000645388
0.011444970004959032
0.011730507991160266
0.011435552994953468
0.011386687998310663
0.011654642992652953
0.011981659001321532
0.01160180100123398
0.010682427004212514
0.010825592995388433
0.01070791699748952
0.010761790006654337
0.012108723007258959
0.0106514579965733
0.010466263003763743
0.010783821999211796
0.010200852993875742
0.010368535993620753
0.006596781997359358
0.005828458000905812
0.005863776998012327
0.009836504992563277
0.009614149006665684
0.010632811987306923
0.011617390991887078
0.011820359999546781
0.011731949998647906
0.010984227003064007
0.013152454994269647
0.011171746999025345
0.011358885007211939
0.011541715997736901
0.011333857008139603
0.011219027001061477
0.011887789005413651
0.011906515996088274
0.010543752010562457
0.012134563003201038
0.011254215001827106
0.011785995011450723
0.011612771995714866
0.011367161001544446
0.010521539006731473
0.01086903500254266
0.010422638995805755
0.011340338998707011
0.010589760000584647
0.011134554995805956
0.010763021986349486
0.010718827994423918
0.010933738987660035
0.010994115000357851
0.010872673010453582
0.011453086000983603
0.010567386998445727
0.010923118999926373
0.01073505901149474
0.011219508000067435
0.010683830012567341
0.011036386000341736
0.010399676000815816
0.010997952995239757
0.01031728800444398
0.010451584996189922
0.009840703991358168
0.01086393601144664
0.011289602000033483
0.003909909006324597
0.0030439679976552725
0.0027302859962219372
0.0028641829994739965
0.002669149005669169
0.015117293005459942
0.017738391004968435
0.021508461009943858
0.032118720992002636
0.03053542401175946
0.034810162003850564
0.03458937800314743
0.0318082140001934
0.033584402000997216
0.003283357000327669
0.003580807999242097
0.003196669989847578
0.002893850003601983
0.002777788002276793
0.0031455330026801676
0.006411326990928501
0.020256489005987532
0.014796547999139875
0.016264253004919738
0.0023052320029819384
0.0019571939919842407
0.0019625740096671507
0.003005974998814054
0.0021343139960663393
0.001914341002702713
0.00494471300044097
0.016487621003761888
0.003940827999031171
0.0035480139922583476
0.0023448470019502565
0.002295231999596581
0.0023953039926709607
0.0026740190078271553
0.0034871579991886392
0.002906715002609417
0.002773019004962407
0.002649180998560041
0.0031724540021969005
0.00251911100349389
0.0031071699922904372
0.002800239992211573
0.00247858400689438
0.002307194998138584
0.002152387998648919
0.0023191380023490638
0.003212630996131338
0.0031150739960139617
0.0019677340023918077
0.0029959160019643605
0.0032514759950572625
0.003396133004571311
0.003940918002626859
0.0034930599940707907
0.003812932991422713
0.003540701000019908
0.0031314660009229556
0.003710596007294953
0.0026579469995340332
0.0023858859931351617
0.0027137639990542084
0.003107509997789748
0.003327451995573938
0.0038583600107813254
0.0037818440032424405
0.0034877790021710098
0.005007773987017572
0.0038944789994275197
0.0037056059954920784
0.003914576998795383
0.004364570995676331
0.003923583994037472
0.0038602929998887703
0.0037648010038537905
0.005042611010139808
0.004004750997410156
0.00383070700627286
0.003745773996342905
0.004844761991989799
0.0037182409869274125
0.003629039987572469
0.0037633079919032753
0.00461702499887906
0.004057411992107518
0.002082934995996766
0.01653086399892345
0.0145065219985554
0.016197705001104623
0.0024882220022846013
0.013884187996154651
0.005895767011679709
0.0034938309981953353
0.017977349009015597
0.002706030005356297
0.0023062029940774664
0.01181414800521452
0.0023143690050346777
0.013155441003618762
0.012212011992232874
0.005398202993092127
0.0038424090016633272
0.004785687997355126
0.008002118003787473
0.012554236993310042
0.01286505299503915
0.004222357994876802
0.005128406002768315
0.01498757500667125
0.006019263993948698
0.007248752997838892
0.010292450009728782
0.003128249998553656
0.022631233994616196
0.01275967201218009
0.015998483999283053
0.015384845988592133
0.003816750002442859
0.009477396990405396
0.005885767997824587
0.0014980639971327037
0.0017303489876212552
0.010744586994405836
0.010744978004368022
0.004156210998189636
0.003116006002528593
0.008948312010033987
0.00404354500642512
0.010687998990761116
0.0018989119998877868
0.0182673540111864
0.008804546989267692
0.014716093995957635
0.0027025430026696995
0.008854202009388246
0.011422968003898859
0.014102345987339504
0.019519285997375846
0.0028624090045923367
0.002888028000597842
0.009131924001849256
0.001741068990668282
0.011019994999514893
0.015801945992279798
0.0085697160102427
0.0030559909937437624
0.0016990889998851344
0.009287061999202706
0.001993753990973346
0.01577770999574568
0.0037018600123701617
0.003202523002983071
0.002869003001251258
0.0023607170005561784
0.004218930989736691
0.006433358998037875
0.00189831099123694
0.004786940990015864
0.0020262360048945993
0.008825676995911635
0.005339791008736938
0.0021249959972919896
0.002798678004182875
0.014472075999947265
0.01284942400525324
0.011707063007634133
0.0026145449955947697
0.006580279994523153
0.008929535004426725
0.005844819999765605
0.011518471001181751
0.004724500002339482
0.001792266994016245
0.009585273000993766
0.006110598988016136
0.012371396995149553
0.0021745710109826177
0.007140485002310015
0.001698727995972149
0.0017157410038635135
0.01908628598903306
0.003245544998208061
0.0015854000084800646
0.0017048200097633526
0.015387853010906838
0.0032953609916148707
0.010295355998096056
0.013179005996789783
0.002511066006263718
0.0016711350035620853
0.00854839499515947
0.002868431998649612
0.0017679209995549172
0.001501049002399668
0.0023125050065573305
0.0024363219999941066
0.005770928008132614
0.005394716004957445
0.011114135006209835
0.003351587991346605
0.00866095100354869
0.004273836995707825
0.0018678420019568875
0.00219268498767633
0.004581607005093247
0.0016556360060349107
0.0015778660017531365
0.0019528160046320409
0.028303843006142415
0.015736882007331587
0.015955882001435384
0.0029668500064872205
0.0018435359961586073
0.0016495140007464215
0.010924322006758302
0.003055110006243922
0.0058938840084010735
0.002553618003730662
0.01075397500244435
0.0022173129982547835
0.015387652005301788
0.009790016003535129
0.007343573990510777
0.0055623590014874935
0.0023097499943105504
0.004782261996297166
0.002392648995737545
0.009280608996050432
0.011411767001845874
0.01682895600970369
0.006897016995935701
0.00482422299683094
0.001771066992660053
0.005662419993313961
0.006742191006196663
0.002686412990442477
0.0067754050105577335
0.0027266789984423667
0.00825024300138466
0.004995370996766724
0.002325819994439371
0.005172770994249731
0.0063670609961263835
0.011496929000713862
0.01009595200594049
0.0022014619898982346
0.003406352989259176
0.01632562099257484
0.01177540399658028
0.0029973890050314367
0.010391089002951048
0.005917999995290302
0.0016657650121487677
0.0024860169942257926
0.005567968997638673
0.004847236006753519
0.009338320000097156
0.002973151989863254
0.0023309300013352185
0.0036908189940731972
0.002599554994958453
0.006790264000301249
0.008724352999706753
0.008696878998307511
0.011130938000860624
0.006567846008692868
0.012646764997043647
0.0008987640030682087
0.0021599029860226437
0.0010284830059390515
0.000955112001975067
0.002131387998815626
0.002273260004585609
0.002028050002991222
1.1691998224705458e-05
0.0015128710074350238
0.01168832699477207
0.005980971007375047
0.005890226995688863
0.003265764011302963
0.005344980992958881
0.0016792410024208948
0.0017150400090031326
0.0017550360062159598
0.0016168500005733222
0.0023859649954829365
0.00207489900640212
0.0020584079902619123
0.00217728600546252
0.0026781159976962954
0.0022107900003902614
0.002194187996792607
0.002101089005009271
0.002345318003790453
0.0022496849996969104
0.0021042760054115206
0.011225568989175372
0.001631159000680782
0.002374153002165258
0.0018399089894955978
0.0030487370095215738
0.0017341150087304413
0.001739686995279044
0.001857402006862685
0.002359404999879189
0.0019217859953641891
0.0016317400004481897
0.0012403889995766804
0.0011437630018917844
0.00164736999431625
0.002137891002348624
0.0019524349918356165
0.0021183630015002564
0.002173448010580614
0.002726339007494971
0.002209578000474721
0.003331419007736258
0.0016483309882460162
0.0010296039981767535
0.001326073004747741
0.0010413279960630462
0.001116069994168356
0.0011128940095659345
0.001095861996873282
0.001323598000453785
0.001161127001978457
0.0010718150006141514
0.0011930180044146255
0.0013766000047326088
0.0012301899987505749
0.002201170995249413
0.0021036539983469993
0.002110767993144691
0.002482951997080818
0.0021761240059277043
0.0022118519991636276
0.002401205012574792
0.002379513010964729
0.0021687200060114264
0.0012411810021148995
0.0016153879987541586
0.003399428998818621
0.0051376640039961785
0.002814578008837998
0.010176137002417818
0.011149793994263746
0.009838218000368215
0.010037870990345255
0.001037189009366557
0.0010781079909065738
0.001358925990643911
0.009052893001353368
0.002969334993395023
0.006711451002047397
0.002768769991234876
0.002731358996243216
0.002633099997183308
0.007429117991705425
0.0025549310084898025
0.0018275350012117997
0.0011214209953323007
0.009414596002898179
0.009478378997300752
0.00782013799471315
0.012421804000041448
0.011708845995599404
0.013121556010446511
0.013110545012750663
0.011684219003655016
0.011975378001807258
0.012351127996225841
0.010276228000293486
0.01277239600312896
0.013108200000715442
0.012640843997360207
0.011781045002862811
0.01099328399868682
0.01214533401071094
0.012499371994636022
0.012133580996305682
0.011852812007418834
0.011581441998714581
0.011694318003719673
0.011414300999604166
0.011669961997540668
0.01115530400420539
0.004328141003497876
0.008872906997567043
0.004183283992460929
0.009212078002747148
0.004042101994855329
0.009164625997073017
0.011587062996113673
0.011575391006772406
0.010630347998812795
0.001986839997698553
0.001686595001956448
0.0015539999876637012
0.0017474309861427173
0.0015326499997172505
0.008012546997633763
0.010348306997912005
0.008746174004045315
0.010543069991399534
0.008780600997852162
0.00942292099352926
0.00856204199953936
0.009582568003679626
0.009313472008216195
0.008125413995003328
0.008703471990884282
0.0019464029901428148
0.01016876300855074
0.00956405300530605
0.009229560993844643
0.008173916998202913
0.009219942992785946
0.008824964999803342
0.008152015012456104
0.008324556009029038
0.009014918992761523
0.009852294999291189
0.007943885997519828
0.008512025000527501
0.009773394995136186
0.009157573003903963
0.008952630989369936
0.009694211999885738
0.009384459001012146
0.01167229599377606
0.011110638995887712
0.009240201994543895
0.009006502994452603
0.008530020000762306
0.008191038999939337
0.007758399995509535
0.007976348002557643
0.008889299002476037
0.00900797700160183
0.0074244389979867265
0.008069104995229281
0.009337498995591886
0.008568664008635096
0.009042261997819878
0.010810443010996096
0.010747161999461241
0.008162915997672826
0.008811920008156449
0.002291796001372859
0.0014109260082477704
0.001556354996864684
0.0014301629998954013
0.007608102008816786
0.008009229990420863
0.009001283993711695
0.008710366004379466
0.008297835011035204
0.008296772008179687
0.00164917299116496
0.0013875610020477325
0.0013878819881938398
0.0017609979986445978
0.0013633550115628168
0.0013300910068210214
0.001333817999693565
0.0013525639951694757
0.0014095529913902283
0.0015039749996503815
0.0019638560042949393
0.001395766987116076
0.0013551489973906428
0.00927989800402429
0.0014450019953073934
0.008045400987612084
0.0092208649875829
0.009308252003393136
0.007755272992653772
0.008191830987925641
0.009616763010853902
0.008822490999591537
0.0077800709987059236
0.00823348099947907
0.002805351003189571
0.002425982995191589
0.002653728995937854
0.002334788005100563
0.0019800479931291193
0.0018519419973017648
0.01127316000929568
0.0027863940049428493
0.002892668009735644
0.0018680329958442599
0.0018133179983124137
0.009821105995797552
0.008919447005609982
0.009431168000446633
0.0016756440018070862
0.001353336003376171
0.001357853994704783
0.0013549480063375086
0.001353506013401784
0.0018139479943783954
0.0013768209901172668
0.001364166004350409
0.0015750009915791452
0.0013747869961662218
0.0013636349904118106
0.0013804569898638874
0.0014032309991307557
0.0013763489987468347
0.0013625629944726825
0.0013670820044353604
0.001360189009574242
0.001376259999233298
0.0013550290022976696
0.0021336520003387704
0.0014195929979905486
0.0013544479879783466
0.0013680440024472773
0.0013436569861369208
0.0013520329957827926
0.0013684449950233102
0.0013801870081806555
0.0013458809989970177
0.001333677995717153
0.0013223959977040067
0.0013349309883778915
0.0013449990074150264
0.0013466029922710732
0.008482037010253407
0.00938972900621593
0.012054719001753256
0.010991890987497754
0.002247009993880056
0.001433128010830842
0.0013680239935638383
0.001404663998982869
0.0013528840063372627
0.0013506709947250783
0.001535716000944376
0.0015690889995312318
0.001366880998830311
0.001384073999361135
0.001368454992189072
0.0013445090007735416
0.0013488069962477311
0.0013877720048185438
0.001351030994555913
0.001340761999017559
0.0013498890039045364
0.0013517719926312566
0.0013324449973879382
0.0013409419916570187
0.0016181039973162115
0.0018063939933199435
0.0013591070019174367
0.001523441998870112
0.0015823839930817485
0.0018123560003004968
0.007533598996815272
0.0028467189986258745
0.0032997989910654724
0.0017935200012288988
0.0013803079928038642
0.0014226279890863225
0.0017746140074450523
0.001337103996775113
0.0015410159976454452
0.0015030229988042265
0.0017470809980295599
0.012051412995788269
0.012547004007501528
0.012132478994317353
0.012202483005239628
0.012553084990940988
0.012250334999407642
0.011493092999444343
0.002390655005001463
0.0016538719937670976
0.011798697989434004
0.013072802001261152
0.008326278009917587
0.0017741530027706176
0.010878243003389798
0.007507789006922394
0.0023720089957350865
0.0018824410071829334
0.001760556988301687
0.0072921449900604784
0.008175719995051622
0.0018024159944616258
0.003511114002321847
0.0015498519933316857
0.008179167009075172
0.009790125986910425
0.0017855040059657767
0.01178446100675501
0.028366693994030356
0.012190589986857958
0.0015415569941978902
0.0017891720053739846
0.019445483994786628
0.011230047995923087
0.0014276779984356835
0.0015033329982543364
0.008120294005493633
0.003017818002263084
0.001477102006901987
0.0015398030081996694
0.0014535170048475266
0.001456974001484923
0.0013810689997626469
0.0015283209941117093
0.0014295820001279935
0.001831733010476455
0.001675552994129248
0.0013758080021943897
0.0014145930035738274
0.0013637250085594133
0.002498611996998079
0.0019056049932260066
0.0014208549982868135
0.0013578040088759735
0.0013691249914700165
0.0013634749921038747
0.001366710988804698
0.0013629239983856678
0.0017896019999170676
0.0013787339994451031
0.0013614609924843535
0.0013644760038005188
0.0013559809885919094
0.0013686949969269335
0.0013483160000760108
0.0014005760021973401
0.0013717309921048582
0.0018430549971526489
0.001501069011283107
0.0021101970050949603
0.0018985709903063253
1.3185010175220668e-05
0.0026757609884953126
0.0012575319997267798
0.0011906130093848333
0.0013641760015161708
0.001471853000111878
0.0090054809988942
1.4999008271843195e-05
0.0018069749930873513
0.0026090040046256036
0.0020951290061930194
0.0015000870043877512
0.003205437009455636
0.0032926150015555322
1.7573998775333166e-05
0.0016703529981896281
1.1101001291535795e-05
0.01186453401169274
0.001978193991817534
0.0013120959920343012
0.0014516850060317665
0.009672991989646107
0.005358506998163648
0.011158751003677025
0.001775634998921305
1.3415003195405006e-05
0.0020679559966083616
0.007133682011044584
1.7673999536782503e-05
0.0025151029985863715
0.001901096009532921
0.0014207640051608905
0.010430474998429418
1.8254999304190278e-05
0.0021948300127405673
0.001953366008820012
0.0024335869966307655
0.001024213997879997
0.0021762440010206774
1.4557997928932309e-05
0.0028218119987286627
0.0023509690072387457
0.002598363993456587
1.6341000446118414e-05
0.001323848991887644
0.00665572501020506
0.0010806819918798283
0.0013965589896542951
0.002341781000723131
0.0022699330002069473
0.00473241601139307
0.0025141119986074045
0.011149683006806299
0.0014264559868024662
0.006875906998175196
0.0019096920004813
0.0018991730030393228
0.002649611997185275
0.00901120199705474
2.3095009964890778e-05
0.0017921069957083091
0.009654145993408747
0.0018825900042429566
0.0022082049981690943
0.001343347001238726
0.0017731910047587007
0.0011394649918656796
0.008217188995331526
0.0019098329939879477
0.002639382000779733
0.010064763002446853
0.0023676109994994476
0.01128037400485482
2.271399716846645e-05
0.01017264999973122
0.015443358992342837
1.9347004126757383e-05
2.078000397887081e-05
1.4457997167482972e-05
0.01415028900373727
0.0030724420066690072
0.009992605002480559
0.008023738002520986
0.0017140780109912157
0.0022258989920374006
0.0013128380087437108
0.0014305439981399104
0.0013253209908725694
1.2974996934644878e-05
0.003223713007173501
1.751400122884661e-05
9.377996320836246e-06
0.009909875996527262
2.2522988729178905e-05
1.4176999684423208e-05
0.002222733004600741
0.0009531579999020323
0.0018254710012115538
0.0015602530038449913
0.0019909980037482455
0.0017414589965483174
0.0023196989932330325
1.648199395276606e-05
0.0015122299955692142
1.0760006261989474e-05
0.0037593099987134337
0.002424118996714242
1.4899007510393858e-05
0.011012069997377694
0.0019193210027879104
0.0017873280012281612
1.545999839436263e-05
0.002681161990039982
0.0018467220070306212
0.0015737280045868829
0.003333622997161001
0.012468272994738072
0.0024531150120310485
0.0020321869960753247
0.0015471869992325082
1.5780009562149644e-05
0.0014183300081640482
0.002173578002839349
0.001527540007373318
0.0022577199997613207
1.5028999769128859e-05
0.002115387993399054
0.0017464600095991045
1.1862997780553997e-05
0.0014195020048646256
0.001540274010039866
0.0020712330006062984
0.002003191999392584
0.001156919010099955
0.0015394719957839698
0.00209261299460195
0.002941942002507858
0.001887720005470328
1.28840038087219e-05
0.0017093280039262027
0.0023935899953357875
0.001963987000635825
0.0015811119956197217
0.0011774779995903373
0.0013502590009011328
0.0015062589955050498
0.0016362780006602407
0.009235903999069706
0.0016807229985715821
0.001811624999390915
0.0011404570104787126
0.0028165319963591173
0.0015790990000823513
0.0020685570052592084
0.0017325730004813522
1.8364997231401503e-05
0.012291743987589143
0.002085660002194345
0.009284335988922976
0.0017210410005645826
0.001784352003596723
0.01132228500500787
0.003106186995864846
0.002859433996491134
0.0015635690069757402
0.0015272490127244964
0.001369856996461749
0.0014321269991341978
0.009503998007858172
0.0029508989973692223
0.002769061000435613
0.00110990900429897
0.0014469650050159544
0.001214881005580537
1.7193000530824065e-05
0.0013551090087275952
0.00526354399335105
0.00131306798721198
0.001824238002882339
0.0015647609980078414
0.008335737002198584
0.00201030500466004
0.00208172200655099
0.007109605008736253
0.002863691988750361
0.001591552994796075
0.01113019700278528
0.0017035170021699741
0.0018849759944714606
0.002210580001701601
2.143099845852703e-05
0.002734434005105868
0.0018489659996703267
0.001992571007576771
0.0018481049919500947
1.2444012099877e-05
0.0016545130056329072
0.0011615879921009764
0.001520156001788564
0.004062692009028979
1.4358010957948864e-05
0.0016415589925600216
0.0017760060000000522
0.002351058996282518
0.0014547000027960166
0.0027595730061875656
0.0018687740084715188
1.3015000149607658e-05
0.001501610007835552
0.006996408992563374
0.0022041070042178035
0.001962012000149116
0.005312779001542367
0.004605542999343015
0.009621032993891276
0.004386373009765521
0.002123612997820601
0.00239169699489139
1.657199754845351e-05
0.00926360698940698
2.0539999241009355e-05
0.0022779590071877465
0.007010575995082036
0.00221168200368993
0.003686911004479043
0.003173156001139432
0.001974366998183541
0.009080695992452092
0.007015203998889774
0.002214918000390753
0.0012977190053788945
1.197301025968045e-05
0.002264883994939737
0.002302466004039161
0.0022905329969944432
0.0017078360106097534
0.004250892990967259
0.009245191002264619
0.0118272830004571
0.0018836130038835108
0.0017416699993191287
0.0019022889900952578
0.011580199003219604
0.0016592419997323304
0.0032723460026318207
0.00976124100270681
0.002757880007266067
0.007569879002403468
0.0021337619982659817
0.0016521590005140752
0.002880054002162069
0.0017812760052038357
0.001662007998675108
0.006886428003781475
0.0021388519962783903
0.011710478996974416
2.0069011952728033e-05
1.4296994777396321e-05
0.001962793990969658
0.0019461429910734296
0.001837453994085081
0.0021413969952845946
0.00173166100285016
0.010475000002770685
1.974799670279026e-05
0.0023368120018858463
0.01092055499611888
0.002025524008786306
0.0012865979952039197
0.001563558995258063
0.0019912490097340196
0.0016177020006580278
0.003271503999712877
1.8516002455726266e-05
0.0027295159961795434
0.0020975830120733008
0.0016697530081728473
0.0014171780057949945
0.0033870259940158576
1.6812002286314964e-05
0.0012148099922342226
0.0029721600003540516
0.008412645009229891
0.0026180010027019307
0.002164841993362643
0.0015691489970777184
0.0013213950005592778
0.0016072120051831007
0.002488462007022463
0.0018674620077945292
0.002199268012191169
0.004631071991752833
0.0021056679979665205
0.0017437239876016974
0.0021697410120395944
0.002385094005148858
0.011112623004009947
0.0022128540003905073
0.013383468001848087
0.0020897979993605986
0.0017176349938381463
0.013871804010705091
0.0021536999993259087
0.002076892997138202
1.5027995686978102e-05
0.003642386000137776
1.700299617368728e-05
0.009793413002626039
0.003239562996895984
0.01014535799913574
2.085999585688114e-05
1.0440009646117687e-05
0.00244869600282982
0.0015654720045858994
0.001543521007988602
0.0025354219978908077
0.0016687909956090152
1.85959943337366e-05
0.003200378007022664
0.0019639570091385394
0.001658580993534997
0.00980549500673078
0.008690207003382966
0.002116649004165083
0.0016441740008303896
0.002625045002787374
0.003063155003474094
0.0024919090064940974
0.00213112699566409
2.3564993171021342e-05
0.0017950930050574243
1.4797988114878535e-05
0.0021997880103299394
0.002743450997513719
0.007661183000891469
0.0016170809976756573
0.0014578349946532398
0.0016195359930861741
0.0019908380054403096
0.008961106999777257
0.008798444003332406
0.0029580940026789904
0.012452182010747492
0.010091154006659053
0.0017201089940499514
1.674199302215129e-05
0.002199487993493676
0.00206925900420174
0.0014720039907842875
0.00422193699341733
0.0021296949998941272
0.008096859004581347
2.197200956288725e-05
0.0019787950004683807
0.002303547997144051
0.0011319810000713915
0.0017172140069305897
0.004763314995216206
0.00260870301281102
0.0017716080037644133
0.0017858039936982095
0.0017541239940328524
0.0018356600048718974
0.010467745989444666
0.0013840140018146485
0.002638990990817547
0.0033055499952752143
0.0016905420052353293
0.010997080986271612
0.0041813099960563704
0.0019314240053063259
0.01562305299739819
0.015687637001974508
0.005122804010170512
0.004960915000992827
0.00498634300311096
0.004911469994112849
0.004513356005190872
0.0045963459997437894
0.005002172998501919
0.004880129999946803
0.0049334420036757365
0.005273033006233163
0.0047951570013538
0.005287880994728766
0.00484940099704545
0.005079011010820977
0.004717467993032187
0.004948902002070099
0.0048784059908939525
0.004928552996716462
0.0044958729995414615
0.004748136998387054
0.00479168001038488
0.004711826011771336
0.004781720010214485
0.0047829530085437
0.004789175000041723
0.004951156006427482
0.005198118989937939
0.005163000998436473
0.008133038005325943
0.007998178989510052
0.019943017992773093
0.006676974997390062
0.006491349995485507
0.015566545000183396
0.015861640000366606
0.01742842599924188
0.01872977099264972
0.017911100992932916
0.01949121199140791
0.018323643002077006
0.018338351001148112
0.01958164499956183
0.021086050997837447
0.00832075800281018
0.008200978991226293
0.007818114987458102
0.008065198009717278
0.0083724069991149
0.008200356998713687
0.008118950994685292
0.00808284200320486
0.007700278001721017
0.00803189500584267
0.008131495997076854
0.008119982987409458
0.008074195007793605
0.008084555011009797
0.008057323007960804
0.008128929999656975
0.00797450500249397
0.008075177000137046
0.007855304997065105
0.008013929997105151
0.008075778008787893
0.015461122005945072
0.010924871996394359
0.010043361005955376
0.009516752004856244
0.009331887995358557
0.009955943998647854
0.009995810993132181
0.009973227002774365
0.009962637006537989
0.009930164000252262
0.009113848995184526
0.009563291008817032
0.009704120995593257
0.00960835799924098
0.010011509992182255
0.009839420992648229
0.009875300005660392
0.009773795012733899
0.009787621995201334
0.009662961994763464
0.009782781999092549
0.009899917000439018
0.009740941997733898
0.009748826996656135
0.009567560002324171
0.009621061995858327
0.009757513995282352
0.0098415649990784
0.005559443001402542
0.009750880999490619
0.009686378005426377
0.009410458005731925
0.009684402990387753
0.009858998004347086
0.009376692993100733
0.009677851005108096
0.009734148989082314
0.00962262500252109
0.009546969988150522
0.007497068989323452
0.0059809999947901815
0.004850343000725843
0.004513375999522395
0.004712598994956352
0.004891301010502502
0.0063743049977347255
0.010197738010901958
0.017374011003994383
0.005797909005195834
0.005643975004204549
0.00565041700610891
0.005526258988538757
0.005555205003474839
0.005609177998849191
0.005715121005778201
0.005672858998877928
0.005562538004596718
0.005752513010520488
0.005704962008167058
0.0055389129993272945
0.005546057000174187
0.005580683005973697
0.005550654997932725
0.005518785008462146
0.00565371300035622
0.00530811000498943
0.005262172999209724
0.005270609006402083
0.005712646001484245
0.005607624989352189
0.005789374001324177
0.005524855994735844
0.006220951006980613
0.0058156729937763885
0.005648753009154461
0.00572471899795346
0.013093119996483438
0.0021084839972900227
0.0020803899969905615
0.002028479997534305
0.001970678989891894
0.002062555999145843
0.0020786860113730654
0.0020912609907099977
0.0020522959966911003
0.0020046050049131736
0.00203200698888395
0.002048839000053704
0.002128491993062198
0.0020775250013684854
0.0019757090049097314
0.0019502209906931967
0.0020693090045824647
0.002117752010235563
0.0023467610008083284
0.002130245993612334
0.002070500995614566
0.002155444002710283
0.0021756729984190315
0.002031074996921234
0.00200507600675337
0.002249084005597979
0.002277348001371138
0.0022532120055984706
0.002246768999611959
0.0022245559957809746
0.002276346000144258
0.002441161996102892
0.0022359889990184456
0.002246989999548532
0.0022559470089618117
0.0022847820073366165
0.0022308779880404472
0.002225297997938469
0.002241388996480964
0.00235992600210011
0.0022495039884233847
0.002222201001131907
0.0022723480069544166
0.0018918679998023435
0.0018360009999014437
0.001827875996241346
0.0018252309964736924
0.001834729002439417
0.001842423007474281
0.0018856569950003177
0.0019364940089872107
0.0017601449944777414
0.0018406900053378195
0.0018245489918626845
0.0018595160072436556
0.0018101210007444024
0.0016409470117650926
0.0016991790034808218
0.0018067049968522042
0.0017594140081200749
0.0016543120000278577
0.0016515280003659427
0.0016097280022222549
0.001945821990375407
0.0020802500075660646
0.0020109860051888973
0.0019998360075987875
0.0019918400066671893
0.0020069790043635294
0.0020103660062886775
0.002010436001000926
0.0020134719961788505
0.0019710500055225566
0.00202721799723804
0.0023689929948886856
0.002311182994162664
0.002168138002161868
0.00213877200440038
0.002291875993250869
0.0020907900034217164
0.0021776060020783916
0.0021505939948838204
0.0021918529964750633
0.002198646994656883
0.002601749001769349
0.004161481992923655
0.004092578994459473
0.003936770997825079
0.0038997189985821024
0.004072290001204237
0.003907342994352803
0.0038748419901821762
0.003970435005612671
0.003902996002580039
0.003909999009920284
0.004186589998425916
0.003919007009244524
0.003839675002382137
0.0038358460005838424
0.0039070930070010945
0.0038800309994257987
0.00412317700101994
0.0038227920013014227
0.003670530000817962
0.0034222440008306876
0.0036443700082600117
0.0038618469989160076
0.0038418180047301576
0.0037994270096533
0.003853300993796438
0.00409951301116962
0.0041519829974276945
0.0041388880054000765
0.009674314002040774
0.009790285999770276
0.009599771001376212
0.009621492004953325
0.010138935002032667
0.009817829995881766
0.00968323100823909
0.009756411003763787
0.00956250999297481
0.00977449600759428
0.009644107005442493
0.009672269996372052
0.009690666003734805
0.00966374299605377
0.009546699991915375
0.009898914999212138
0.009817889993428253
0.009845102002145723
0.010139756996068172
0.010095671997987665
0.010773892994620837
0.009425967989955097
0.00951098999939859
0.00977065900224261
0.009674383996753022
0.009660968004027382
0.009524416993372142
0.009727747004944831
0.009521019994281232
0.00989469699561596
0.009622023993870243
0.009824161999858916
0.009687338999356143
0.009775999002158642
0.009696326000266708
0.009644897989346646
0.009683351992862299
0.009762083005625755
0.00982050500169862
0.009653193003032357
0.009625470003811643
0.009700103997602127
0.009908832988003269
0.009792330005438998
0.009793684002943337
0.009713799998280592
0.009695052998722531
0.009706957003800198
0.0097628540097503
0.009863896993920207
0.009616093011572957
0.009743547008838505
0.009758655010955408
0.009754227998200804
0.009735371000715531
0.009759827997186221
0.009862364997388795
0.009713729014038108
0.009679823997430503
0.009742665002704598
0.009660739000537433
0.009684382996056229
0.009743907998199575
0.009710704005556181
0.009617264004191384
0.009779865999007598
0.00962515000719577
0.009540457002003677
0.009944352001184598
0.009687038997071795
0.009662741998909041
0.009628475992940366
0.00981056499585975
0.009704170995973982
0.009698048990685493
0.009864368999842554
0.009801798005355522
0.009776120001333766
0.01090147798822727
0.009765698996488936
0.00968979399476666
0.00955478499236051
0.009591415000613779
0.009631722001358867
0.009764988004462793
0.009585894993506372
0.009724300005473197
0.00960640401171986
0.00982390099670738
0.00978512600704562
0.009534967000945471
0.00971746699360665
0.009592697009793483
0.00979967501189094
0.009631873006583191
0.009547280002152547
0.009794846002478153
0.01218938700912986
0.01349151499744039
0.013457330001983792
0.015334589988924563
0.010950992000289261
0.010000068999943323
0.00924604298779741
0.009557140001561493
0.009719630994368345
0.009300296995206736
0.010021428999607451
0.009456737010623328
0.00902342599874828
0.010179201999562792
0.00917205099540297
0.0102188080054475
0.009483968999120407
0.009947497994289733
0.009630309999920428
0.009751662000780925
0.009329622989753261
0.009308952998253517
0.009119891008595005
0.00909858000522945
0.0092690369929187
0.008570246995077468
0.009767252005985938
0.008616835999418981
0.00860336099867709
0.008610464006778784
0.00923237700772006
0.003272867004852742
0.002919368998846039
0.003142086003208533
0.003349734004586935
0.003295009009889327
0.003289689004304819
0.003415109997149557
0.0029520920070353895
0.0031737770041218027
0.003457299986621365
0.0029439259960781783
0.003130463999696076
0.0038062999956309795
0.0029942920082248747
0.0031341909925686195
0.0030367439903784543
0.003137206003884785
0.003253709990531206
0.003654990010545589
0.0029716190038016066
0.002914388998760842
0.003020403004484251
0.002907426009187475
0.0029146599990781397
0.0029154820076655596
0.003740845000720583
0.0029280449962243438
0.0028865859931102023
0.005341874988516793
0.007219646999146789
0.006320872009382583
0.007055110996589065
0.00711857300484553
0.004353950003860518
0.007924727993668057
0.004405890998896211
0.01002340299601201
0.010201094002695754
0.008391524010221474
0.009650207997765392
0.008242858995799907
0.005832014998304658
0.005216384000959806
0.00874640500114765
0.008689024994964711
0.00978528699488379
0.00065882399212569
0.008416462005698122
0.0005760649946751073
0.010785354999825358
0.0097005249990616
0.00994959200033918
0.003595995993237011
0.006846591000794433
0.009275498989154585
0.009519557002931833
0.00540939399797935
0.008565096009988338
0.007513268996262923
0.00739111501025036
0.00864972900308203
0.010836914007086307
0.0020217069977661595
0.012264872988453135
0.009318160999100655
0.008656341000460088
0.010834429005626589
0.006811694009229541
0.00779799600422848
0.0005936689994996414
0.00853650200588163
0.01175609600613825
0.01001505799649749
0.010244568009511568
0.0041270250076195225
0.003374281994183548
0.0049054379924200475
0.009849160007433966
0.00841545000730548
0.009001222992083058
0.001882359996670857
0.013038285993388854
0.013589952999609523
0.0049924450140679255
0.0027166299987584352
0.0026851700094994158
0.012260463001439348
0.010037290005129762
0.004721315010101534
0.010066977993119508
0.012523288009106182
0.01127478398848325
0.0037832060043001547
0.008484952995786443
0.0036665520019596443
0.01235877200087998
0.009802419008337893
0.01011369600018952
0.0004551219899440184
0.0038341640029102564
0.004212258994812146
0.0017447159916628152
0.00913217400375288
0.011855486998683773
0.007486799004254863
0.005196877013077028
0.00807730200176593
0.009612745998310857
0.004781219991855323
0.003385734002222307
0.008400992010137998
0.009786178008653224
0.001962203998118639
0.006711903013638221
0.009299584999098442
0.0026399230118840933
0.0037306449958123267
0.008635512000182644
0.011610818997723982
0.009671018007793464
0.008723220002138987
0.009249640002963133
0.016994071993394755
0.0005057700036559254
0.010950171010335907
0.0069490379974013194
0.001976159997866489
0.008460636003292166
0.008950356001150794
0.0059159250085940585
0.008945216002757661
0.005356793000828475
0.009147794000455178
0.0025720130070112646
0.0035992519988212734
0.01107934900210239
0.010635967992129736
0.0025415839918423444
0.01015385398932267
0.00703531299950555
0.004422831989359111
0.003248178996727802
0.007715957995969802
0.0037064589996589348
0.00878203300817404
0.0022002400073688477
0.0075291600078344345
0.00939292499970179
0.002854454010957852
0.0027888590120710433
0.010162189995753579
0.003136735991574824
0.00952322399825789
0.004250691999914125
0.003974242004915141
0.012857759997132234
0.008738449003431015
0.008135612995829433
0.008126466011162847
0.008821789000649005
0.008983829990029335
0.00811361099476926
0.008543545001884922
0.015049021996674128
0.004812520011910237
0.007774821002385579
0.008370423995074816
0.007519050996052101
0.008428625005763024
0.014466243999777362
0.008464604004984722
0.007356828995398246
0.011409723010729067
0.003621255003963597
0.005943808995652944
0.007939356000861153
0.008593100996222347
0.015621189013472758
0.007888328997069038
0.015244226000504568
0.008697651006514207
0.0033365190029144287
0.0004244539886713028
0.009455514998990111
0.005502852989593521
0.008955174998845905
0.008592529993620701
0.0021528689976548776
0.008337370003573596
0.007925739992060699
0.01500138099072501
0.007877287003793754
0.014855610992526636
0.008890090000932105
0.008737978001590818
0.01106491099926643
0.011514051991980523
0.00797350300126709
0.009685776007245295
0.003928844991605729
0.0086892740073381
0.0034575009922264144
0.009393966000061482
0.008637566003017128
0.0073370809986954555
0.00945298999431543
0.00785733899101615
0.004509257996687666
0.002883068998926319
0.008883146001608111
0.008911530996556394
0.0036326870031189173
0.004354221004177816
0.006940851002582349
0.009978597008739598
0.0099813830020139
0.009299074998125434
0.008522715012077242
0.004034047000459395
0.0009995569998864084
0.0035652069927891716
0.0035519520024536178
0.008915177997550927
0.0006899839936522767
0.007776904996717349
0.007728351993137039
0.00986411799385678
0.009432389997527935
0.009315866001998074
0.008411793009145185
0.0020256449934095144
0.014263364995713346
0.004934073003823869
0.00619640399236232
0.001909311002236791
0.008050579999689944
0.01462999900104478
0.00957316999847535
0.0036221070040483028
0.002050812996458262
0.003971958009060472
0.008303244001581334
0.002068036003038287
2.2613996407017112e-05
0.01482556399423629
0.003968471006373875
0.007621748009114526
0.005220672988798469
0.005063211006927304
0.008710736001376063
0.005256852004094981
0.016459236008813605
0.010231723004835658
0.010148674002266489
0.004195125991827808
0.008555988999432884
0.0035740549938054755
0.0037735280056949705
0.008763377001741901
0.007735355000477284
0.010759053999208845
0.004608528994140215
0.004805575998034328
0.009121804003370926
0.00942000599752646
0.012879261004854925
0.0020552720088744536
0.015698678005719557
0.008148617998813279
0.0020929840102326125
0.0021935569966444746
0.0034985800011781976
0.007041285003651865
0.013732677005464211
0.0038082039973232895
0.010568579004029743
0.0005942999996477738
0.012557573994854465
0.003761624000617303
0.0035064039984717965
0.007601037999847904
0.0004178709932602942
0.008775068999966606
0.005010399007005617
0.003934195003239438
0.014847745987935923
0.0035629230114864185
0.0031626850104657933
0.007574646995635703
0.012228102001245134
0.00776331900851801
0.007595095987198874
0.005155838007340208
0.007977991001098417
0.009041440003784373
0.002074147996609099
0.012354324004263617
0.011914559989236295
0.012521825003204867
0.01336974099103827
0.0035030690050916746
0.004519677997450344
0.013364502010517754
0.005180035004741512
0.004830805002711713
0.008521914001903497
0.008268397999927402
0.008928362993174233
0.008512625994626433
0.009591354988515377
0.01067484299710486
0.005063891992904246
0.005143303991644643
0.007832220988348126
0.010239236988127232
0.011780793996877037
0.007827242006896995
0.007509773000492714
0.008754990994930267
0.009829652000917122
0.006401377002475783
0.0107340470131021
0.015475280000828207
0.015583807995426469
0.010541848008870147
0.00830719199439045
0.009892090994981118
0.000682608995703049
0.00048165400221478194
0.0022226129949558526
0.015918749995762482
0.0033900910057127476
0.0026150350022362545
0.00826395899639465
0.009746672993060201
0.0036585469933925197
0.008859882000251673
0.0044599840039154515
0.008316891005961224
0.00784657800977584
0.004788603997440077
0.007774761994369328
0.0004827660013688728
0.00045097499969415367
0.005811235008877702
0.003534578994731419
0.010348426993004978
0.007877537995227613
0.0036561420129146427
0.007227119989693165
0.008985632986878045
0.008572231003199704
0.011498341991682537
0.009192129000439309
0.010160065998206846
0.000453519998700358
0.008857106004143134
0.009198932006256655
0.00931852099893149
0.011151507002068684
0.0037608630082104355
0.008798664988717064
0.0026879650104092434
0.0019683050049934536
0.0062113019957905635
0.009024587998283096
0.00432141798955854
0.012279019007110037
0.008357227998203598
0.009111384992138483
0.01014674999169074
0.008083111999440007
0.009234340002876706
0.007295281000551768
0.012989743001526222
0.004655438999179751
0.009598689008271322
0.016803867009002715
0.007940698997117579
0.008960103994468227
0.01103993300057482
0.006081093000830151
0.005754236000939272
0.004093601004569791
0.011340979996020906
0.004490831997827627
0.0048958900006255135
0.007858902012230828
0.010242945005302317
0.004848778989980929
0.009019088000059128
0.01016302099742461
0.005371150997234508
0.0028525410016300157
0.007784939996781759
0.009244368993677199
0.010859265996259637
0.0007219649996841326
0.007333413988817483
0.005075855005998164
0.008295970998005942
0.008815868000965565
0.0031872830004431307
0.014228789004846476
0.0030643169884569943
0.00960236600076314
0.009177801999612711
0.005321585995261557
0.0006891119992360473
0.008168235988705419
0.004082841012859717
0.0023018249921733513
0.009037081996211782
0.004699833007180132
0.009079663999727927
0.0045342459925450385
0.003937532004783861
0.010406387998955324
0.002310371011844836
0.0028768670017598197
0.002105448002112098
0.004946305998601019
0.006770494990632869
0.008419967998634093
0.009852535993559286
0.005861501005711034
0.010934370991890319
0.011732761995517649
0.01439571900118608
0.008801761010545306
0.006106000000727363
0.008166401996277273
0.006946362991584465
0.005135770014021546
0.0017993199871852994
0.009053583009517752
0.009495249993051402
0.012135102995671332
0.011061946002882905
0.009209612006088719
0.008127597990096547
0.011970136998570524
0.008164607992512174
0.012646994990063831
0.03138529200805351
0.0056136969942599535
0.009048694002558477
0.009361803997308016
0.009863847008091398
0.009643263998441398
0.009832326992182061
0.008574104009312578
0.009109049991820939
0.009497795996139757
0.009224922003340907
0.009296539006754756
0.008855323001625948
0.00988677199347876
0.009348908992251381
0.00940695199824404
0.009803121007280424
0.013743998992140405
0.01299325900617987
0.013827249000314623
0.014140019004116766
0.0037917419977020472
0.0033587110083317384
0.0036947659973520786
0.0034271930053364486
0.007500284002162516
0.008028317999560386
0.008636464001028799
0.008123278996208683
0.010665444991900586
0.009327648993348703
0.01026991699473001
0.009482395995291881
0.010262752999551594
0.009926047001499683
0.009880589001113549
0.009794934987439774
0.010255568995489739
0.010692386000300758
0.009071758002392016
0.00904919599997811
0.009925696009304374
0.00916605899692513
0.009180035995086655
0.008808002006844617
0.009719520996441133
0.00897818899829872
0.009151670994469896
0.009714219995657913
0.011491438999655657
0.01000787400698755
0.010960048995912075
0.010691624993341975
0.01049163100833539
0.009424996009329334
0.01013405600679107
0.010087185990414582
0.011141477996716276
0.00988770299591124
0.011122220996185206
0.010599598987028003
0.011473443999420851
0.009637342998757958
0.009928821993526071
0.0096815579890972
0.009790355994482525
0.010724759005825035
0.009378136004670523
0.010758573000202887
0.011017630997230299
0.011113202999695204
0.010111081006471068
0.010137282006326132
0.00971992099948693
0.010972112999297678
0.010197477007750422
0.010557647998211905
0.010294974010321312
0.010948718001600355
0.00999150199641008
0.010454420000314713
0.010681105006369762
0.010223347009741701
0.009856924007181078
0.010448557994095609
0.010672327989595942
0.010201805998804048
0.009484580004937015
0.010266229000990279
0.010385266999946907
0.009940855990862474
0.00937847699970007
0.01044055400416255
0.01039006699284073
0.009947537997504696
0.009546097993734293
0.010110088987858035
0.011287538000033237
0.010493574998690747
0.009996812004828826
0.010629706986946985
0.009874758994556032
0.010384416003944352
0.009661068994319066
0.010017552005592734
0.009906118997605518
0.00933133700164035
0.009886831001495011
0.010175604998948984
0.009866182008408941
0.009723628987558186
0.008869630997651257
0.010634234989993274
0.013371064007515088
0.015089138993062079
0.014401569991605356
0.0035933610051870346
0.0033264399971812963
0.0039963739982340485
0.007345127000007778
0.008104794003884308
0.008828461999655701
0.00972128399007488
0.009967186007997952
0.0097315540042473
0.009872934999293648
0.01036200299859047
0.010385428002336994
0.009757503008586355
0.010043442001915537
0.010537198992096819
0.009749167002155446
0.009454803002881818
0.008776682007010095
0.008988367990241386
0.009711664999485947
0.00957517400092911
0.010150116009754129
0.010138352998183109
0.010037650004960597
0.00992469399352558
0.010107084002811462
0.010484106998774223
0.010064402013085783
0.010110771007020958
0.010150026995688677
0.01040441398799885
0.011007812005118467
0.00988634000532329
0.010207547005848028
0.009954471999662928
0.01371349100372754
0.010227424994809553
0.008976644996437244
0.009619007993023843
0.009809473995119333
0.01014123899221886
0.00937655298912432
0.009682189003797248
0.009787981995032169
0.010172540001804009
0.009556618999340571
0.01066183800867293
0.009512163000181317
0.01102327999251429
0.00979568698676303
0.010198949996265583
0.0101782900019316
0.009841674997005612
0.008998699006042443
0.009803481996641494
0.010134166004718281
0.00956211899756454
0.009105082004680298
0.010133375006262213
0.01095898800122086
0.010467505009728484
0.008977717996458523
0.008497426999383606
0.009307840999099426
0.008688914007507265
0.009585694002453238
0.00842407600430306
0.008942029002355412
0.009121383001911454
0.009072380009456538
0.009322609010268934
0.00841413700254634
0.00887373898876831
0.009260910999728367
0.00921277899760753
0.010089440998854116
0.00932624599954579
0.009993344996473752
0.00880440601031296
0.010189421998802572
0.010068659990793094
0.00957313999242615
0.009949982995749451
0.010238275994197465
0.00889619201188907
0.009480392007390037
0.013323001010576263
0.013528705996577628
0.0036446500016609207
0.003635212007793598
0.0096090790029848
0.009134929001447745
0.00897659600013867
0.009140870999544859
0.009324222992290743
0.009938521005096845
0.009401361006894149
0.009806768008274958
0.010041518005891703
0.01019782799994573
0.010009336998336948
0.010029705008491874
0.011381557997083291
0.009679252994828857
0.011019033001502976
0.010445863998029381
0.011884602994541638
0.009994227002607659
0.010528712999075651
0.009764657996129245
0.010423651008750312
0.01024478800536599
0.010239477996947244
0.010439821999170817
0.010385697998572141
0.010373985001933761
0.009968638012651354
0.010048030002508312
0.010132141993381083
0.010683268992579542
0.009500169995590113
0.010605358998873271
0.01145026000449434
0.010179613003856502
0.009108187994570471
0.010515287009184249
0.010658511993824504
0.00912990998767782
0.00954327300132718
0.009269807997043245
0.009458871005335823
0.00951663200976327
0.009395699002197944
0.009762303001480177
0.009071577005670406
0.010321936002583243
0.009233880002284423
0.009547070003463887
0.009902422010782175
0.014912108992575668
0.009945803991286084
0.010483134989044629
0.0097394790063845
0.010215350994258188
0.010580461996141821
0.010188419997575693
0.010570332000497729
0.010112603995366953
0.010221292992355302
0.011274353004409932
0.004197240006760694
0.010592103993985802
0.009180064997053705
0.009224922992871143
0.009976784000173211
0.010257232002913952
0.00995420099934563
0.010499878000700846
0.010461773999850266
0.011067034996813163
0.009512011994956993
0.010536276997299865
0.009667750986409374
0.010041358007583767
0.010206753999227658
0.00902424700325355
0.009737644999404438
0.00932034500874579
0.010460831996169873
0.0089758739923127
0.010436835989821702
0.010105861001648009
0.009143827002844773
0.009446055992157198
0.008361547006643377
0.00840983900707215
0.00889586099947337
0.00845465500606224
0.009026961997733451
0.008852667990140617
0.009214392004651017
0.00902806399972178
0.009436137988814153
0.00958079399424605
0.01051789200573694
0.009922148994519375
0.010303310991730541
0.009721255002659746
0.00998166399949696
0.009634066998842172
0.008351336000487208
0.0077910120016895235
0.01054134700098075
0.009118958987528458
0.009981754003092647
0.010626158997183666
0.010969456998282112
0.011168509008712135
0.0010483299993211403
0.0008738360047573224
0.000851071992656216
0.0008485669968649745
0.0009110670071095228
0.0011133250081911683
0.009146240990958177
0.01039150900032837
0.008541611998225562
0.009524556997348554
0.009307290005381219
0.008661251005833037
0.009453481005039066
0.007631155996932648
0.00926829500531312
0.008350225005415268
0.00881903400295414
0.009081746989977546
0.008568232005927712
0.009405849006725475
0.009415257009095512
0.010238627000944689
0.009446647993172519
0.009315615010564215
0.010637361003318802
0.009413052990566939
0.009089102008147165
0.008574725012294948
0.009187500007101335
0.009866421998594888
0.009908973996061832
0.010990038004820235
0.008890380995580927
0.00974630200653337
0.009063924007932656
0.006551443992066197
0.00941550699644722
0.004025079993880354
0.009844380998401903
0.0010819150047609583
0.018363948998739943
0.014448210000409745
0.013811458004056476
0.01056804800464306
0.010185324004851282
0.0021392229973571375
0.011509673990076408
0.012676611993811093
0.009469220996834338
0.010861481001484208
0.008909105992643163
0.012147847999585792
0.015127652994124219
0.010270999002386816
0.007794147008098662
0.005192338008782826
0.014273034001234919
0.0042631460091797635
0.012148538997280411
0.0037905490025877953
0.010067217008327134
0.010466392996022478
0.004299264997825958
0.013571237999713048
0.001420803993823938
0.00969803899351973
0.011908108004718088
0.008698473000549711
0.0020483580010477453
0.003237790006096475
0.0013435470027616248
0.009429033991182223
0.010239778013783507
0.013099411997245625
0.008976525990874507
0.0014115869998931885
0.003478040001937188
0.010124467007699423
0.01012638099200558
0.00896349000686314
0.012578875001054257
0.00926697300747037
0.013725112992688082
0.004564603994367644
0.004387353998026811
0.009886070009088144
0.012654799997108057
0.0037763019936392084
0.013671959997736849
0.0023742730118101463
0.01306135900085792
0.009471935001784004
0.009148565004579723
0.012696489997324534
0.00930502598930616
0.014383885005372576
0.012067964999005198
0.010122644001967274
0.012161523991380818
0.010286607997841202
0.010390085997642018
0.008936819998780265
0.007280363002792001
0.011983111005974934
0.012310229998547584
0.011259163002250716
0.009331787005066872
0.009908513005939312
0.004152453999267891
0.009230152994859964
0.0011809650022769347
0.00137148100475315
0.00906211999244988
0.010283391995471902
0.015489266006625257
0.008929345000069588
0.007246086999657564
0.0107415700040292
0.012011465994874015
0.010770746986963786
0.004455173999303952
0.011322695994749665
0.003240074001951143
0.003175489997374825
0.003857297997456044
0.008355915007996373
0.011178899992955849
0.0038578090025112033
0.010149594992981292
0.010815442001330666
0.011304820989607833
0.010613345002639107
0.00410337999346666
0.008317672007251531
0.010504296005819924
0.010464770006365143
0.011964346005697735
0.012179778001154773
0.009739649001858197
0.010201103999861516
0.011121399002149701
0.010390265990281478
0.0019279469997854903
0.003622447999077849
0.009065456004464068
0.013904717008699663
0.008427724009379745
0.003551109999534674
0.0112612170050852
0.0037012990069342777
0.003867657986120321
0.010572437007795088
0.0019452510023256764
0.0075440479995450005
0.011769050994189456
0.01625304100161884
0.014220964003470726
0.0037561539938906208
0.013162112998543307
0.012032726997858845
0.014138195008854382
0.012424557993654162
0.011307344990200363
0.01095857699692715
0.001978625004994683
0.0026375279994681478
0.008632094992208295
0.010337075000279583
0.010168181004701182
0.003964823990827426
0.00186708100955002
0.013504649992682971
0.004392433998873457
0.012327392993029207
0.008156623007380404
0.0018869880004785955
0.011434629996074364
0.006179881995194592
0.014142362997517921
0.00401754499762319
0.0031773339869687334
0.010626249990309589
0.0019670619949465618
0.012014581996481866
0.009615089991712011
0.008424186991760507
0.0014929429889889434
0.011940370008233003
0.011848052003188059
0.010316856001736596
0.0015802400012034923
0.008922612003516406
0.003049999999348074
0.013431148996460252
0.011653819994535297
0.0049680080119287595
0.01348111500556115
0.011550823008292355
0.001920623006299138
0.01032666400715243
0.004144890001043677
0.009654075009166263
0.010117935002199374
0.014200975012499839
0.008661019994178787
0.0019719020056072623
0.0038233630039030686
0.0034143780067097396
0.016744723994634114
0.012062934998539276
0.009777220999239944
0.010664353001629934
0.009303563012508675
0.01000082099926658
0.012334544997429475
0.0046184670063667
0.01052701000298839
0.013512343997717835
0.009010951995151117
0.004240231995936483
0.008095727011095732
0.0014541889977408573
0.010927025999990292
0.00847149699984584
0.008771031993092038
0.01263828799710609
0.013025740990997292
0.011468153999885544
0.004587268005707301
0.010351302000344731
0.004578530992148444
0.003994170008809306
0.0012209920096211135
0.008802851996733807
0.00191839000035543
0.01377757299633231
0.00814517198887188
0.011805642003309913
0.011909711000043899
0.007377198009635322
0.01352572999894619
0.010647641000105068
0.013177743996493518
0.008386343994061463
0.0039523799932794645
0.010646519003785215
0.0016409269883297384
0.010934981997706927
0.010272811006871052
0.010236671994789504
0.009816295991186053
0.004519416994298808
0.01110152099863626
0.004364981999970041
0.012954725010786206
0.010216062000836246
0.005633354012388736
0.004467407998163253
0.010914843005593866
0.004024968991870992
0.010846822988241911
0.009653173008700833
0.003800268008490093
0.0015044459869386628
0.011272798990830779
0.008579665009165183
0.01229625300038606
0.006113675990491174
0.009417891997145489
0.008794606997980736
0.012620002991752699
0.004768334998516366
0.009820254010264762
0.012895681997179054
0.005899683994357474
0.008896953004295938
0.012387206996208988
0.012121476989705116
0.012446180000551976
0.0035374839935684577
0.0123189149890095
0.01206879700475838
0.008279648987809196
0.014185615989845246
0.0038845399976707995
0.010152300994377583
0.007566030995803885
0.005805564011097886
0.018333259999053553
0.009349009997094981
0.003941849994589575
0.013052873007836752
0.011681994001264684
0.008973249001428485
0.012333473001490347
0.012309717989410274
0.009781329004908912
0.010737552991486154
0.012915348997921683
0.010343596994061954
0.0015413660003105178
0.012601747992448509
0.01015058699704241
0.015291335992515087
0.009089803003007546
0.014305856006103568
0.006527978999656625
0.009293353999964893
0.005222455991315655
0.003594894995330833
0.008262846997240558
0.010343407993786968
0.013314534997334704
0.013195556995924562
0.01232239200908225
0.013277705002110451
0.007835437005269341
0.0011662659962894395
0.009021391000715084
0.010965720997774042
0.014395156991668046
0.01334473399037961
0.004464452009415254
0.006455219991039485
0.011890424008015543
0.005104279000079259
0.011380526004359126
0.00794520799536258
0.012069878008333035
0.001566334001836367
0.010666125992429443
0.012875472995801829
0.010916615996393375
0.008430839006905444
0.018216195996501483
0.011720679001882672
0.008704274005140178
0.013635260009323247
0.01259313199261669
0.015293680989998393
0.01588807100779377
0.0019311829964863136
0.00854551899828948
0.010857772998861037
0.012491116009186953
0.008553964988095686
0.011046566010918468
0.012243933000718243
0.012377027000184171
0.009228159004123881
0.009065375998034142
0.009440434994758107
0.0020292410044930875
0.003461968997726217
0.003715765997185372
0.004348920992924832
0.012701318992185406
0.004823180002858862
0.013142183990566991
0.004227407989674248
0.008775520997005515
0.00998100200376939
0.008795638001174666
0.009636180999223143
0.009193410995067097
0.0016534409951418638
0.012802303011994809
0.012232249995577149
0.011175112013006583
0.008533886997611262
0.01276350898842793
0.008891322009731084
0.01532064299681224
0.011261548002948985
0.015061174999573268
0.009532993004540913
0.00849132498842664
0.01146581000648439
0.012287926001590677
0.009024437007610686
0.004492997002671473
0.0015307360008591786
0.0018923989991890267
0.01279093099583406
0.0021651919960277155
0.009162361995549873
0.010771236993605271
0.010597874992527068
0.012367578994599171