0.013302072999067605
0.007045753009151667
0.00716010200267192
0.007026256003882736
0.0066805130045395344
0.00694021099479869
0.007005846986430697
0.006825700998888351
0.006989935995079577
0.006843805007520132
0.0070336899952962995
0.0069975600054021925
0.006661335995886475
0.00673633000405971
0.008491756991134025
0.0058092120016226545
0.00467167999886442
0.004949663009028882
0.004963769999449141
0.005087076002382673
0.004970843001501635
0.005193281001993455
0.004617876998963766
0.004632755008060485
0.004977004995453171
0.004795587999979034
0.004662673003622331
0.004718169002444483
0.004938532001688145
0.005052991007687524
0.00465134100522846
0.005337827009498142
0.004647763998946175
0.004669476009439677
0.004645900000468828
0.005098277993965894
0.004597617997205816
0.004558903005090542
0.004704111997853033
0.004405569008667953
0.004953009003656916
0.004443773010279983
0.0045686619996558875
0.004459873991436325
0.004716476003522985
0.0002341189974686131
0.000184734002687037
0.00019720800628419966
0.0044965439883526415
0.004562930989777669
0.004466046011657454
0.005044876001193188
0.004707739004516043
0.004721204997622408
0.004519709007581696
0.0045608869986608624
0.005014518013922498
0.0047133600019151345
0.0045499660045607015
0.004702588994405232
0.00505173800047487
0.004504088996327482
0.004529687998001464
0.0045724600058747455
0.0048541200085310265
0.0045100900024408475
0.004677772012655623
0.004527152006630786
0.0044740009907400236
0.005048011997132562
0.004442630000994541
0.004604050991474651
0.004541921007330529
0.004914295001071878
0.004450195003300905
0.004851896010222845
0.004606485003023408
0.004590304000885226
0.004454914000234567
0.005091414001071826
0.004590593991451897
0.004490413004532456
0.004527762997895479
0.0044254179956624284
0.0046578129986301064
0.004361675004474819
0.004603038003551774
0.004605533002177253
0.005017282994231209
0.004446787992492318
0.004484591991058551
0.004543012997601181
0.004509118007263169
0.005846643995027989
0.00011712500418070704
0.00010271700739394873
0.00011790700955316424
0.00010967999696731567
0.00010846799705177546
0.0003511340037221089
0.005042301010689698
0.004999117998522706
0.009846133994869888
0.005138235006597824
0.010539202994550578
0.00914422700589057
0.00914285499311518
0.009764778005774133
8.278900349978358e-05
5.9102996601723135e-05
6.48139975965023e-05
6.401199789252132e-05
5.674899148289114e-05
6.68789871269837e-05
0.00015229200653266162
0.00473205599701032
0.004862947011133656
0.005370851009502076
0.00012157300079707056
8.166598854586482e-05
8.378100756090134e-05
8.12459911685437e-05
7.649700273759663e-05
7.061599171720445e-05
0.00015949599037412554
0.004851183999562636
0.000123997000628151
9.867901098914444e-05
8.581399742979556e-05
8.679699385538697e-05
8.83590109879151e-05
8.373100718017668e-05
8.32799996715039e-05
8.036500366870314e-05
8.146600157488137e-05
8.09359917184338e-05
7.983300019986928e-05
8.893098856788129e-05
7.222800923045725e-05
7.4131996370852e-05
7.492399890907109e-05
7.457300671376288e-05
7.31899926904589e-05
7.4152005254291e-05
7.372201071120799e-05
7.36820074962452e-05
7.159699453040957e-05
0.00010440099867992103
0.00010636400838848203
0.00010630401084199548
0.00010215600195806473
0.00010399000893812627
0.00010463999933563173
0.00010287700570188463
7.229899347294122e-05
7.317001291085035e-05
7.308999192900956e-05
7.066500256769359e-05
7.17270013410598e-05
7.168701267801225e-05
7.227899914141744e-05
0.00010843800555448979
0.0001547270076116547
0.00011435900523792952
0.00011580200225580484
0.00011521099077071995
0.00011875700147356838
0.00012202499783597887
0.0001156510115833953
0.00011815600737463683
0.00011781600187532604
0.00012763499398715794
0.00011749600525945425
0.00011584199091885239
0.0001198899990413338
0.00011661299504339695
0.00011401899973861873
0.0001359810121357441
0.00015094901027623564
0.0001253299997188151
0.00014554000517819077
0.00011758599430322647
5.7811004808172584e-05
0.006807015000958927
0.006262991999392398
0.005123547001858242
9.537299047224224e-05
0.005103779010823928
0.0002229370002169162
9.38700104597956e-05
0.006022150002536364
8.716700540389866e-05
6.665800174232572e-05
0.0056349980004597455
0.00017201999435201287
0.006746289000147954
0.005749928008299321
0.00020159699488431215
0.0001890319981612265
0.00021243799710646272
0.0002289589901920408
0.006660895000095479
0.004927420013700612
0.0001691650104476139
0.00015963699843268842
0.005839178993483074
0.00027867400785908103
0.00017675900016911328
0.0049749019963201135
0.00015804299619048834
0.006397841003490612
0.005319623000104912
0.004862305999267846
0.006140447003417648
0.0002872909972211346
0.005087727011414245
0.0002378559875069186
6.536599539685994e-05
6.749999010935426e-05
0.004816478001885116
0.004648025002097711
0.00018864199228119105
8.87909991433844e-05
0.005587566993199289
0.00018012599321082234
0.004707768996013328
9.310799941886216e-05
0.005169113996089436
0.005171058000996709
0.005288252999889664
0.00013483800285030156
0.004681649006670341
0.005167029987205751
0.007216761005111039
0.006784512006561272
0.00013025899534113705
0.00011661401367746294
0.0003214169992133975
0.00010020300396718085
0.005299954995280132
0.005385929995100014
0.00046208599815145135
0.00013926699466537684
8.793799497652799e-05
0.005037030990933999
9.44010098464787e-05
0.005042301010689698
0.0001599870010977611
8.535399683751166e-05
9.711600432638079e-05
8.215699926950037e-05
0.0001569010055391118
0.00018646799435373396
5.087698809802532e-05
0.00013678301183972508
6.219900387804955e-05
0.004690265006502159
0.0001663389994064346
7.000399637036026e-05
0.00011339700722601265
0.005074592001619749
0.0003734960046131164
0.004701487006968819
0.0001043499942170456
0.00023241600138135254
0.004699633995187469
0.00029086798895150423
0.005581614997936413
0.00017999499686993659
6.918300641700625e-05
0.007049650987028144
0.00023080300888977945
0.005909593994147144
0.00013157300418242812
0.00018616700253915042
7.105599797796458e-05
6.274000043049455e-05
0.006511437997687608
0.0002053540083579719
9.701600356493145e-05
7.847000961191952e-05
0.006089878996135667
0.00015931599773466587
0.0050293959939153865
0.005897480994462967
0.00011983999866060913
6.398299592547119e-05
0.004932509997161105
0.00015294300101231784
7.781000749673694e-05
6.81609963066876e-05
0.0001071760052582249
8.681700273882598e-05
0.00019451300613582134
0.00016464600048493594
0.004953511001076549
0.0001942730013979599
0.004710253997473046
0.00016549798601772636
8.260800677817315e-05
9.888899512588978e-05
0.0001463109947508201
6.141798803582788e-05
8.19569977466017e-05
7.256900426000357e-05
0.011502841007313691
0.004906429996481165
0.0056806049979059026
0.0001216730015585199
5.941400013398379e-05
5.649800004903227e-05
0.005077829002402723
0.00012900700676254928
0.0002310739946551621
0.00010430000838823617
0.004903735010884702
0.00010934899910353124
0.005146679992321879
0.004505621996941045
0.00024730400764383376
0.00016238100943155587
9.864999447017908e-05
0.00013836500875186175
6.122699414845556e-05
0.004778023998369463
0.0059701999998651445
0.0067195669980719686
0.0003039330040337518
0.00017298199236392975
6.327099981717765e-05
0.00019119700300507247
0.00018620699120219797
8.454199996776879e-05
0.00023377800243906677
8.407198765780777e-05
0.004618908991687931
0.00021497301349882036
9.337899973616004e-05
0.0001954850013135001
0.00021554299746640027
0.005931927007623017
0.005177309998543933
0.00013470801059156656
0.0001346380013274029
0.006796273999498226
0.005361503004678525
0.00016374400001950562
0.004671550006605685
0.00024134300474543124
7.96530075604096e-05
0.00011392800661269575
0.0002375149924773723
0.00020858999050687999
0.0050280730065423995
0.00012858699483331293
0.00010148399451281875
0.00016403400513809174
9.117499575950205e-05
0.00021845899755135179
0.0002674730058060959
0.004746353006339632
0.005698690001736395
0.00029742000333499163
0.005037390990764834
9.553300333209336e-05
8.900101238396019e-05
7.256898970808834e-05
6.443400343414396e-05
0.00010072300210595131
0.00011269601236563176
0.00011569200432859361
1.1262003681622446e-05
5.023600533604622e-05
0.004847767995670438
0.00020250800298526883
0.00011496999650262296
9.423099982086569e-05
0.0001074860047083348
6.142799975350499e-05
6.0627004131674767e-05
6.155799201223999e-05
5.930398765485734e-05
6.872200174257159e-05
6.616600148845464e-05
6.52250018902123e-05
6.562599446624517e-05
6.509499507956207e-05
6.510499224532396e-05
7.985299453139305e-05
6.792000203859061e-05
6.580598710570484e-05
6.456399569287896e-05
6.469400250352919e-05
0.005851062000147067
6.207900878507644e-05
9.211699943989515e-05
8.041399996727705e-05
0.00011803700181189924
5.743000656366348e-05
9.084399789571762e-05
6.805099837947637e-05
6.679800571873784e-05
6.603699875995517e-05
5.576699913945049e-05
5.509499169420451e-05
4.4845990487374365e-05
7.37710070097819e-05
8.736799645703286e-05
8.604499453213066e-05
8.782801160123199e-05
9.432098886463791e-05
9.832900832407176e-05
9.474200487602502e-05
0.00013689200568478554
8.663600601721555e-05
7.010500121396035e-05
5.8452002122066915e-05
5.8011995861306787e-05
6.641700747422874e-05
6.623700028285384e-05
7.722798909526318e-05
9.316900104749948e-05
7.792000542394817e-05
8.551399514544755e-05
8.185699698515236e-05
8.33100057207048e-05
5.800099461339414e-05
0.00011653399269562215
9.143500938080251e-05
7.376199937425554e-05
6.604701047763228e-05
6.491401290986687e-05
6.434299575630575e-05
6.462400779128075e-05
6.48949935566634e-05
6.508501246571541e-05
6.220900104381144e-05
8.005400013644248e-05
0.00010296700929757208
0.00014976700185798109
0.00013181299436837435
0.004994429007638246
0.005014927999582142
0.0049130929983220994
0.0048722349893068895
7.914200250525028e-05
6.73890026519075e-05
5.933399370405823e-05
0.005727904994273558
0.0001191990013467148
0.00018700899090617895
0.0001437559985788539
0.00013739400310441852
0.00013483900693245232
0.003954703992349096
0.00013264500012155622
7.508399721700698e-05
4.8882997361943126e-05
0.0057703170023160055
0.005279434990370646
0.004683573002694175
0.005336283997166902
0.005962765993899666
0.005684432006091811
0.005988424993120134
0.004760980998980813
0.0062287659966386855
0.005746280992752872
0.004524055999354459
0.005790786002762616
0.006039132989826612
0.005341504991520196
0.005551968002691865
0.008808033002424054
0.006874314000015147
0.008354213001439348
0.007094357002642937
0.006033249999745749
0.009364459998323582
0.005253545998129994
0.006794811997679062
0.0066705830104183406
0.006344217996229418
0.0003377579996595159
0.008522536008968018
0.0003286199935246259
0.005594921007286757
0.00018379300308879465
0.005883033009013161
0.00536786500015296
0.004840713998419233
0.005163813999388367
0.00011715399159584194
8.95810080692172e-05
7.346099300775677e-05
7.991299207787961e-05
6.35920005152002e-05
0.004656511009670794
0.004608689996530302
0.004532582999672741
0.0053659609984606504
0.004520560003584251
0.004431719004060142
0.005366932993638329
0.004993777998606674
0.004755290996399708
0.00511682299838867
0.0061274519975995645
0.0001264120073756203
0.004985552004654892
0.005772952004917897
0.006325731999822892
0.004759698000270873
0.00548448899644427
0.005691836006008089
0.0074975989991799
0.007811611998477019
0.007774279991281219
0.008556932007195428
0.009390891005750746
0.00982050500169862
0.00866455800132826
0.012863650990766473
0.009850573012954555
0.008295581006677821
0.008237768997787498
0.009725031995913014
0.010314110986655578
0.006278931992710568
0.006640726991463453
0.005653742991853505
0.005983505994663574
0.005155498001840897
0.00508749698929023
0.0065891769918380305
0.005535586999030784
0.005184783993172459
0.0063520330004394054
0.00547156399989035
0.005268353997962549
0.006170674998429604
0.0077930860134074464
0.007370436011115089
0.005985990006593056
0.006872280006064102
0.00013184300041757524
7.263899897225201e-05
6.070600647944957e-05
7.295999967027456e-05
0.005625247998978011
0.005148744996404275
0.008255252992967144
0.012826229998609051
0.009041972007253207
0.005579650998697616
0.00015512800018768758
6.97840005159378e-05
6.841099821031094e-05
6.597700121346861e-05
6.527500227093697e-05
6.493399268947542e-05
5.5707001592963934e-05
6.30810100119561e-05
6.414299423340708e-05
6.362199201248586e-05
6.323099660221487e-05
6.315099017228931e-05
6.316100188996643e-05
0.0056135870108846575
9.122501069214195e-05
0.004928833004669286
0.005964340001810342
0.005104930998641066
0.004789555008755997
0.0069128879986237735
0.011528340997756459
0.009721554990392178
0.011308558998280205
0.012187524000182748
0.0004603830020641908
0.00043919299787376076
0.0004563959955703467
0.00034728599712252617
0.00030053699447307736
0.00033421099942643195
0.015399715004605241
0.0005556349933613092
0.00036935800744686276
0.0003058869915548712
0.00026622999575920403
0.013402204000158235
0.013170489997719415
0.01277488200867083
0.00014003900287207216
0.00011964999430347234
0.00010451099660713226
7.4302006396465e-05
8.329999400302768e-05
6.149799446575344e-05
5.152900121174753e-05
5.886299186386168e-05
7.561499660369009e-05
5.9484009398147464e-05
5.890299507882446e-05
8.014299964997917e-05
6.17580080870539e-05
8.401100058108568e-05
6.353200296871364e-05
5.8101999456994236e-05
5.778000922873616e-05
5.786100518889725e-05
6.229899008758366e-05
5.887298902962357e-05
5.743000656366348e-05
5.7249999372288585e-05
5.7761004427447915e-05
5.7711004046723247e-05
5.7469995226711035e-05
5.730999691877514e-05
5.7249009842053056e-05
5.729999975301325e-05
5.6899007176980376e-05
4.9816007958725095e-05
5.6819000747054815e-05
5.653800326399505e-05
7.317100244108588e-05
0.005507873996975832
0.006018563988618553
0.005393334009568207
0.005768122995505109
0.00011313700815662742
7.554498733952641e-05
6.975400901865214e-05
6.820000999141484e-05
6.708799628540874e-05
6.667801062576473e-05
5.732999125029892e-05
6.545499491039664e-05
6.733900227118284e-05
6.595700688194484e-05
6.507401121780276e-05
6.547500379383564e-05
6.530500832013786e-05
6.502500036731362e-05
6.505499186459929e-05
5.5967000662349164e-05
6.47140113869682e-05
6.533499981742352e-05
6.500500603578985e-05
6.507500074803829e-05
6.418299744836986e-05
6.38430065009743e-05
6.669700087513775e-05
5.3522002417594194e-05
5.546600732486695e-05
9.309800225310028e-05
0.004839271990931593
0.0001386660005664453
9.648500417824835e-05
8.993200026452541e-05
7.498399645555764e-05
7.639698742423207e-05
8.578499546274543e-05
5.839199002366513e-05
6.610600394196808e-05
5.9443991631269455e-05
6.485500489361584e-05
0.005468678005854599
0.005752873999881558
0.005557878990657628
0.006152500005555339
0.005887772000278346
0.005598867996013723
0.005606261998764239
0.00011292700946796685
5.972500366624445e-05
0.005612143999314867
0.006555503001436591
0.0053466649987967685
0.00010903899965342134
0.0047286589979194105
0.0060815839970018715
0.0001305499899899587
9.488200885243714e-05
8.424199768342078e-05
0.005107566001242958
0.005138314998475835
0.00013673199282493442
0.00010048299736808985
8.267798693850636e-05
0.006290504999924451
0.005211195006268099
0.00011369799904059619
0.0052198509947629645
0.011720037990016863
0.00515832299424801
7.956300396472216e-05
0.00011921899567823857
0.010231553998892196
0.00520136600243859
0.00011001100938301533
6.70790032017976e-05
0.0065580480004427955
0.0001352889958070591
5.82109933020547e-05
7.221799751278013e-05
6.617700273636729e-05
6.529499660246074e-05
6.279100489336997e-05
5.396299820858985e-05
6.680800288449973e-05
6.719899829477072e-05
6.57359923934564e-05
6.695899355690926e-05
7.949199061840773e-05
6.655699689872563e-05
0.00010518199997022748
7.263901352416724e-05
8.179699943866581e-05
6.831101200077683e-05
6.645800021942705e-05
6.563599163200706e-05
6.459400174207985e-05
6.586700328625739e-05
6.457300332840532e-05
6.495400157291442e-05
6.422300066333264e-05
6.528499943669885e-05
6.408299668692052e-05
6.44040119368583e-05
6.46840053377673e-05
6.500500603578985e-05
6.512401159852743e-05
0.00011053201160393655
9.190599666908383e-05
9.6214993391186e-05
8.396100020036101e-05
1.3876007869839668e-05
0.00010239599214401096
7.622600242029876e-05
5.350199353415519e-05
4.8062007408589125e-05
9.832800424192101e-05
0.0051236159924883395
2.7762987883761525e-05
0.00012769400200340897
9.939100709743798e-05
8.30589997349307e-05
7.15770001988858e-05
0.0001191890041809529
9.856899851001799e-05
1.2984994100406766e-05
5.667800724040717e-05
1.0190007742494345e-05
0.006388783993315883
0.00016008700185921043
6.671799928881228e-05
7.094600005075336e-05
0.005033463996369392
0.0003592089924495667
0.006426806008676067
0.00012702299864031374
1.2884993338957429e-05
9.487201168667525e-05
0.004952388990204781
2.60199885815382e-05
0.00012749500456266105
0.00011395900219213217
8.33000085549429e-05
0.005737814994063228
2.038900856859982e-05
8.888999582268298e-05
7.54450011299923e-05
0.00010993098840117455
6.590598786715418e-05
0.0001078970090020448
1.0500007192604244e-05
8.91210074769333e-05
0.00010028199176304042
0.00010658499377314001
1.3635988580062985e-05
7.396099681500345e-05
0.004862496003624983
8.359999628737569e-05
7.353100227192044e-05
6.229900463949889e-05
8.22669971967116e-05
0.00013205301365815103
0.00011444900883361697
0.006197347000124864
8.91009985934943e-05
0.004611534997820854
0.00012697400234173983
8.246800280176103e-05
0.00011965999146923423
0.004519277004874311
2.331400173716247e-05
9.684498945716769e-05
0.005713798993383534
0.00011025099956896156
7.704699237365276e-05
6.043601024430245e-05
5.6607997976243496e-05
5.344300006981939e-05
0.00453116100106854
0.00013582099927589297
8.973199874162674e-05
0.005940784001722932
0.00010376899444963783
0.005901258991798386
1.9226994481869042e-05
0.00429829400673043
0.005539064004551619
2.1482002921402454e-05
2.6440000510774553e-05
1.4296994777396321e-05
0.005997443004162051
0.00013126200065016747
0.00560963898897171
0.0045818880025763065
0.00010713600204326212
9.105399658437818e-05
6.175899761728942e-05
5.974499799776822e-05
5.4293996072374284e-05
1.1873009498231113e-05
0.00013914599549025297
1.334599801339209e-05
9.188006515614688e-06
0.004907762006041594
2.419701195321977e-05
1.545000122860074e-05
0.00011103300494141877
4.911499854642898e-05
7.729801291134208e-05
6.231899897102267e-05
6.946400390006602e-05
9.121499897446483e-05
9.049300570040941e-05
1.472799340263009e-05
7.204798748716712e-05
1.0099000064656138e-05
0.00011611300578806549
7.745900074951351e-05
1.0250005288980901e-05
0.006072356991353445
0.00011231499956920743
9.38199955271557e-05
1.485800021328032e-05
0.00011974999506492168
7.322100282181054e-05
7.449199620168656e-05
0.00011587199696805328
0.006248113000765443
0.00013754300016444176
0.00010926900722552091
5.731999408453703e-05
1.6071004210971296e-05
5.233100091572851e-05
8.299900218844414e-05
8.510399493388832e-05
8.924100256990641e-05
1.0800009476952255e-05
0.00010311699588783085
0.0001032579893944785
1.0550007573328912e-05
8.465201244689524e-05
6.174799636937678e-05
7.062598888296634e-05
7.100599759723991e-05
5.82610082346946e-05
4.515600448939949e-05
6.586599920410663e-05
0.00011558199184946716
7.804000051692128e-05
1.0178991942666471e-05
9.047400089912117e-05
7.243799336720258e-05
0.00011874799383804202
7.149699376896024e-05
5.365299875847995e-05
4.893400182481855e-05
8.342000364791602e-05
7.393200939986855e-05
0.005872763998922892
0.00012527000217232853
5.887298902962357e-05
5.8833000366576016e-05
9.406000026501715e-05
9.123499330598861e-05
9.172600402962416e-05
7.877100142650306e-05
1.7373007722198963e-05
0.006171857006847858
0.00010803699842654169
0.005495580000570044
9.847799083217978e-05
0.00010582299728412181
0.00459768800646998
0.00011363800149410963
7.50640028854832e-05
5.0898001063615084e-05
6.641699292231351e-05
4.7039997298270464e-05
7.964299584273249e-05
0.0049766849988373
0.0001489449932705611
0.00011772499419748783
5.90029958402738e-05
6.335099169518799e-05
4.4886008254252374e-05
1.5729994629509747e-05
6.114700227044523e-05
0.00014836400805506855
6.753001071047038e-05
0.0001052510051522404
7.395200373139232e-05
0.005584541009739041
0.0001361110043944791
6.527500227093697e-05
0.004215093998936936
0.00012174299627076834
7.147800351958722e-05
0.004637393998564221
9.675600449554622e-05
8.335000893566757e-05
8.459200034849346e-05
1.833499118220061e-05
0.00014752299466636032
6.810099876020104e-05
7.533401367254555e-05
6.395200034603477e-05
1.1121999705210328e-05
6.052599928807467e-05
5.537699325941503e-05
5.735999729949981e-05
0.00010575199848972261
1.0579999070614576e-05
8.83799948496744e-05
7.620599353685975e-05
8.503299613948911e-05
4.69599908683449e-05
0.00010168600420001894
0.00011474099301267415
1.0550997103564441e-05
6.292099715210497e-05
0.004848169002798386
0.0001501680089859292
0.00010064301022794098
0.00019082600192632526
0.00014908600132912397
0.005966532989987172
0.00016309200145769864
8.405098924413323e-05
7.891099085099995e-05
1.5680008800700307e-05
0.005622333992505446
1.7714002751745284e-05
0.00011630299559328705
0.0046592759899795055
0.00010893901344388723
0.00012298599176574498
0.00010100399958901107
7.896100578363985e-05
0.004882734996499494
0.0046351199998753145
0.00010828800441231579
5.204000626690686e-05
1.147198781836778e-05
9.195601160172373e-05
8.151699148584157e-05
8.957101090345532e-05
7.854100840631872e-05
0.00012556998990476131
0.004562670990708284
0.005663030999130569
0.00011854799231514335
7.33399938326329e-05
7.983300019986928e-05
0.0047188010066747665
9.805799345485866e-05
0.00010066300455946475
0.005500710001797415
0.00012701400555670261
0.004512825995334424
0.00010231698979623616
6.543500057887286e-05
8.685700595378876e-05
7.391200051642954e-05
6.800000846851617e-05
0.004632784999557771
9.510300878901035e-05
0.005958587993518449
2.19919893424958e-05
1.467800757382065e-05
0.00011330799316056073
8.749701373744756e-05
7.706800533924252e-05
6.691899034194648e-05
6.369200127664953e-05
0.004882994995568879
2.476800000295043e-05
0.00010230600310023874
0.006542639006511308
0.00011503099813126028
6.516500434372574e-05
5.314200825523585e-05
6.887299241498113e-05
7.52240011934191e-05
0.00011968899343628436
1.0400006431154907e-05
9.993099956773221e-05
8.880000677891076e-05
5.972498911432922e-05
7.651699706912041e-05
0.00012370699550956488
1.3786993804387748e-05
5.2620001952163875e-05
8.921099652070552e-05
0.004851404999499209
0.00013512899749912322
8.350999269168824e-05
6.679800571873784e-05
5.5496988352388144e-05
7.599600940011442e-05
9.240700455848128e-05
5.980499554425478e-05
6.525500793941319e-05
0.0001075160107575357
6.135700095910579e-05
8.745800005272031e-05
7.556501077488065e-05
9.645499812904745e-05
0.004857096006162465
0.00011396899935789406
0.006415543990442529
0.00010359899897594005
8.059499668888748e-05
0.007372089006821625
0.00016261200653389096
0.00014007800200488418
1.5358993550762534e-05
0.0001413409918313846
1.4798002666793764e-05
0.0066697319998638704
0.00015704199904575944
0.006546404998516664
2.5087996618822217e-05
1.4628007193095982e-05
0.00013785400369670242
0.00010766599734779447
7.624700083397329e-05
0.00010373900295235217
0.00010213600762654096
2.2162988898344338e-05
0.00010695499076973647
8.16469982964918e-05
8.000399975571781e-05
0.00656695500947535
0.00663741999596823
0.0001243479928234592
9.295799827668816e-05
0.00012466899352148175
0.0001264220045413822
0.0001507789856987074
9.501200111117214e-05
3.012800880242139e-05
8.674600394442677e-05
1.5480007277801633e-05
8.698699821252376e-05
0.00011070200707763433
0.0065308659977745265
0.00012328699813224375
8.713699935469776e-05
8.570399950258434e-05
0.00012962800974491984
0.006736630006344058
0.006542939008795656
0.00019730899657588452
0.009771511002327316
0.007631427011801861
0.00012730401067528874
1.965799310710281e-05
8.69270006660372e-05
8.32090008771047e-05
6.15479948464781e-05
0.00013076100731268525
0.00011359799827914685
0.005335402995115146
1.838499156292528e-05
7.232800999190658e-05
0.00012209398846607655
5.796100595034659e-05
5.426399002317339e-05
0.00011536099191289395
7.272900256793946e-05
4.369400267023593e-05
5.2179995691403747e-05
5.6649005273357034e-05
8.226701174862683e-05
0.004498066991800442
8.138600969687104e-05
8.709699613973498e-05
9.461099398322403e-05
5.8712001191452146e-05
0.004579201995511539
0.00017991500499192625
7.397099398076534e-05
0.00037850601074751467
0.006438158001401462
0.00018357200315222144
0.00014239300799090415
0.00014643100439570844
0.00013568000576924533
0.0001349380036117509
0.00013464799849316478
0.00013397699513006955
0.0001331450039288029
0.00013456800661515445
0.00013264500012155622
0.00013305500033311546
0.00013317599950823933
0.00013240400585345924
0.000133637004182674
0.00013415700232144445
0.00013342598685994744
0.00013232399942353368
0.00013345599290914834
0.00013559000217355788
0.00013173199840821326
0.00013992900494486094
0.0001330860104644671
0.00013194300117902458
0.00013208400923758745
0.000132123997900635
0.0001315120025537908
0.0001309609942836687
0.00013139199290890247
0.004592106997733936
0.004270991004887037
0.0003984749928349629
0.000159865987370722
0.00013851599942427129
0.004525299998931587
0.004603508990840055
0.004782852993230335
0.004895518999546766
0.005980150002869777
0.00578872200276237
0.0049330510082654655
0.004750411011627875
0.005353978995117359
0.005365641001844779
0.004511022008955479
0.004411340996739455
0.004470424013561569
0.004331838004873134
0.004519446985796094
0.00431714000296779
0.004494280001381412
0.00464871599979233
0.004720704004284926
0.004692710004746914
0.004776961999596097
0.004791389990714379
0.004852086000028066
0.004738246992928907
0.004805536998901516
0.004549094999674708
0.00471722699876409
0.004806338009075262
0.00475154300511349
0.00480862200492993
0.00475692399777472
0.004740121003123932
0.004364430002169684
0.0047788459924049675
0.00480089800839778
0.004826196003705263
0.004732525994768366
0.00487506999343168
0.004798662994289771
0.004779807000886649
0.004659294994780794
0.004839722998440266
0.004737545998068526
0.0046795050002401695
0.004755992005812004
0.0046585039963247254
0.004764387995237485
0.004732657005661167
0.004717137009720318
0.004784456003108062
0.004813952997210436
0.00474562200543005
0.004781470997841097
0.004853808990446851
0.004802441006177105
0.004798754001967609
0.004799724993063137
0.004845713992835954
0.004757725007948466
0.00017049700545612723
0.004969150992110372
0.004745330996229313
0.004706496998551302
0.004751772998133674
0.004775299006723799
0.004787401994690299
0.004606665999745019
0.004900418003671803
0.004794635999132879
0.0046627319970866665
0.00023308800882659853
0.00022402999456971884
0.00015764200361445546
0.0001671700010774657
0.0001503489911556244
0.00016388499352615327
0.00014758299221284688
0.0002551700017647818
0.00038337499427143484
0.00015644000086467713
0.00015427600010298193
0.00015290299779735506
0.00015201099449768662
0.00016238099487964064
0.00017263100016862154
0.00015207201067823917
0.00015961600001901388
0.00015321398677770048
0.0001510399888502434
0.0001506789994891733
0.0001510900037828833
0.0001524820108897984
0.00015264299872796983
0.0001529930013930425
0.00015335400530602783
0.00015183100185822695
0.00015323299157898873
0.00015349499881267548
0.0001608989987289533
0.00015236200124491006
0.00015167100355029106
0.00015187100507318974
0.00016076800238806754
0.00016122899251058698
0.0001520220102975145
0.00015233199519570917
0.00014818400086369365
0.0050314700056333095
0.0001257109979633242
0.00011033199552912265
0.00010669400217011571
0.00010995101183652878
0.00010749600187409669
0.00010734600073192269
0.00010535200999584049
0.00010523200035095215
0.00010559200018178672
0.0001046010002028197
0.00010378900333307683
0.0001034580054692924
0.00010480100172571838
0.00010456099698785692
0.0001034379965858534
0.00010394900164101273
0.00010467099491506815
0.00010951000149361789
0.00010574300540611148
0.00010332900274079293
0.00010824798664543778
0.00012945900380145758
0.00011987000470981002
0.00011831699521280825
0.00011856798664666712
0.00011716500739566982
0.00011795699538197368
0.00010517200280446559
0.00010418999590910971
0.00010489199485164136
0.00010386899521108717
0.00010446000669617206
0.00010475100134499371
0.00010437000310048461
0.00010542200470808893
0.00010382899199612439
0.00011559099948499352
0.00010741599544417113
0.00010609401215333492
0.00010471099813003093
0.00010403900523670018
0.00010526200640015304
0.00010114398901350796
0.00010298700362909585
0.0001021559874061495
0.00010069400013890117
0.0001018250040942803
0.00010014200233854353
0.00010232599743176252
0.000121213000966236
0.0001012940047075972
0.0001005730009637773
0.00010223599383607507
0.00010211599874310195
0.00010084299719892442
0.00010038299660664052
0.00010121401282958686
0.00010163401020690799
0.00010065300739370286
0.00010008199024014175
0.0001013449946185574
0.00010057199688162655
0.0001032579893944785
0.00011029199231415987
0.00010100399958901107
9.96309972833842e-05
9.966098878066987e-05
9.907000639941543e-05
0.00010037199535872787
0.00010054300946649164
0.0001005020021693781
0.00010048301192000508
0.00010027199459727854
0.0001002630015136674
0.00010027301323134452
0.00010109400318469852
0.00010052300058305264
0.00010101401130668819
0.00010075399768538773
0.0001069249992724508
9.989101090468466e-05
0.00010021300113294274
9.985199721995741e-05
9.936100104823709e-05
0.00014663100591860712
0.00013186300930101424
0.00013271400530356914
0.00013135100016370416
0.00013097199553158134
0.00013105101243127137
0.00013006899098400027
0.0001312709937337786
0.00013055099407210946
0.00013010000111535192
0.00013134200708009303
0.00013119100185576826
0.00013008899986743927
0.00013030999980401248
0.0001315320114372298
0.00013081100769340992
0.00013033999130129814
0.0001304400066146627
0.00013762399612460285
0.00013045998639427125
0.00013252400094643235
0.00013000900798942894
0.00013107099221087992
0.0001314220135100186
0.00013435799337457865
0.00013040000339969993
0.00013025000225752592
0.00013041000056546181
0.004970502996002324
0.004694714007200673
0.004841757006943226
0.004770639003254473
0.00479402499331627
0.0047094220062717795
0.004901931999484077
0.004753907996928319
0.004653826006688178
0.0047769920056452975
0.0047303019964601845
0.004997705007554032
0.004720393000752665
0.004729269989184104
0.004818831992452033
0.004694774994277395
0.004668512992793694
0.004634368000552058
0.00465716200415045
0.004651431008824147
0.004707658998086117
0.0048391500022262335
0.0046964169887360185
0.004721706005511805
0.004762494005262852
0.005022361990995705
0.0047828429960645735
0.004805064992979169
0.004951847004122101
0.004780678995302878
0.004740311997011304
0.004768515995237976
0.00474358799692709
0.0047428459947695956
0.004776008994667791
0.004822789996978827
0.004677492004702799
0.0047600690013496205
0.004651480994652957
0.004661981001845561
0.00452907700673677
0.004524859003140591
0.004682551007135771
0.004807119999895804
0.004712878988357261
0.004721245000837371
0.004728750005597249
0.0046800459967926145
0.004752193999593146
0.00493969299714081
0.004859039996517822
0.004861663997871801
0.00480089700431563
0.004793283005710691
0.004811798993614502
0.0047663610021118075
0.004678583005443215
0.004869550000876188
0.004668344001402147
0.004810765996808186
0.004795487999217585
0.004820344998734072
0.004819092995603569
0.0048266179946949705
0.00478910599485971
0.004855302002397366
0.004759878996992484
0.004812359009520151
0.004828360993997194
0.004762944998219609
0.004795596993062645
0.00481142800708767
0.004769608000060543
0.00485563300026115
0.004753998000524007
0.004812440005480312
0.00497591400926467
0.004685806998168118
0.004690636997111142
0.004825854994123802
0.004842448004637845
0.004775137989781797
0.004800556998816319
0.00471058399125468
0.004931677991407923
0.004805947988643311
0.004812920989934355
0.004751562999445014
0.004844640992814675
0.0047925609978847206
0.0048186019994318485
0.004755650996230543
0.004863858004682697
0.004805656993994489
0.00469248001172673
0.0048201339959632605
0.0047362030018121
0.004693472001235932
0.004886191003606655
0.004441348006366752
0.00471516398829408
0.004829031007830054
0.004821316993911751
0.00484361000417266
0.0047944649995770305
0.004781991010531783
0.004795949003892019
0.004507784993620589
0.004736053000669926
0.004799946007551625
0.004805005999514833
0.004853717997320928
0.004877485000179149
0.004682259997935034
0.004756843001814559
0.0047900669887894765
0.005089961996418424
0.004795676999492571
0.004840223002247512
0.0047981620009522885
0.006122853999841027
0.0058287489955546334
0.0058982129994546995
0.0060129119956400245
0.0059498220070963725
0.005798782003694214
0.005856080999365076
0.0058578450116328895
0.0001320229930570349
0.00011389900464564562
0.00011494100908748806
0.00010971100709866732
0.0001097310014301911
0.00010749600187409669
0.00010956000187434256
0.00010814699635375291
0.00010831801046151668
0.0001091190060833469
0.00010917001054622233
0.00010738598939497024
0.00010852899868041277
0.00011108299077022821
0.00010885900701396167
0.00010763699538074434
0.00010754600225482136
0.00010766700142994523
0.00010754600225482136
0.00010895900777541101
0.00010735599789768457
0.00010671500058379024
0.00010839800233952701
0.00010744699102360755
0.00010795700654853135
0.00010636400838848203
0.00010882900096476078
0.00010835799912456423
0.0001628519967198372
0.00018823100253939629
0.0001740040024742484
0.005904634992475621
0.0053279790008673444
0.00021135600400157273
0.005142452006111853
0.00018952299433294684
0.005778662991360761
0.005636469999444671
0.005362214011256583
0.005424122995464131
0.006021447989041917
0.0001983399997698143
0.00018414400983601809
0.004937460005749017
0.004554544997517951
0.006052589000319131
8.27490002848208e-05
0.004626743990229443
9.752700862009078e-05
0.0046333659993251786
0.000230322009883821
0.00024685400421731174
0.00014143100997898728
0.005936404995736666
0.00593516300432384
0.004865120994509198
0.00019460299517959356
0.006060664003598504
0.004756663009175099
0.004741975004435517
0.004834652005229145
0.006027880997862667
0.00014125100278761238
0.0075747280061477795
0.004730120999738574
0.004744810008560307
0.0048654509882908314
0.00019962299847975373
0.004649005990359001
8.291899575851858e-05
0.00457431300310418
0.00024195399601012468
0.004681930004153401
0.0002751669962890446
0.00015282300591934472
0.0001483149972045794
0.00012671299919020385
0.00588269300351385
0.0002656089927768335
0.005908031002036296
0.00013510900316759944
0.00916103000054136
0.0060126609896542504
0.00018739000370260328
0.000159456001711078
0.00016193999908864498
0.0057195699919248
0.0003498010046314448
0.00017612800002098083
0.0002694669965421781
0.006106130997068249
0.004702067992184311
0.00017569700139574707
0.004548783996142447
0.0001326140045421198
0.005836362994159572
0.004795576998731121
0.004749107989482582
7.392199768219143e-05
0.00018044600437860936
0.00020905099518131465
0.00011618300050031394
0.00476292498933617
0.005853666996699758
0.005612024004221894
0.00023424999380949885
0.005742132998420857
0.00026697199791669846
0.00019257899839431047
0.00016929399862419814
0.005881290009710938
0.004571567988023162
0.00014364600065164268
0.00591943300969433
0.0047417349996976554
0.0001590350002516061
0.00014900499081704766
0.004677220989833586
0.006889652999234386
0.007172926998464391
0.004715903996839188
0.004735832990263589
0.0005350860010366887
6.769000901840627e-05
0.006056616010027938
0.0002013060002354905
0.0001291270018555224
0.004681097998400219
0.006125708998297341
0.00018192900461144745
0.0063547479949193075
0.00019117699412163347
0.0047668629995314404
0.00015352398622781038
0.0001231860078405589
0.004843499991693534
0.00023417899501509964
0.0001400989858666435
0.006167568993987516
0.00030964400502853096
0.00022210599854588509
0.00016575799963902682
0.00483959200209938
0.0001816380099626258
0.006015646999003366
0.00016882400086615235
0.005927368008997291
0.005032622008002363
0.00018383200222160667
0.00016496599710080773
0.004367175992229022
0.00017713999841362238
0.0003037029964616522
0.00017356300668325275
0.0001281160075450316
0.00633310699777212
0.004785687997355126
0.005081765993963927
0.00469644799886737
0.004425457009347156
0.0002635550044942647
0.004781059993547387
0.0049496930005261675
0.006016558996634558
0.00019461299234535545
0.00458363100187853
0.0055609050032217056
0.004996463001589291
0.004740271993796341
0.005906617996515706
0.00487128300301265
0.004443933008587919
0.005499065999174491
0.00019649699970614165
0.00017386299441568553
0.005553351002163254
0.005189963994780555
0.006222394003998488
0.004674615993280895
0.005515167998964898
0.004857626001466997
0.00016096900799311697
4.48159989900887e-05
0.00462425900332164
0.00017874300829134881
0.0002478449896443635
0.0045330340071814135
0.0001353999978164211
0.004162673998507671
0.004737705996376462
0.005906538004637696
0.004894797006272711
0.0058447100018383935
0.004651120994822122
0.004686699001467787
0.00023284599592443556
0.00030049600172787905
0.004884989000856876
0.004625651999958791
0.00016266200691461563
0.004679595003835857
0.00013109100109431893
0.004638525992049836
0.005144858005223796
0.0002457920054439455
0.004664405991206877
0.004583009998896159
0.00015711098967585713
0.00014618999557569623
0.004591927005094476
0.004997955998987891
0.00015731200983282179
0.00017298100283369422
0.004524407006101683
0.004703611004515551
0.004938912999932654
0.004709182001533918
0.005042361008236185
0.00019341100414749235
5.000599776394665e-05
0.00012699300714302808
0.00010441099584568292
0.004733308000140823
5.891299224458635e-05
0.004617375001544133
0.004560405999654904
0.00511249499686528
0.004582278008456342
0.0045973080123076215
0.00021035299869254231
0.0001323140022577718
0.006053760997019708
0.0002692559937713668
0.0002497789973858744
0.0001281560107599944
0.0047754789993632585
0.0061306080024223775
0.00031300999398808926
0.00013129200669936836
0.00011851800081785768
0.00015037800767458975
0.004578801002935506
0.00013127201236784458
2.1191008272580802e-05
0.0062616890063509345
0.0001198599929921329
0.004630030001862906
0.00014938598906155676
0.00017515599029138684
0.0001831010013120249
0.000205844989977777
0.006008412994560786
0.0002720219927141443
0.004776701010996476
0.00019384200277272612
0.004973047995008528
0.00015876399993430823
0.00014833500608801842
0.004568221003864892
0.004474280998692848
0.004823200011742301
0.00021855998784303665
0.00021127599757164717
0.00023029099975246936
0.0047454220039071515
0.004838389999349602
0.00013013998977839947
0.005986802003462799
0.004888586001470685
0.000170667000929825
0.0001623720017960295
0.00014961700071580708
0.004702538994024508
0.004975382995326072
0.00012054099352099001
0.00024104199837893248
4.51969972345978e-05
0.00470059500366915
0.00014205300249159336
0.00015602899657096714
0.0002673720009624958
4.499599162954837e-05
0.0047644180012866855
0.00018173900025431067
0.00011505100701469928
0.0004216289962641895
0.00011332699796184897
9.056400449480861e-05
0.004326266993302852
0.0057939319958677515
0.004310467003961094
0.004467138001928106
0.00019141699885949492
0.0046030579978832975
0.004591787001118064
0.00017604799359105527
0.0003419050044612959
0.004980612007784657
0.004723047997686081
0.0051063130085822195
0.00013895700976718217
0.00014180199650581926
0.005962215000181459
0.00016518599295523018
0.00015096999413799495
0.004462388998945244
0.004550155994365923
0.00021141501201782376
0.0045846129942219704
0.004578091000439599
0.00029613800870720297
0.00019443299970589578
0.00018796100630424917
0.0045431430044118315
0.004658585006836802
0.0045588530047098175
0.004558651999104768
0.004768065002281219
0.0045322320074774325
0.004587428993545473
0.00018132799596060067
0.0001814479910535738
0.005741871995269321
0.006591971992747858
0.0002863589907065034
0.0046283170086098835
0.004696456991950981
5.968500045128167e-05
4.512700252234936e-05
0.00012847600737586617
0.006257371001993306
0.00016481599595863372
0.00013594100892078131
0.0046169749984983355
0.00482033500156831
0.00015700100630056113
0.004591256001731381
0.00018514499242883176
0.004664595995564014
0.004816476997802965
0.0001603580021765083
0.0043143340008100495
5.615800910163671e-05
4.6478991862386465e-05
0.00013645199942402542
0.00014434699551202357
0.000329150992911309
0.0047845060034887865
0.00014978699618950486
0.00021195699810050428
0.004581075991154648
0.00471148599172011
0.004367155997897498
0.004776621994096786
0.004380290993140079
5.7810990256257355e-05
0.005067688995040953
0.00469441399036441
0.005460411994135939
0.00020205799955874681
0.00014351500431075692
0.004361504994449206
0.00015859398990869522
0.00012148301175329834
0.0002288590039825067
0.004859079999732785
0.00018730899319052696
0.005748716008383781
0.004877635001321323
0.004326406997279264
0.00028897399897687137
0.004685455991420895
0.004620913008693606
0.00490385499142576
0.005620480005745776
0.00017961500270757824
0.0045438540109898895
0.005578418989898637
0.004797672008862719
0.004740250995382667
0.004739721000078134
0.0001912970037665218
0.0001987209980143234
0.00012761499965563416
0.00024930801009759307
0.00017603799642529339
0.00015770200116094202
0.004704333012341522
0.00021455201203934848
0.0001478429912822321
0.0050956129998667166
0.004221837007207796
0.0001832810085033998
0.00012784500722773373
0.004429605993209407
0.004499159011174925
0.00027601000329013914
4.942499799653888e-05
0.00018215000454802066
0.00018262999947182834
0.0047602190024917945
0.004274778999388218
0.00016373400285374373
0.004839020999497734
0.0001618509995751083
0.004953951007337309
0.004526661999989301
0.00027617899468168616
7.354099943768233e-05
0.004861353008891456
0.00017440400552004576
0.00011670400272123516
0.004426579995197244
0.00018221899517811835
0.004325034999055788
0.0001737340062391013
0.00013113098975736648
0.004647433990612626
0.00014326500240713358
0.00018856200040318072
0.00015551899559795856
0.0001792840048437938
0.0002893150085583329
0.004379919992061332
0.004280640001525171
0.0001916879991767928
0.004678302997490391
0.00471895000373479
0.007429509001667611
0.004716276002000086
0.00018688799173105508
0.005076596004073508
0.004408876004163176
0.00028562800434883684
0.00015861399879213423
0.00484386998869013
0.004556318002869375
0.005758954997872934
0.005230681999819353
0.004764487995998934
0.00022519200865644962
0.006151948997285217
0.00027780300297308713
0.004725253005744889
0.004681629012338817
0.00022136500047054142
0.004814062995137647
0.004716926006949507
0.0049115090077975765
0.005175225000130013
0.004556979998596944
0.004472889006137848
0.0048711919953348115
0.004944172993418761
0.004738737989100628
0.004825394993531518
0.005108206998556852
0.004784144999575801
0.004661730999941938
0.0049408260092604905
0.005251371985650621
0.003953421997721307
0.004103990999283269
0.004081768012838438
0.004156572002102621
0.0001960460067493841
0.0001479539932915941
0.00014382500376086682
0.00014150100469123572
0.00467971499892883
0.004741292999824509
0.004696246993262321
0.004657863013562746
0.0056033569999272
0.004961565995472483
0.004935705990646966
0.004972335998900235
0.0053362040052888915
0.0048581879964331165
0.00497838799492456
0.004884358000708744
0.005750770011218265
0.004894245998002589
0.004802310999366455
0.004719912991276942
0.005467576993396506
0.004876683000475168
0.004756251990329474
0.004786148987477645
0.005367393998312764
0.0048683370114304125
0.004974410010618158
0.005204721994232386
0.005078319998574443
0.005086575998575427
0.005027912993682548
0.004671629998483695
0.00517459399998188
0.005142333000549115
0.005431007011793554
0.005071066014352255
0.00640918301360216
0.006018914005835541
0.005888062994927168
0.0053784659976372495
0.006402088998584077
0.006439250006224029
0.005804503001854755
0.005302039004163817
0.005392732011387125
0.0060094859945820644
0.0048353029997088015
0.00458960299147293
0.005071095991297625
0.005716664003557526
0.004632554991985671
0.005054324006778188
0.005235802003880963
0.005678631001501344
0.004780909002874978
0.004744158999528736
0.005139927990967408
0.005760087005910464
0.004657612997107208
0.004687941007432528
0.004959391997545026
0.005891209002584219
0.005176078004296869
0.005140548993949778
0.006870466997497715
0.00476709300710354
0.004813962004845962
0.005307448998792097
0.006169783009681851
0.004909465002128854
0.005148563999682665
0.005183600995223969
0.006350219002342783
0.0049797009996837005
0.004896530997939408
0.005385798998759128
0.005760949003160931
0.004989559995010495
0.005012964000343345
0.005519507001736201
0.004841004003537819
0.004997474999981932
0.004811727994820103
0.0051788929995382205
0.004848108001169749
0.005096173990750685
0.005075934997876175
0.00498500099638477
0.005027502003940754
0.004893334989901632
0.005230301001574844
0.005019927004468627
0.004046882007969543
0.004152534005697817
0.004286411000066437
0.00019399200391490012
0.0001486449909862131
0.000134066998725757
0.00451623099797871
0.004900639003608376
0.005053561995737255
0.0058582360070431605
0.005459430001792498
0.005257764001726173
0.004926649009576067
0.005353326996555552
0.005009758009691723
0.0050664070004131645
0.004948350993799977
0.005665164993843064
0.004935375007335097
0.005028323997976258
0.004934122989652678
0.005492334006703459
0.004846744996029884
0.0050510170112829655
0.0050839709874708205
0.005575964009040035
0.005190714990021661
0.005233176998444833
0.005155256993020885
0.006441244011512026
0.005229510003118776
0.0053300419967854396
0.00565904300310649
0.006036017002770677
0.005228417998296209
0.005345582001609728
0.005246102009550668
0.005177218990866095
0.0039056709938449785
0.0057301499909954146
0.00544105599692557
0.005139667002367787
0.005322188007994555
0.005991220998112112
0.0049466680065961555
0.005438580003101379
0.005103087998577394
0.005942767005763017
0.005074241998954676
0.005696123989764601
0.004971574991941452
0.005924923010752536
0.005027833001804538
0.005539675010368228
0.005968716999632306
0.004985671999747865
0.004885589994955808
0.005461263994220644
0.005855420007719658
0.004701256999396719
0.004953961004503071
0.0058703590038931
0.006044914000085555
0.005010259003029205
0.0051180260052205995
0.00474982000014279
0.004875451006228104
0.004663984989747405
0.005046598002081737
0.004668554000090808
0.004650489005143754
0.004898865998256952
0.004644597007427365
0.005243737003183924
0.0046486460050800815
0.004664355990826152
0.004774986999109387
0.004966936990967952
0.0048946769966278225
0.004905387992039323
0.005192768992856145
0.005305774990119971
0.0049214290047530085
0.005101634000311606
0.0047638369869673625
0.005135298008099198
0.0048778850032249466
0.004838860011659563
0.0049857119884109125
0.004316067002946511
0.004081668012076989
0.00018212999566458166
0.00014359499618876725
0.005348407998098992
0.005084332005935721
0.005034055007854477
0.00495706700894516
0.005321546996128745
0.005052320004324429
0.005200454004807398
0.0048778649943415076
0.0051068549946649
0.00537607999285683
0.00508958198770415
0.004774335990077816
0.006090320996008813
0.0048325579991796985
0.004923433007206768
0.0047017379984026775
0.0060480289976112545
0.004908864997560158
0.004900007988908328
0.004706396997789852
0.004731263994472101
0.00573908700607717
0.004525580006884411
0.004934363998472691
0.004540157999144867
0.005870558990864083
0.004499800008488819
0.004799564994755201
0.004567009003949352
0.005815342999994755
0.00461179600097239
0.006159582990221679
0.006363464999594726
0.004654967997339554
0.00478060900059063
0.0056336650013690814
0.005825482003274374
0.004810465994523838
0.0048281900089932606
0.004656100005377084
0.005456535000121221
0.004480784002225846
0.004421960999025032
0.0044625790033023804
0.004294316007872112
0.004907271999400109
0.004411531001096591
0.004995921990484931
0.004844240989768878
0.0039672890125075355
0.0049244050023844466
0.005371202001697384
0.004945164007949643
0.004917330996249802
0.005072268002550118
0.005202928994549438
0.005031068998505361
0.004822888993658125
0.004804244003025815
0.005531788992811926
0.00019210799655411392
0.004797300003701821
0.004564734001178294
0.004927009998937137
0.005156308994628489
0.004738117000670172
0.004676379001466557
0.0050347059877822176
0.00509395900007803
0.006537979003041983
0.005159415988600813
0.00535020099778194
0.005350050996639766
0.005105681993882172
0.006068909002351575
0.004980572004569694
0.005772030999651179
0.004979499994078651
0.005926447003730573
0.004986753992852755
0.00644347800698597
0.005922618991462514
0.0049876950070029125
0.005152792000444606
0.00463118200423196
0.004606695001712069
0.004837408007006161
0.004804665004485287
0.004944283005897887
0.004719702003058046
0.004564935006783344
0.004537872999208048
0.005314221998560242
0.004463710996787995
0.004927751011564396
0.0045211020042188466
0.004594811995048076
0.004464922996703535
0.004565907001961023
0.004757845003041439
0.0043349240004317835
0.004299887004890479
0.004779958006110974
0.0046247889986261725
0.004671980001148768
0.0049298749945592135
0.004845843999646604
0.0054671149991918355
9.362900163978338e-05
5.6599004892632365e-05
6.37420016573742e-05
5.2099989261478186e-05
5.123799201101065e-05
5.0376998842693865e-05
0.004437521012732759
0.004943931999150664
0.004727847001049668
0.004731344000902027
0.004526581993559375
0.004283376008970663
0.004336445999797434
0.004510831990046427
0.0048144330066861585
0.004787871992448345
0.0047805089998291805
0.004356716002803296
0.0048515740054426715
0.00486286600062158
0.004846334995818324
0.004995381008484401
0.004489611004828475
0.0047413340071216226
0.00458525400608778
0.004436999995959923
0.004465945006813854
0.004694693998317234
0.004810105005162768
0.004994428003556095
0.004429375010658987
0.004624428998795338
0.004373126997961663
0.004624549008440226
0.004898605009657331
0.00019653700292110443
0.005015919989091344
0.00017038600344676524
0.005886519997147843
7.403199560940266e-05
0.0011024350096704438
0.007494023011531681
0.004819562993361615
0.004648576010367833
0.004781039999215864
9.321799734607339e-05
0.005773433003923856
0.004908272996544838
0.004742606004583649
0.005857534008100629
0.004701607002061792
0.005028793995734304
0.0005157590057933703
0.005003325990401208
0.004571085999486968
0.00015011800860520452
0.0004939169884892181
9.390999912284315e-05
0.005551658003241755
0.00012604199582710862
0.005185855989111587
0.005109349003760144
0.00012608099495992064
0.006048700990504585
8.169599459506571e-05
0.005001062003429979
0.006071003008401021
0.004624419001629576
8.192699169740081e-05
8.766900282353163e-05
5.867300205864012e-05
0.004769678009324707
0.005823108003824018
0.004870210992521606
0.00457119700149633
8.123500447254628e-05
9.96309972833842e-05
0.004641431994969025
0.004763905992149375
0.004552772006718442
0.005019226009608246
0.004692239002906717
0.005652491003274918
0.00022227599401958287
8.861000242177397e-05
0.005988666001940146
0.006853875005617738
0.0001486449909862131
0.00040452599932905287
7.809000089764595e-05
0.0003384489973541349
0.004864660004386678
0.005717785999877378
0.005005710001569241
0.004918503997032531
0.0005417190113803372
0.0047038510092534125
0.005168583011254668
0.004899156003375538
0.005887682011234574
0.005806106011732481
0.004760279989568517
0.004311399010475725
0.006078808000893332
0.005313059999025427
0.0045244570064824075
0.004549085002508946
0.004916478996165097
0.00015675000031478703
0.004441949000465684
6.96139904903248e-05
5.104800220578909e-05
0.004433463007444516
0.00458787901152391
0.0005618980067083612
0.004464122001081705
0.00021685499814338982
0.005037822003941983
0.0052306319994386286
0.00444259999494534
0.00015047901251818985
0.005236473007244058
9.342900011688471e-05
6.610700802411884e-05
0.00011366800754331052
0.004415508999954909
0.004610341988154687
0.00012809499457944185
0.004677812001318671
0.004266101997927763
0.005353636996005662
0.005717746986192651
0.0001386059884680435
0.004330534997279756
0.005663453004672192
0.005831724003655836
0.004933651987812482
0.005619617004413158
0.005682217990397476
0.005018415002268739
0.005479147992446087
0.005643263008096255
9.488199430052191e-05
0.00010321800073143095
0.006699228004436009
0.0004461750068003312
0.005510599003173411
9.964099444914609e-05
0.004766512007336132
0.00017183000454679132
0.0001233770017279312
0.0046568810066673905
8.340000931639224e-05
0.004624598994269036
0.005697407003026456
0.00048348799464292824
0.0005997400003252551
0.00012767499720212072
0.005394585998146795
0.005742292996728793
0.005698419001419097
0.005786358000477776
0.005359660004614852
0.004618016988388263
8.583501039538532e-05
9.193600271828473e-05
0.0054239329911069945
0.005194120996748097
0.004959682002663612
0.00013387699436862022
5.979499837849289e-05
0.0004447230021469295
0.00018662800721358508
0.004862775997025892
0.004725482998765074
9.608401160221547e-05
0.005790556009742431
0.0002357829944230616
0.00039886499871499836
9.36399883357808e-05
9.18260047910735e-05
0.005715852006687783
8.45320028020069e-05
0.0049608550034463406
0.004691266993177123
0.0051002820109715685
7.662699499633163e-05
0.005759355990448967
0.004911850002827123
0.005771900003310293
7.70579936215654e-05
0.00471483200090006
0.0001056019973475486
0.00040092899871524423
0.007265995009220205
0.00022538199846167117
0.0004019409971078858
0.004859971013502218
8.509399776812643e-05
0.004732486006105319
0.0002038910024566576
0.004889568008366041
0.005880728000192903
0.00042779000068549067
0.005538562007131986
0.00011575200187508017
0.00012978899758309126
0.00011626299237832427
0.0010799519950523973
0.007239303988171741
0.005058572001871653
0.005087326993816532
0.005819111000164412
0.005259135999949649
0.005894675996387377
0.00026010900910478085
0.004902832995867357
0.0005027940060244873
0.004846614989219233
0.00013385700003709644
0.004701337005826645
8.715700823813677e-05
0.005709108998416923
0.004653855008655228
0.004867606010520831
0.004866453993599862
0.00578568599303253
0.004449643995030783
0.00010930000280495733
0.005441515997517854
0.00015911499212961644
0.00011904900020454079
5.004600097890943e-05
0.0055349649919662625
8.277899178210646e-05
0.0002804979885695502
0.00469006500497926
0.006024994989275001
0.004867375988396816
0.004259900000761263
0.005978176006465219
0.004998436997993849
0.0005165900074644014
0.004948670990415849
0.000183220996404998
0.006118784993304871
8.909100142773241e-05
0.0060134730010759085
0.0061345849971985444
0.005258564997348003
0.0048754500021459535
0.00016017700545489788
0.005689432000508532
0.00011779599299188703
0.004617975995643064
0.0049630879948381335
0.00014550899504683912
0.0001078469940694049
0.005678960995282978
0.00015031799557618797
0.004701437006588094
0.0046162840008037165
0.0001405100047122687
4.9305002903565764e-05
0.005497863996424712
0.004742075005196966
0.0047277979901991785
0.00021994199778418988
0.005120921996422112
0.005143194008269347
0.0048144129978027195
0.0001489160058554262
0.004851434001466259
0.005931316001806408
0.00018210899725090712
0.0048527469916734844
0.004959241996402852
0.004899956998997368
0.004880239997874014
0.00013106100959703326
0.004840272988076322
0.007222391999675892
0.004729641004814766
0.0005915240035392344
0.00012221500219311565
0.005820063001010567
0.004599160994985141
0.00016660899564158171
0.0010932970035355538
0.004703951999545097
0.00014874500629957765
0.005384396004956216
0.005920304000028409
0.0047595780051779
0.005547549997572787
0.00560688300174661
0.004716126000857912
0.004862375004449859
0.006330681993858889
0.005015830000047572
8.056400110945106e-05
0.005705142000806518
0.004995852010324597
0.0005899509997107089
0.005318089999491349
0.0004915129975415766
0.00021298800129443407
0.004742104996694252
0.0002244100032839924
9.812800271902233e-05
0.004732967994641513
0.004979940000339411
0.004975944000761956
0.007076542009599507
0.005685534997610375
0.00501386598625686
0.004634427998098545
7.475299935322255e-05
0.004508277008426376
0.005972664992441423
0.0004209369944874197
0.00022596299822907895
8.372099546249956e-05
0.00020399100321810693
0.005155307007953525
0.00021797799854539335
0.004836886000703089
0.00033189699752256274
0.005630589002976194
8.700699254404753e-05
0.005423040987807326
0.006176736002089456
0.005714721002732404
0.004747806000523269
0.0011021039972547442
0.00482486400869675
0.004684054001700133
0.005656998997437768
0.00630362999800127
0.006225058998097666
0.0006293370097409934
5.7501005358062685e-05
0.004650389004382305
0.005662230003508739
0.004787091995240189
0.004569554002955556
0.005705682007828727
0.004828429999179207
0.0056250780035043135
0.00542133700218983
0.004706826992332935
0.005681075999746099
9.298800432588905e-05
0.00010534199827816337
9.365000005345792e-05
0.0001193289936054498
0.006277720007346943
0.00020948098972439766
0.0002415329945506528
0.00012170299305580556
0.00482769901282154
0.0049981560005107895
0.004764356999658048
0.004783354001119733
0.00481680799566675
7.696700049564242e-05
0.005123606999404728
0.004854411003179848
0.004716986004495993
0.004663154002628289
0.006353213990223594
0.004705724990344606
0.004888605995802209
0.005838266995851882
0.0004656940000131726
0.00448232599592302
0.0046139689948176965
0.004718670010333881
0.005574922004598193
0.0047839449980529025
0.00011814599565695971
5.345200770534575e-05
5.5876997066661716e-05
0.006126701002358459
7.74689979152754e-05
0.004742385994177312
0.005863476006197743
0.00520916999084875
0.00501139200059697