0.011932724999496713
0.01133631200355012
0.012734943011309952
0.012158108002040535
0.012102841006708331
0.011867250010254793
0.011739986002794467
0.012005233991658315
0.011733583000022918
0.0123781290021725
0.013589852998848073
0.01305351399059873
0.01217970899597276
0.01198533599381335
0.012169469002401456
0.012142307008616626
0.012132347997976467
0.013117266993504018
0.012492658992414363
0.011779872002080083
0.012036945001455024
0.011562815998331644
0.012199556003906764
0.011922656005481258
0.014557389004039578
0.0126773929951014
0.013211718003731221
0.012173886992968619
0.012961659012944438
0.012805980004486628
0.012920880995807238
0.013129591010510921
0.012117058999137953
0.013308372988831252
0.012480434990720823
0.011902558006113395
0.011942673998419195
0.0116910120123066
0.011948904997552745
0.01163009500305634
0.011570510003366508
0.011654090994852595
0.012180088990135118
0.011815960999228992
0.012846247002016753
0.008617878003860824
0.009105282995733432
0.009493556994129904
0.012753899995004758
0.014569562001270242
0.014123045999440365
0.013006604989641346
0.011088336003012955
0.01360306800052058
0.013752886996371672
0.01353355500032194
0.013876323006115854
0.011854164011310786
0.01420502299151849
0.01378529799694661
0.012384802001179196
0.011980657000094652
0.01215244599734433
0.011797605999163352
0.011963213997660205
0.011646867002127692
0.011123322998173535
0.011619604003499262
0.012138751000748016
0.011577723998925649
0.011583975996472873
0.01151970300998073
0.011631165994913317
0.011186143005033955
0.01162502400984522
0.011767357995267957
0.01156410800467711
0.011664439996820875
0.011746989010134712
0.011972191001405008
0.011630836001131684
0.011760665001929738
0.011777637992054224
0.011480428001959808
0.011712542007444426
0.012005965007119812
0.012819976996979676
0.013051079993601888
0.01240804600820411
0.014409194001927972
0.015718384995125234
0.014787460007937625
0.017573533012182452
0.017204244999447837
0.004958970006555319
0.0045472109923139215
0.006051725998986512
0.004882232999079861
0.004270430014003068
0.01840553899819497
0.022089945006882772
0.021350577007979155
0.03259587401407771
0.02897175299585797
0.037092676997417584
0.03527942999789957
0.031673304009018466
0.03380348000791855
0.0027518069982761517
0.002280353000969626
0.002706520986976102
0.0030378160008694977
0.0024540269951103255
0.0023315010039368644
0.004813411011127755
0.016678496001986787
0.017284929999732412
0.01654287699784618
0.0030545789923053235
0.003127859003143385
0.0022957129986025393
0.002226369993877597
0.002266265990328975
0.002237050997791812
0.006808236998040229
0.019013404002180323
0.004510480008320883
0.003186210000421852
0.003917542999261059
0.003302764002000913
0.0032093550107674673
0.003288107007392682
0.0031323979928856716
0.003972268008510582
0.003514319992973469
0.0034989999985555187
0.003389189994777553
0.0032740189926698804
0.003509360001771711
0.003148619012790732
0.0031947370007401332
0.0031594500032952055
0.004030009004054591
0.003363821000675671
0.002804037998430431
0.0029759479948552325
0.00270944599469658
0.005072358006145805
0.0044840100017609075
0.004016683000372723
0.003999389999080449
0.0051935600058641285
0.005581994992098771
0.0041947049903683364
0.004117958000279032
0.003952189988922328
0.0029883109964430332
0.0028065530059393495
0.0029060639935778454
0.0038647320034215227
0.003397795997443609
0.004792100997292437
0.004230092003126629
0.005780445993877947
0.004613769007846713
0.0046072959958110005
0.005466383998282254
0.004926307999994606
0.0042707510001491755
0.005446957002277486
0.005127773998538032
0.004757964998134412
0.004314714999054559
0.006308149007963948
0.004388706001918763
0.004542662005405873
0.0054702710040146485
0.004619498999090865
0.00434180699812714
0.005443670001113787
0.005040115996962413
0.004638425991288386
0.002187435995438136
0.017862537992186844
0.015858073005801998
0.019091794005362317
0.0031704400025773793
0.013272515003336594
0.00671669100120198
0.0032218889973592013
0.019726131999050267
0.0025085710076382384
0.0029992019990459085
0.012811460997909307
0.0026353050052421167
0.012446230000932701
0.012305720010772347
0.005638404007186182
0.00400747598905582
0.0045767169940518215
0.007447643991326913
0.012680859988904558
0.011625165003351867
0.004578200008836575
0.004615612007910386
0.01371632500377018
0.006406918007996865
0.006169350992422551
0.009691316998214461
0.0034004710032604635
0.020421654990059324
0.01198324200231582
0.014376621998962946
0.015509894990827888
0.0041260329890064895
0.010927937997621484
0.0060922539996681735
0.001967161995708011
0.0022196369973244146
0.011494474994833581
0.012219134005135857
0.005185365007491782
0.00300446200708393
0.010067498005810194
0.005185874993912876
0.0107707169954665
0.002217141998698935
0.017835185004514642
0.009983516996726394
0.015143702999921516
0.0029808870021952316
0.009537341000395827
0.012354885009699501
0.015797617001226172
0.02097178999974858
0.003336288995342329
0.0034806759940693155
0.00985798599140253
0.002408518994343467
0.011128723010187969
0.01563388400245458
0.008651982992887497
0.0036414130008779466
0.002754201996140182
0.009472036006627604
0.002363061998039484
0.016463755004224367
0.0038961620011832565
0.002526064999983646
0.002962270998978056
0.0032303449988830835
0.004105513013200834
0.007356658999924548
0.0018781219987431541
0.004465423000510782
0.0020767419919138774
0.008830474995193072
0.005139536006026901
0.002086752007016912
0.003156534003210254
0.011927956002182327
0.008649428011267446
0.0112795219902182
0.0028443949995562434
0.006435643008444458
0.009623596008168533
0.006205370998941362
0.012557724010548554
0.005540636004297994
0.0021810130128869787
0.010537990005104803
0.006708025000989437
0.013395028989179991
0.002330479008378461
0.008300378001877107
0.0019837250001728535
0.002026396003202535
0.02174137599649839
0.0034976580063812435
0.0020357339963084087
0.002185881996410899
0.018272502988111228
0.004278484993847087
0.011946761005674489
0.015839537009014748
0.0035412110009929165
0.002216672000940889
0.009705713993753307
0.0036000640102429315
0.0021883969893679023
0.002140945987775922
0.0031605910044163465
0.0026464749971637502
0.007024111007922329
0.006045664995326661
0.013928102009231225
0.0038083840045146644
0.009718739005620591
0.005429242999525741
0.002150935004465282
0.0026420470094308257
0.005421255991677754
0.002009735006140545
0.0018917080014944077
0.002197715002694167
0.029327394993742928
0.017096137002226897
0.01759123700321652
0.003482708998490125
0.0023482539982069284
0.0018758680089376867
0.012641855006222613
0.003464955007075332
0.00642324800719507
0.003464103996520862
0.011872239003423601
0.002583354988018982
0.0173455659969477
0.011332012989441864
0.008589623990701512
0.0061403260042425245
0.002876986996852793
0.00537257399992086
0.0019793469982687384
0.011495765997096896
0.013705465011298656
0.019636179000372067
0.00831895500596147
0.006081222003558651
0.0019326960027683526
0.007158298001741059
0.007719664994510822
0.003192352000041865
0.00899446000403259
0.0029839119961252436
0.010404382992419414
0.006841230002464727
0.0030557400023099035
0.0057977589895017445
0.007885822997195646
0.01310649600054603
0.011581701997783966
0.002719515992794186
0.004073271993547678
0.018000080992351286
0.012720015001832508
0.003940536989830434
0.012008589998004027
0.007591068002511747
0.0020591490028891712
0.0031296320084948093
0.006044112000381574
0.00568169700272847
0.009560376012814231
0.0034155509929405525
0.0030929709901101887
0.004554213999654166
0.0031143829983193427
0.008553103005397134
0.00899498100625351
0.008633598001324572
0.01216570200631395
0.006414552000933327
0.014045907009858638
0.001188258989714086
0.002507808996597305
0.0014290910039562732
0.001276718990993686
0.002692502996069379
0.0025066469970624894
0.0024735030019655824
1.3966986443847418e-05
0.0016488219989696518
0.012441750994184986
0.006682645995169878
0.003865663005854003
0.0027106890047434717
0.004123268008697778
0.0019462029886199161
0.002389563000178896
0.0018785529973683879
0.0019394400005694479
0.0026988850004272535
0.0023835010069888085
0.002384784005698748
0.0023445570113835856
0.0023605570022482425
0.002401335004833527
0.0030643879872513935
0.0024467030016239733
0.002408759988611564
0.002410443004919216
0.0023891919991001487
0.010567685996647924
0.001629695005249232
0.0026330690016038716
0.002177967005991377
0.003671571990707889
0.0020143229921814054
0.002237971988506615
0.001948035991517827
0.00259310299588833
0.0021070309885544702
0.001934349988005124
0.0014891560131218284
0.0013853669952368364
0.001969467004528269
0.002920602011727169
0.002588204006315209
0.0024629440013086423
0.0030273060110630468
0.0026279699959559366
0.0025429170054849237
0.00399586399726104
0.0019376359996385872
0.0015434499946422875
0.0014681059983558953
0.0012595050066011027
0.0013450999977067113
0.0013461719936458394
0.0021248950070003048
0.0014572549989679828
0.0014385990070877597
0.0013786939962301403
0.0013433459971565753
0.0013600289967143908
0.0015001869905972853
0.002474715991411358
0.0023374930024147034
0.0023889509902801365
0.0024351809988729656
0.0027715250034816563
0.002347471992834471
0.002429860003758222
0.0023831809958210215
0.0028500670014182106
0.0016763649909989908
0.0020823329978156835
0.00326824800868053
0.004335404999437742
0.003472971002338454
0.010961713007418439
0.011925671991775744
0.011359645999618806
0.01054634599131532
0.0018395380029687658
0.0012960460007889196
0.0012947329960297793
0.010287719996995293
0.00300487301137764
0.00788818800356239
0.003687882999656722
0.003737838997039944
0.0035601679992396384
0.00818762299604714
0.0031573759915772825
0.002264221999212168
0.0014903480041539297
0.01110218299436383
0.010129536007298157
0.00944860999879893
0.013438732989015989
0.014127283997368068
0.014273113003582694
0.014694712008349597
0.013467117998516187
0.013702798998565413
0.013734079999267124
0.011675582005409524
0.013790127006359398
0.01414238200231921
0.01484767600777559
0.01379333299701102
0.013264780005556531
0.015038551995530725
0.014801676996285096
0.01457673599361442
0.013177322005503811
0.013436248002108186
0.01435195498925168
0.014038413995876908
0.013894848001655191
0.013683181998203509
0.005547840002691373
0.010989114991389215
0.005331615000613965
0.011354486006894149
0.005667500008712523
0.011043759994208813
0.012344203991233371
0.01247521500044968
0.011351018998539075
0.002247541007818654
0.0017446159909013659
0.0016512770089320838
0.0017984500009333715
0.0019211150065530092
0.009769957003300078
0.010405737004475668
0.009185447008349001
0.011860857004649006
0.009456266008783132
0.00964046899753157
0.00985729398962576
0.010900845998548903
0.010192367000854574
0.008955394994700328
0.010901576999458484
0.0027494730020407587
0.011019233003025874
0.011875955999130383
0.010365299007389694
0.009651461004978046
0.01015743101015687
0.009502944987616502
0.00940680100757163
0.009061338991159573
0.010973113996442407
0.010331975005101413
0.008738870004890487
0.00953416500124149
0.009888062995742075
0.011072484994656406
0.010208018007688224
0.009883124002953991
0.010086213005706668
0.01210381300188601
0.011925770988455042
0.00975189299788326
0.012184537990833633
0.010389053990365937
0.009568630994181149
0.00932794000254944
0.009782922003068961
0.010978875987348147
0.010524404002353549
0.008989911992102861
0.008954783988883719
0.009952517008059658
0.00986993899277877
0.009579332006978802
0.011859184000059031
0.011315731011563912
0.009875739997369237
0.01209016700158827
0.002120206001563929
0.0016244549915427342
0.0017648639914114028
0.0016958320047706366
0.008408947003772482
0.009830283001065254
0.010579930996755138
0.010818126989761367
0.008741634999751113
0.010489456006325781
0.0023154509981395677
0.0018505189946154132
0.0017996620008489117
0.001786416003596969
0.0017607869958737865
0.001724828005535528
0.0016863650089362636
0.0020848389976890758
0.0017973770009120926
0.0017783200019039214
0.001758261991199106
0.002012069002375938
0.001826281993999146
0.011285843997029588
0.001908178994199261
0.00904369399358984
0.010748995002359152
0.010601321002468467
0.009308371998486109
0.009245902998372912
0.011074128997279331
0.010728045002906583
0.00915511698985938
0.00994750700192526
0.0033339340006932616
0.0029414809978334233
0.0029971079929964617
0.002393920993199572
0.0024238180048996583
0.002341951010748744
0.013967537001008168
0.0033921060094144195
0.0029858359921490774
0.002752939995843917
0.002486067998688668
0.012580547001562081
0.010242953998385929
0.0113838920078706
0.0021074020041851327
0.0016739209968363866
0.0017219319997821003
0.001589798994245939
0.001856160000897944
0.0016030239930842072
0.001668990997131914
0.0017725889920257032
0.0019239599932916462
0.0018152609991375357
0.0017858949868241325
0.0017730510007822886
0.0018035489920293912
0.0017971969937207177
0.0015907210035948083
0.0016137450002133846
0.0015776249929331243
0.0016842199984239414
0.0017982189892791212
0.001816033007344231
0.0017860260122688487
0.0017605760076548904
0.0017287160007981583
0.0015838070103200153
0.0016847000078996643
0.0015543109911959618
0.0016149369912454858
0.001653821993386373
0.001575040994794108
0.0015602419880451635
0.0015993470005923882
0.001797578006517142
0.0016169909940799698
0.009162962989648804
0.011277197991148569
0.015191523998510092
0.012401855012285523
0.002192845000536181
0.0018064239993691444
0.0018718500068644062
0.0019676439987961203
0.0018075260013574734
0.001775634998921305
0.0017427530110580847
0.0018117250001523644
0.0017712769913487136
0.0019296109967399389
0.001819448996684514
0.0017832400044426322
0.00167981100094039
0.0015887669869698584
0.0020278290030546486
0.0015848089969949797
0.0016097969928523526
0.0015905999898677692
0.0017947519954759628
0.0018533639959059656
0.0015964820049703121
0.0016105589893413708
0.0020510330068646
0.0016937579930527136
0.0019708000036189333
0.00242441899899859
0.008944835004513152
0.003738189989235252
0.0036551090015564114
0.0021673970040865242
0.0017883599939523265
0.0018338869995204732
0.002216610999312252
0.0017989100015256554
0.002095849995384924
0.0017902830004459247
0.0017181750008603558
0.012871505008661188
0.01462351600639522
0.013555988000007346
0.012914828999782912
0.013886642002034932
0.013777462998405099
0.013255981990369037
0.0020444709953153506
0.0017757960013113916
0.01335020299302414
0.013957928997115232
0.009467918003792875
0.002267999996547587
0.012587710996740498
0.008825455995975062
0.0030015660013305023
0.0021070310031063855
0.0018301100062672049
0.008379559993045405
0.008955305005656555
0.0020724850037368014
0.0035950140008935705
0.0019479259935906157
0.009656269001425244
0.010250378996715881
0.0019518640037858859
0.012961688000359572
0.030420530994888395
0.014177208999171853
0.002042537002125755
0.0024726120027480647
0.02154943800996989
0.012006455988739617
0.0019331469957251102
0.001935893000336364
0.009219801999279298
0.004186197998933494
0.0019556199986254796
0.0020357339963084087
0.001806183994631283
0.0017520199908176437
0.001620556999114342
0.0019934029987780377
0.0018939129950013012
0.0018144789937650785
0.0017970059998333454
0.0018407199968351051
0.0018026379984803498
0.0017829290009103715
0.0030362219986272976
0.0023501770047005266
0.0016454760043416172
0.0016757340054027736
0.0017509280005469918
0.0018113640107912943
0.0017809350101742893
0.0019326860056025907
0.0017975170048885047
0.001762080006301403
0.001836612995248288
0.001800302998162806
0.0018642049981281161
0.0017739019967848435
0.0017883890104712918
0.001767420006217435
0.0015968619991326705
0.002060722006717697
0.001755386998411268
0.0024528240028303117
0.0022000000026309863
1.3786993804387748e-05
0.0022392340033547953
0.0015825050068087876
0.0014382179942913353
0.0016133439930854365
0.0016495529998792335
0.00980838100076653
1.4867997379042208e-05
0.002115836992743425
0.0023086779983714223
0.0021902709995629266
0.001746680005453527
0.003518447992973961
0.003584594000130892
1.8466002075001597e-05
0.0020505829888861626
1.3755998224951327e-05
0.011347662992193364
0.0023300890024984255
0.0016388829972129315
0.0016915640007937327
0.009926797996740788
0.005730770993977785
0.012289038990275003
0.0022538320044986904
1.4819001080468297e-05
0.0025673540076240897
0.007962631003465503
2.0769992261193693e-05
0.0032049459987320006
0.002398399999947287
0.0019638359954115003
0.010173129994655028
1.739300205372274e-05
0.0024803870037430897
0.0025845669879345223
0.0030807279981672764
0.001387762007652782
0.002505315002053976
1.6552003216929734e-05
0.0034008429938694462
0.002605546993436292
0.0031175590120255947
1.957699714694172e-05
0.0016927359974943101
0.007690598999033682
0.0013610500027425587
0.001677446998655796
0.0022545839892700315
0.0024750570009928197
0.004840473004151136
0.002896876001614146
0.011383231001673266
0.0018960470042657107
0.008302794012706727
0.0021266889962134883
0.002094768002280034
0.003089224992436357
0.009503905996098183
2.5558998459018767e-05
0.0024865790037438273
0.01024350500665605
0.002248552002129145
0.0021276600018609315
0.001586101992870681
0.0020772639982169494
0.0013721110008191317
0.008737045995076187
0.0020083319977857172
0.003051002000574954
0.010012651997385547
0.0025654600030975416
0.009972706000553444
2.0449995645321906e-05
0.0108191900071688
0.015746980003314093
1.909700222313404e-05
1.334601256530732e-05
1.4146993635222316e-05
0.014878595000482164
0.003409468990867026
0.009745410003233701
0.008421680991887115
0.0019678140088217333
0.0025566530093783513
0.0015814630023669451
0.0017576310056028888
0.0016450449911644682
1.6131001757457852e-05
0.003309297011583112
1.6391000826843083e-05
8.816990884952247e-06
0.010136230004718527
2.168100036215037e-05
1.4989011106081307e-05
0.0025107850087806582
0.0012746440042974427
0.0022770270006731153
0.0017217919958056882
0.00210015699849464
0.002071483002509922
0.002847591007594019
1.932699524331838e-05
0.0019090510031674057
1.4156990800984204e-05
0.004164626996498555
0.002358703000936657
1.339599839411676e-05
0.013449673991999589
0.002509071011445485
0.00218410900561139
1.7893995391204953e-05
0.003291462009656243
0.001843024991103448
0.0018829409964382648
0.00340542099729646
0.013062732003163546
0.00290737600880675
0.0022589330037590116
0.001918959998874925
1.750400406308472e-05
0.0016490719863213599
0.002245124996989034
0.0017847129929577932
0.0018827700114343315
1.2895005056634545e-05
0.0024484159948769957
0.002064779997454025
1.4557997928932309e-05
0.001707894989522174
0.001948286997503601
0.0024244700034614652
0.0022266909945756197
0.0014316360029624775
0.0018472119991201907
0.00252814800478518
0.003005013000802137
0.0019798069988610223
1.434699515812099e-05
0.001965539006050676
0.002797084001940675
0.002457242997479625
0.0020988650067010894
0.0014747079985681921
0.001614487002370879
0.0017142180004157126
0.0019588770082918927
0.009635490001528524
0.0022418290027417243
0.0023116439988370985
0.0014861210074741393
0.0034017940051853657
0.002004794994718395
0.0025349009956698865
0.002790621991152875
2.4496999685652554e-05
0.013640389995998703
0.00264405099733267
0.010248934995615855
0.0021998690062901005
0.002335640005185269
0.012127338006393984
0.0037854500114917755
0.002842520989361219
0.0020564029982779175
0.0021281520021148026
0.0018373139901086688
0.0018011139909503981
0.011220889995456673
0.0030603889899794012
0.0032550030009588227
0.001493022995418869
0.0018648969999048859
0.0016852819971973076
2.1661995560862124e-05
0.0018097709980793297
0.005532551003852859
0.0015267679991666228
0.0022342149895848706
0.0018636849999893457
0.009327007996034808
0.0023159310076152906
0.0023182260047178715
0.00797823999891989
0.003071841987548396
0.0018241979996673763
0.013168213990866207
0.0020723640045616776
0.0022252780036069453
0.002929758993559517
2.2432999685406685e-05
0.0031709409959148616
0.002119123993907124
0.00231270601216238
0.0024127070064423606
1.773399708326906e-05
0.0022070830018492416
0.0015618360048392788
0.0016900710033951327
0.004703790997155011
1.640099799260497e-05
0.001945151001564227
0.0022868059895699844
0.0027564359916141257
0.0018639850022736937
0.003424096998060122
0.0022974960011197254
1.4707999071106315e-05
0.001991138997254893
0.008518707996699959
0.002695368995773606
0.0024019970005610958
0.005586543993558735
0.005397140994318761
0.01064039600896649
0.005091906001325697
0.002589837007690221
0.0028467699885368347
1.8304999684914947e-05
0.009752373996889219
1.9818005966953933e-05
0.002479093993315473
0.008087711001280695
0.002606217996799387
0.004379288002382964
0.003602128999773413
0.0021538410073844716
0.009711405000416562
0.00828083099622745
0.0029587750032078475
0.0016459159960504621
1.3946992112323642e-05
0.002438957992126234
0.0021465769968926907
0.0026846480031963438
0.002153700013877824
0.00464614100928884
0.01014991500414908
0.011648108993540518
0.002003753004828468
0.001991860000998713
0.002165804005926475
0.012518668998382054
0.0019495089945849031
0.003673996005090885
0.01097794399538543
0.002944216990727
0.008048596006119624
0.0022450260003097355
0.001701733999652788
0.0027155279967701063
0.0019518029876053333
0.0019778529967879876
0.007817402001819573
0.002277338004205376
0.010624966002069414
1.7983998986892402e-05
1.3505996321327984e-05
0.0020345020020613447
0.002050251991022378
0.0017695240094326437
0.0020347120007500052
0.001979435997782275
0.011090961008449085
1.819500175770372e-05
0.0024532649986213073
0.008946988004026935
0.0022825580090284348
0.0015442620060639456
0.001666025011218153
0.002015484991716221
0.0017340360063826665
0.0032535100035602227
1.5569006791338325e-05
0.0026792979915626347
0.002306964001036249
0.002059730002656579
0.0016287330072373152
0.00349238800117746
1.6021003830246627e-05
0.0014472460024990141
0.0032424189994344488
0.008715335003216751
0.0026023009995697066
0.0022809640067862347
0.0017065529973478988
0.0014891559985699132
0.0017493649938842282
0.0026516350044403225
0.0019886639929609373
0.002251027006423101
0.0046245090052252635
0.002152126995497383
0.001788440000382252
0.0022328920022118837
0.0024447989999316633
0.011628741995082237
0.002310601994395256
0.012831899992306717
0.0025272670027334243
0.0022603149991482496
0.016197083998122253
0.0024411710037384182
0.0024105530028464273
1.5609010006301105e-05
0.0038748410006519407
1.4717996236868203e-05
0.009055346003151499
0.0034003309992840514
0.011256147001404315
2.0729989046230912e-05
1.095100014936179e-05
0.002748590995906852
0.0018128469964722171
0.0019609709997894242
0.002557795000029728
0.0019060149934375659
1.9807994249276817e-05
0.003363661002367735
0.0021510759979719296
0.0018658179906196892
0.00987456800066866
0.00905726000200957
0.002403890001005493
0.0018040599970845506
0.002980707009555772
0.0036180589959258214
0.002733221001108177
0.00223431499034632
2.3465006961487234e-05
0.001925952994497493
1.3986995327286422e-05
0.002765163008007221
0.0030456410022452474
0.008208161001675762
0.001933417996042408
0.0016409069939982146
0.001886768004624173
0.0021803810086566955
0.009761389999766834
0.009955162997357547
0.003425528993830085
0.013668423998751678
0.01146954600699246
0.0020811010035686195
1.7073005437850952e-05
0.0023979590041562915
0.002215910004451871
0.0017520099936518818
0.004532954000751488
0.0023243680043378845
0.008484071004204452
1.885599340312183e-05
0.0022362790041370317
0.0025082210049731657
0.0014072179910726845
0.0020262260077288374
0.005183993009268306
0.0028124140080763027
0.0020766119996551424
0.0020235909905750304
0.001790092996088788
0.0018266529950778931
0.010645406000548974
0.0019246009906055406
0.0030400099931284785
0.003667513999971561
0.0018745950073935091
0.01238307800667826
0.005199792009079829
0.002237881999462843
0.01564977300586179
0.018818550001014955
0.006115409007179551
0.005411448000813834
0.005817356999614276
0.006159281998407096
0.006118575009168126
0.005826634995173663
0.006369426002493128
0.005682517992681824
0.005188601004192606
0.006082143998355605
0.005909774001338519
0.00573700200766325
0.006057277001673356
0.005779213999630883
0.005718636995879933
0.006019113992806524
0.0057493159984005615
0.0057441560056759045
0.0059642080013873056
0.0060625269979937
0.005789543007267639
0.005442096997285262
0.0058699679939309135
0.00583897800242994
0.005748936004238203
0.0057515400112606585
0.006983141996897757
0.00571246599429287
0.008969442002126016
0.008463791993563063
0.02065009299258236
0.0071863319899421185
0.006764993988326751
0.016373059988836758
0.017263989997445606
0.01830605699797161
0.019918520003557205
0.01790708300541155
0.019593467004597187
0.0297515080019366
0.018627804005518556
0.02038514601008501
0.021848281001439318
0.008932830998674035
0.008908845993573777
0.008963931002654135
0.008988658999442123
0.008492737004416995
0.008643164997920394
0.008453022004687227
0.008525760989869013
0.00864093100244645
0.008449615008430555
0.008349593001184985
0.00829779400373809
0.008264629999757744
0.00825047200487461
0.008341136999661103
0.008271623999462463
0.008578893000958487
0.00832779100164771
0.008623096990049817
0.008334844998898916
0.008740372999454848
0.01677698499406688
0.012084186004358344
0.011170853991643526
0.011232662000111304
0.01096885600418318
0.011372670996934175
0.011139964000904001
0.011069648986449465
0.010484637998160906
0.0110701099911239
0.010608875993057154
0.010614615996018983
0.010715301003074273
0.010634875012328848
0.010326414005248807
0.010275045002344996
0.010697485995478928
0.010288642006344162
0.010572265993687324
0.010155256008147262
0.010493354988284409
0.010192236994043924
0.010832705011125654
0.009858215998974629
0.01040733999980148
0.010251950996462256
0.010804221004946157
0.01076894300058484
0.005868103995453566
0.010719958998379298
0.01088970500859432
0.010733595001511276
0.010500427990336902
0.010212535999016836
0.009904756007017568
0.00983476200781297
0.01005921199976001
0.010351242002798244
0.010607272997731343
0.007610184999066405
0.006511878993478604
0.005045697005698457
0.0048477270029252395
0.005005861006793566
0.005226082997978665
0.006419372002710588
0.010022100992500782
0.016099576008855365
0.006131279005785473
0.00607277599920053
0.005834067997056991
0.006089367991080508
0.0060638400027528405
0.006016018000082113
0.005826764012454078
0.006680843012873083
0.006482141005108133
0.006404182990081608
0.007634602006874047
0.005855219002114609
0.006392981013050303
0.006393360992660746
0.006178459007060155
0.006632409989833832
0.006355288001941517
0.00618239700270351
0.006319228996289894
0.006524753000121564
0.00646078099089209
0.006199669995112345
0.006526317010866478
0.006200310992426239
0.0056829690001904964
0.00608191400533542
0.005973045001155697
0.00652558499132283
0.013885118998587132
0.0025353020027978346
0.0024694760068086907
0.0025803690077736974
0.002709095992031507
0.0027038059924962
0.0027500739961396903
0.00292699399869889
0.0025657310034148395
0.002444027006276883
0.002461099997162819
0.0026526270085014403
0.0028736410022247583
0.0027894699887838215
0.002789689999190159
0.0025989239948103204
0.0025701590056996793
0.002501397000742145
0.0025471449916949496
0.0026358949980931357
0.0025038919993676245
0.0025359440041938797
0.002745885998592712
0.002716931005124934
0.0026621550059644505
0.0026873539900407195
0.0029022859962424263
0.00272553700779099
0.002657978009665385
0.0026557630044408143
0.00268622201110702
0.002699446995393373
0.0028850129892816767
0.0029275249980855733
0.0030303810053737834
0.0029283659969223663
0.002983041005791165
0.0029427129920804873
0.0029905159899499267
0.0032535300124436617
0.003157265004119836
0.0028282340063015
0.002931983006419614
0.002430421009194106
0.0023971269984031096
0.002314890007255599
0.0022902119962964207
0.0024804169952403754
0.002569737989688292
0.002534650993766263
0.0025237200025003403
0.0025906989903887734
0.002462723001372069
0.00232475801021792
0.0025632960023358464
0.002348634006921202
0.0023335959995165467
0.002385635001701303
0.0026325190119678155
0.0026057270006276667
0.0026586889871396124
0.0025591790035832673
0.0025808700011111796
0.0025626849965192378
0.0024837939999997616
0.0027170310058863834
0.0030106640042504296
0.0027227120008319616
0.002538378001190722
0.0024356409994652495
0.002479654998751357
0.0025090010021813214
0.002765584009466693
0.002746718004345894
0.002927534995251335
0.0027846099983435124
0.002765804994851351
0.002748772007180378
0.0025776130059966817
0.0024812390038277954
0.0027466669998830184
0.0027416779921622947
0.00278096400143113
0.002764111995929852
0.0028113610023865476
0.004753737011924386
0.0046094699937384576
0.004343630003859289
0.004253967999829911
0.0046795640082564205
0.004682248996687122
0.004188703009276651
0.004834581995964982
0.004365913002402522
0.004125452003790997
0.0042844270064961165
0.0048307649994967505
0.004503567004576325
0.004017725004814565
0.004575664992444217
0.004064384993398562
0.004762263008160517
0.004910587987978943
0.004637334001017734
0.004706145002273843
0.004798221998498775
0.004557409993140027
0.004078131998539902
0.004340604005847126
0.004558282002108172
0.00479587800509762
0.004646109999157488
0.004892903001746163
0.009810314993956126
0.01083575100346934
0.010765365994302556
0.010741489997599274
0.0108203819982009
0.010784583006170578
0.010886067000683397
0.010642481007380411
0.010627651994582266
0.010998623998602852
0.010470220004208386
0.009977544992580079
0.010583968003629707
0.010750196990557015
0.009690193997812457
0.0108330460061552
0.010733183997217566
0.010340752007323317
0.01064116800262127
0.01087642899074126
0.010713637006119825
0.010479817996383645
0.010787068007630296
0.010443117993418127
0.010627370997099206
0.010384756009443663
0.010963306005578488
0.010417008001240902
0.01078296999912709
0.010207785991951823
0.009877753996988758
0.010467965999851003
0.010780194992548786
0.011015556010534056
0.010686615001759492
0.010357314007706009
0.011367982006049715
0.01161212999431882
0.010890656005358323
0.010673709999537095
0.010860889000468887
0.010984336011460982
0.010736820986494422
0.011057265000999905
0.010914843005593866
0.010872661994653754
0.010817585993208922
0.01168779500585515
0.010913870995864272
0.010827085003256798
0.01069329799793195
0.010594207007670775
0.01083180400019046
0.010729718007496558
0.010775706003187224
0.010778201001812704
0.010774192996905185
0.011067785992054269
0.010800383010064252
0.01083314600691665
0.010736279989941977
0.010721091006416827
0.010753442998975515
0.011186613992322236
0.011501076995045878
0.01227069299784489
0.011032879003323615
0.010928800009423867
0.010918610001681373
0.010800172996823676
0.01076772999658715
0.011009153997292742
0.010861991002457216
0.010825091012520716
0.011024161998648196
0.010968685994157568
0.010913079997408204
0.010854767999262549
0.010881319001782686
0.010764393999124877
0.010885926996706985
0.010782639001263306
0.01104634499642998
0.01077288000669796
0.011123673000838608
0.010872632003156468
0.011018571996828541
0.010786677012220025
0.01084658200852573
0.010718206001911312
0.010815350993652828
0.01034551000338979
0.010225460995570756
0.010766769002657384
0.010706542991101742
0.010709990005125292
0.010704529006034136
0.01088302100833971
0.010830250001163222
0.01072516899148468
0.010854066000320017
0.010727093002060428
0.010576193002634682
0.010746038999059238
0.010725649000960402
0.010755716997664422
0.010795633992529474
0.010863474002690054
0.011153429994010366
0.010787767998408526
0.010874765997868963
0.010286717995768413
0.010740037992945872
0.010654232988599688
0.010677657992346212
0.01086058899818454
0.010749384993687272
0.010961231993860565
0.010819830000400543
0.010799411000334658
0.010001932008890435
0.009722085000248626
0.00978620900423266
0.01018289900093805
0.010063569992780685
0.01015331200323999
0.010172288995818235
0.010108356000273488
0.0043182419904042035
0.004223871001158841
0.004031191012472846
0.004057541998918168
0.004264798000804149
0.0037597610062221065
0.004172151006059721
0.0038048569986131042
0.003884760008077137
0.004381263002869673
0.00408399201114662
0.004285467992303893
0.004087579989572987
0.004105803993297741
0.00405150098958984
0.003971566999098286
0.0044106490095146
0.004142905003391206
0.004138788004638627
0.004075777003890835
0.00411442099721171
0.004109992005396634
0.004155759990680963
0.0040977890021167696
0.004075596007169224
0.0041166349983541295
0.004108799999812618
0.004324484005337581
0.006262159993639216
0.007763239002088085
0.00808441499248147
0.00824148599349428
0.00862084300024435
0.005694491002941504
0.009063732009963132
0.0049298749945592135
0.010927707000519149
0.010657419989001937
0.0099518060014816
0.010645005997503176
0.00917280100111384
0.0068864170025335625
0.0056847520027076825
0.009204813002725132
0.009684703996754251
0.009919162999722175
0.0008741670026211068
0.009409495993168093
0.0009526270005153492
0.01209688899689354
0.010309089993825182
0.010425694999867119
0.004870910997851752
0.008410239010117948
0.0109832439920865
0.011099857001681812
0.0059394910058472306
0.011476019004476257
0.010111251001944765
0.008442640988505445
0.009583139006281272
0.013334613002371043
0.002870233991416171
0.011402588002965786
0.009651038999436423
0.008517063994077034
0.010145166001166217
0.0071864630008349195
0.008576077001634985
0.0008254529966507107
0.008896211002138443
0.010870176993194036
0.009849649999523535
0.010828997998032719
0.004238238005200401
0.004128436994506046
0.004349801994976588
0.009980711009120569
0.008006675998331048
0.00944768899353221
0.0024989429948618636
0.012570627994136885
0.01412912699743174
0.005468797986395657
0.003877245995681733
0.0038753520057071
0.014870168000925332
0.011680069990688935
0.005805202992632985
0.010557055997196585
0.014510328008327633
0.01280601900361944
0.004706737003289163
0.010546266013989225
0.004268425007467158
0.013115684007061645
0.010765266008093022
0.011249324001255445
0.0007293590024346486
0.004251613994711079
0.005271219008136541
0.0027027640026062727
0.009731393001857214
0.013644577993545681
0.008694624004419893
0.006017119987518527
0.010069160998682491
0.010593145998427644
0.005217475991230458
0.005160986998816952
0.01158081999165006
0.01143121300265193
0.0029775999864796177
0.00713198799348902
0.010392922005848959
0.0036633959971368313
0.005125809999299236
0.009907100000418723
0.012358841995592229
0.009023525009979494
0.009537231002468616
0.010205422004219145
0.017724282006383874
0.0007082090014591813
0.012214405011036433
0.008136975011439063
0.0030534449906554073
0.009308983004302718
0.00888282600499224
0.00638818099105265
0.009736352993058972
0.005699090004782192
0.009965662000468
0.003596266993554309
0.004126744010136463
0.012700728009804152
0.010680673993192613
0.00381456600734964
0.012338603002717718
0.008046753006055951
0.00563368400617037
0.004432080007973127
0.009435936008230783
0.004818681001779623
0.009352184992167167
0.0032233219972113147
0.0093638880061917
0.010274414991727099
0.004534557010629214
0.004052713004057296
0.011244535009609535
0.003924506003386341
0.010557136993156746
0.0048803099925862625
0.003894599009072408
0.013315465999767184
0.010107663998496719
0.009625070000765845
0.008724441009690054
0.009482396009843796
0.009771490003913641
0.009519576997263357
0.010459719997015782
0.01687169700744562
0.00552465500368271
0.009441878006327897
0.008903474998078309
0.008398627003771253
0.009390899998834357
0.015919209996354766
0.010370649004471488
0.008573993007303216
0.011913387992535718
0.0050069220014847815
0.006852792008430697
0.007544529013102874
0.01044366900168825
0.016689205993316136
0.009537319987430237
0.018301368996617384
0.009065716993063688
0.004472255997825414
0.000703609999618493
0.011258321988862008
0.0064164759969571605
0.010070152988191694
0.009984238000470214
0.0030478349945042282
0.010037760992418043
0.0094523480074713
0.017765490993042476
0.008612097008153796
0.015950229004374705
0.010364386995206587
0.00997644299059175
0.012793886009603739
0.012013779996777885
0.008208431987441145
0.011521666994667612
0.004459643008885905
0.009767873008968309
0.0040958760073408484
0.01074563799193129
0.009297210010117851
0.008414737996645272
0.011176663989317603
0.009819261002121493
0.004866672999924049
0.0038726369966752827
0.010439791993121617
0.009905226004775614
0.004501784002059139
0.005329931998858228
0.0076046239992138
0.01021608299924992
0.010620126995490864
0.009338850009953603
0.0097826109995367
0.004720783996162936
0.0009421969880349934
0.003829814988421276
0.0039995300030568615
0.010095851990627125
0.0009384399891132489
0.008254380998550914
0.008594253013143316
0.010388262991909869
0.010257001005811617
0.008391394003410824
0.009551227994961664
0.003358750996994786
0.015767939999932423
0.00630854899645783
0.0073129049997078255
0.002821240996127017
0.009284186002332717
0.01660627798992209
0.011249635004787706
0.004570285003865138
0.002913407006417401
0.005228388006798923
0.010578586996416561
0.0030474439990939572
2.417698851786554e-05
0.016653166996547952
0.004187159996945411
0.008441448997473344
0.005415976993390359
0.005591684006503783
0.009242646003258415
0.006014113998389803
0.017857537997770123
0.011565691005671397
0.010972782998578623
0.005148374009877443
0.009447538992390037
0.004235311993397772
0.004237095999997109
0.009235040997737087
0.00828383699990809
0.011385335004888475
0.004445995989954099
0.0054541700083063915
0.010916915998677723
0.010795813999720849
0.013666079001268372
0.0026682669995352626
0.016031394989113323
0.00930567699833773
0.002842611007508822
0.002788787998724729
0.00420381200092379
0.008369409988517873
0.014384516995050944
0.0041226659959647804
0.010088779003126547
0.0007658890099264681
0.014410586998565122
0.004683633000240661
0.0045390349987428635
0.008727348002139479
0.0007116550114005804
0.00942441399092786
0.005032601999118924
0.004866132003371604
0.014698458995553665
0.004588919997331686
0.003753828990738839
0.009082919001230039
0.014203429003828205
0.00839650300622452
0.008936327998526394
0.005681896989699453
0.009129639001912437
0.009117666006204672
0.0028052400011802092
0.012123800988774747
0.012493419999373145
0.013844821995007806
0.013454433996230364
0.004149107000557706
0.005315264003002085
0.013086947990814224
0.005225561995757744
0.005183772009331733
0.009437658998649567
0.008887615011190064
0.009122224000748247
0.008914225996704772
0.010168289998546243
0.010944861001917161
0.0054594899993389845
0.005478646999108605
0.007560380006907508
0.011244905996136367
0.012477790005505085
0.00904801199794747
0.008718451004824601
0.009815633995458484
0.011207154006115161
0.006953204996534623
0.010932416000287049
0.017150953004602343
0.01580259599722922
0.011262308995355852
0.009736912994412705
0.009653774002799764
0.0009432790102437139
0.0007084889948600903
0.0030255530000431463
0.017241255001863465
0.004333750999649055
0.003506955996272154
0.0088703419896774
0.01072218299668748
0.004078861995367333
0.009730881996802054
0.005636861009406857
0.009499036998022348
0.009065326012205333
0.0054033530032029375
0.008980142010841519
0.0007383859920082614
0.0007124760013539344
0.006096351004089229
0.004591736986185424
0.01101419300539419
0.009294755000155419
0.004403585000545718
0.007861496997065842
0.009888885004329495
0.010132341994903982
0.012170279995189048
0.01011606099200435
0.011885633997735567
0.0007485750102205202
0.010559481990640052
0.0108638149977196
0.009952196007361636
0.011779481006669812
0.004327098009525798
0.010432498005684465
0.0035703979956451803
0.0031035930005600676
0.006474958005128428
0.009813530996325426
0.005388012999901548
0.013121514988597482
0.009422381001058966
0.011068708001403138
0.01123246100905817
0.010234998000669293
0.010910655008046888
0.00877830499666743
0.013922361002187245
0.0054439500090666115
0.011111038998933509
0.01768783200532198
0.00919916300335899
0.010414874006528407
0.012898376007797197
0.006293750993791036
0.0065640489920042455
0.004713539994554594
0.01242524899134878
0.005334009998477995
0.005744516005506739
0.009097276008105837
0.010652119002770633
0.005687747994670644
0.010444810992339626
0.011279211001237854
0.006221663003088906
0.003666181000880897
0.008726396001293324
0.010313599006622098
0.011415182001655921
0.0009610830020392314
0.007705947995418683
0.005563258993788622
0.009442598995519802
0.01047340598597657
0.003927982994355261
0.014308872006949969
0.004074714001035318
0.00973598200653214
0.009980311006074771
0.005705342002329417
0.0008419649966526777
0.007707751996349543
0.004474992005270906
0.002870135009288788
0.01015150900639128
0.005490250012371689
0.01036082000064198
0.005305054000928067
0.004804113996215165
0.011657006005407311
0.002958975004730746
0.0037614329921780154
0.002844315007678233
0.006031978002283722
0.007034420996205881
0.009264446998713538
0.01080714499403257
0.006359466002322733
0.011634071997832507
0.013381823999225162
0.014050876998226158
0.01026152000122238
0.007457852989318781
0.008443441998679191
0.007767136994516477
0.005955410990281962
0.0027802020049421117
0.009838377998676151
0.009141873000771739
0.012294808999286033
0.012075788996298797
0.010354056998039596
0.008413194998865947
0.0188906789990142
0.009719739988213405
0.01323468200280331
0.032830923999426886
0.006328397008473985
0.010007232005591504
0.008764147001784295
0.010789060994284227
0.008733498994843103
0.010011951002525166
0.008504659999744035
0.01044627399824094
0.009353668996482156
0.009233487988240086
0.010812265987624414
0.009147182005108334
0.01085824499023147
0.009264237000024877
0.008683563995873556
0.010059813008410856
0.015402898992761038
0.015278852006304078
0.015016138000646606
0.014826233993517235
0.004876200997387059
0.004981493009836413
0.004619769999408163
0.004543303002719767
0.007947633013827726
0.009303863000241108
0.008758497002418153
0.008137676006299444
0.0119483640010003
0.011187936004716903
0.011537597005371936
0.009381240990478545
0.011913508002180606
0.01124638901092112
0.012138239006162621
0.010268533005728386
0.011214377009309828
0.011285423010122031
0.010900074004894122
0.009794001991394907
0.011383502001990564
0.01124167900707107
0.011177086009411141
0.010803497993038036
0.011591971007874236
0.011675300993374549
0.010977952988469042
0.011793747995398007
0.011379793999367394
0.011851489005493931
0.0123097979958402
0.012349844997515902
0.011694447995978408
0.01210146899393294
0.012391614989610389
0.011691802996210754
0.01194001900148578
0.011652898989268579
0.012546893005492166
0.012847719001001678
0.012468772998545319
0.012339314998826012
0.012296111002797261
0.012424318003468215
0.012113150994991884
0.011623682992649265
0.011245044996030629
0.011739884997950867
0.011090038999100216
0.011320571007672697
0.010653020988684148
0.011991737992502749
0.010896767998929136
0.011492720994283445
0.011087604012573138
0.011540913008502685
0.011226450005779043
0.010957824997603893
0.01112008599739056
0.01160306201200001
0.011760995999793522
0.011062286008382216
0.011485937997349538
0.01183688099263236
0.010596491993055679
0.011252580006839707
0.010864967000088654
0.01176304901309777
0.01131206500576809
0.01190542199765332
0.01097451699024532
0.012068474999978207
0.011555702003533952
0.01155409800412599
0.011265505003393628
0.011734824991435744
0.011201241999515332
0.011986497993348166
0.010581613998510875
0.011161205009557307
0.010600478999549523
0.012229133993969299
0.011564268002985045
0.01168439800676424
0.0111744800087763
0.01094184399698861
0.011941662000026554
0.01517304900335148
0.012129743001423776
0.009846372995525599
0.010014144994784147
0.011706320001394488
0.015211502002784982
0.014011191000463441
0.014968415998737328
0.004385760999866761
0.004193522996501997
0.004140340999583714
0.008169587992597371
0.007456120001734234
0.007516594996559434
0.011813485994935036
0.010378484003013
0.01083186300820671
0.009630669999751262
0.011426133001805283
0.010902438996708952
0.010872771992580965
0.009668541999417357
0.011604444996919483
0.010895063998759724
0.011697102003381588
0.009706394994282164
0.011347703009960242
0.010843364987522364
0.010482142010005191
0.0114782529999502
0.011447473996668123
0.011451201004092582
0.01203370800067205
0.011692433996358886
0.01140904999920167
0.011463464994449168
0.012333373000728898
0.0119061939913081
0.011656264992780052
0.01151960200513713
0.012392184988129884
0.011769602002459578
0.011671102998661809
0.015483244002098218
0.01116783700126689
0.011134002998005599
0.011518729996168986
0.010791245993459597
0.011178839005879126
0.011141056005726568
0.011805800997535698
0.010497822993784212
0.011184560004039668
0.011148641002364457
0.011598312994465232
0.010466823005117476
0.011185971990926191
0.010888482007430866
0.011680630996124819
0.011264321990893222
0.011135695996927097
0.011137969995616004
0.01173130799725186
0.011232502001803368
0.011335249000694603
0.010847352998098359
0.011692433996358886
0.011172897997312248
0.01132462800887879
0.010486840998055413
0.00917622800625395
0.010538000002270564
0.009398403999512084
0.010875977997784503
0.009275768999941647
0.009323020000010729
0.01078799000242725
0.008826057004625909
0.010853876010514796
0.00928981699689757
0.00907769899640698
0.011017079013981856
0.010511398999369703
0.011398720002034679
0.010936653998214751
0.01136345200939104
0.011014613992301747
0.01089084600971546
0.0112548839970259
0.010008384997490793
0.01103543399949558
0.010383954999269918
0.010884554008953273
0.011563175998162478
0.014894676001858898
0.01459107299160678
0.004840112989768386
0.00447952099784743
0.011231468990445137
0.01099019699904602
0.010852553008589894
0.00958902999991551
0.011719906004145741
0.011204477996216156
0.010897630010731518
0.009788091003429145
0.011477672000182793
0.010970748990075663
0.010952013995847665
0.011694268003338948
0.011692945001414046
0.011748081000405364
0.01226616399071645
0.011729866004316136
0.011894791998201981
0.011521566004375927
0.011930881009902805
0.011910821995115839
0.01144200398994144
0.010777128001791425
0.0111027329985518
0.011414730994147249
0.010300213994923979
0.01109621100476943
0.010648220995790325
0.01082241500262171
0.010665614987374283
0.011351239998475648
0.011128772996016778
0.011736847998690791
0.01109258299402427
0.01102588498906698
0.01084108100621961
0.011799098007031716
0.011382950004190207
0.011113293003290892
0.011032207010430284
0.009290657006204128
0.010492653003893793
0.009318300013546832
0.00924970899359323
0.010823737000464462
0.009186658004182391
0.010540114002651535
0.00934212600986939
0.009338648989796638
0.010299722998752259
0.01520502999483142
0.011016477001248859
0.011560540006030351
0.010579999987385236
0.010859446003451012
0.011424089010688476
0.011122249998152256
0.011526674992637709
0.010865107004065067
0.011019041994586587
0.011688776998198591
0.004757103000883944
0.011039111006539315
0.01079563400708139
0.010713636002037674
0.009765898998011835
0.011467361997347325
0.011053958995034918
0.011024442996131256
0.011746276999474503
0.011424841010011733
0.011651414999505505
0.011634152004262432
0.011654229994746856
0.011689759005093947
0.011194147999049164
0.010628663992974907
0.011615376002737321
0.009979619004298002
0.010597102998872288
0.010856481007067487
0.011817974009318277
0.011175892999744974
0.011148040008265525
0.0108625220018439
0.009306759005994536
0.009300956997321919
0.010904733004281297
0.009223689005011693
0.011005596999893896
0.008761772987782024
0.009147892997134477
0.010945239991997369
0.010902038004132919
0.01081520100706257
0.011629182001342997
0.010934850011835806
0.011564618995180354
0.010931573997368105
0.010883010996622033
0.01155250500596594
0.009131232000072487
0.009106163008254953
0.01146560900087934
0.011202173991478048
0.010958746992400847
0.012002647999906912
0.011790442003984936
0.011574216987355612
0.0015399330004584044
0.0012859559938078746
0.0013074070011498407
0.0013490470009855926
0.0014158759877318516
0.001362502996926196
0.009124468997470103
0.010941985005047172
0.009240942003089003
0.010788881001644768
0.009352366003440693
0.009491802993579768
0.010925894006504677
0.008223120006732643
0.010870047000935301
0.009231303993146867
0.010874013998545706
0.00947518099565059
0.009370351006509736
0.010728915993240662
0.01100764999864623
0.011574527001357637
0.010582715010968968
0.010541616997215897
0.011442905000876635
0.01043846900574863
0.008432762013399042
0.009413342995685525
0.014863945994875394
0.010255507993861102
0.010754464005003683
0.011436062006396241
0.008550468002795242
0.009910016000503674
0.01017514399427455
0.007221759995445609
0.009827305999351665
0.004776179994223639
0.010379094004747458
0.0013385170022957027
0.015842041990254074
0.014578968999558128
0.01207181200152263
0.010695903009036556
0.010320642992155626
0.0024748069990891963
0.0110562129993923
0.01298734699958004
0.009738918000948615
0.01073786300548818
0.009273254006984644
0.01133325500995852
0.014563018994522281
0.008947288995841518
0.007669067999813706
0.004409375993418507
0.013901018988690339
0.0036067469918634742
0.010532298998441547
0.003669878002256155
0.009792230004677549
0.01254653200157918
0.00401293599861674
0.014329850993817672
0.0017577309918124229
0.009202658999129198
0.011972109990892932
0.00930265999340918
0.0022215810022316873
0.0031794670067029074
0.0014172590017551556
0.009453979990212247
0.011122600990347564
0.013998145004734397
0.009796336991712451
0.0018020760035142303
0.0037977430038154125
0.009223008004482836
0.010712754999985918
0.008633978010038845
0.013303152998560108
0.010210601991275325
0.01302443900203798
0.004747785002109595
0.004224301010253839
0.010775646005640738
0.012883447008789517
0.0042388590081827715
0.013676618997124024
0.002030233998084441
0.013307802000781521
0.010745608000434004
0.010212645996944048
0.013511642988305539
0.011057887008064426
0.01528980300645344
0.013550687988754362
0.01187993299390655
0.013762884002062492
0.010608996002702042
0.010312818005331792
0.011323696002364159
0.00860568399366457
0.012310619989875704
0.01253893700777553
0.012425148001057096
0.011076271999627352
0.011245066008996218
0.005128746008267626
0.010576152999419719
0.0014951170014683157
0.001624205004191026
0.009476124003413133
0.009743576010805555
0.01529403100721538
0.010421826998936012
0.007427294010994956
0.013220274006016552
0.012251315012690611
0.012666360998991877
0.004583129004458897
0.011473943988676183
0.003905370002030395
0.003070567996473983
0.004560676999972202
0.010196604998782277
0.013230673997895792
0.00467538699740544
0.012210726999910548
0.011737930995877832
0.011401566007407382
0.011245477013289928
0.004588229989167303
0.00955419299134519
0.011142307994305156
0.011707762998412363
0.013912752008764073
0.014012243002071045
0.009271650997106917
0.01118653301091399
0.011191723999218084
0.010506478996830992
0.0023997820098884404
0.003810246998909861
0.01059018999512773
0.01462210099271033
0.00863789499271661
0.003585275000659749
0.012439767000614665
0.004169947002083063
0.003923904994735494
0.01165188499726355
0.002479274000506848
0.00913881600718014
0.012657926010433584
0.016881786010344513
0.014826423997874372
0.004015129990875721
0.013320555997779593
0.012530170002719387
0.014947246003430337
0.013001444007386453
0.012133369004004635
0.01153900899225846
0.002367560999118723
0.003546691994415596
0.009866481996141374
0.013121404001140036
0.011867528999573551
0.0045318210031837225
0.0019891950068995357
0.014664101996459067
0.005122093003592454
0.013346996012842283
0.009463397989748046
0.0024916090042097494
0.010737072007032111
0.007371286003035493
0.015196103006019257
0.004574082006001845
0.0041472529992461205
0.010486009996384382
0.002508441000827588
0.014178681987687014
0.011515414007590152
0.008968320005806163
0.001940802001627162
0.012530660998891108
0.01330457600124646
0.011141006005345844
0.0018953050021082163
0.01037769200047478
0.003663826995762065
0.015427897989866324
0.012336358005995862
0.005978546003461815
0.014913780993083492
0.013114071000018157
0.002655332995345816
0.012998357997275889
0.005091213999548927
0.012116125988541171
0.011892126000020653
0.01485918699472677
0.009054024005308747
0.0029707170033361763
0.004596986007527448
0.004195786998025142
0.01845429200329818
0.01216491000377573
0.010567877005087212
0.012654859005124308
0.010978024001815356
0.012137155994423665
0.012734372008708306
0.005267813001410104
0.012377758001093753
0.014273904002038762
0.009657299990067258
0.005097676999866962
0.009099150003748946
0.0018375840008957312
0.010235419002128765
0.009271681003156118
0.01075723000394646
0.01394797999819275
0.013829331001034006
0.012899067995022051
0.004794295004103333
0.010430583002744243
0.005295836002915166
0.004846654992434196
0.0016167309950105846
0.009082938995561562
0.002432175009744242
0.014557900009094737
0.010413320997031406
0.013038906006840989
0.013722978008445352
0.008742987003643066
0.015591611008858308
0.012596496992046013
0.014239798998460174
0.01045106298988685
0.0046851149963913485
0.010820151001098566
0.0018572409899206832
0.010775504997582175
0.011564068001462147
0.011975817003985867
0.011741277994588017
0.005172449993551709
0.01211645700095687
0.00497802700556349
0.012120984989451244
0.010537889000261202
0.006446824001614004
0.00428897600795608
0.010468346008565277
0.0044101780076744035
0.011364555000909604
0.011588965004193597
0.004538342996966094
0.0016155780031112954
0.011792555000283755
0.010081123997224495
0.013991473009809852
0.006368614005623385
0.0110035319958115
0.010409893991891295
0.01287722600682173
0.0051157109992345795
0.01063285100099165
0.012981044987100177
0.006471922009950504
0.01019028299197089
0.013645448998431675
0.012621496003703214
0.013697517992113717
0.004053394004586153
0.013065657010884024
0.01233850300195627
0.009700523994979449
0.015376488998299465
0.004295117003493942
0.011006839005858637
0.008596676998422481
0.006319478998193517
0.01743236200127285
0.009992874998715706
0.004314434001571499
0.012489021988585591
0.012202060999698006
0.009654145003878511
0.013151301987818442
0.01252665399806574
0.011040312994737178
0.01149910299864132
0.013220284003182314
0.01112105799256824
0.0019028189999517053
0.012637065010494553
0.011205008995602839
0.015770985002745874
0.008940817002439871
0.014722755004186183
0.007179047999670729
0.01051838199782651
0.005292310001095757
0.003938072011806071
0.009490661002928391
0.011307876993669197
0.015265005000401288
0.012509139996836893
0.014898381996317767
0.015577754995319992
0.010686434994568117
0.0015147950034588575
0.011066823994042352
0.012627947988221422
0.01521123199199792
0.014026038988959044
0.004540036999969743
0.007270893998793326
0.013119601004291326
0.005228738009463996
0.012391575000947341
0.008059587009483948
0.010601321002468467
0.001879374001873657
0.010828876998857595
0.013241263994132169
0.01083263500186149
0.009610491004423238
0.018390077995718457
0.013118098009726964
0.00932897100574337
0.01251331799721811
0.013297752011567354
0.01547216200560797
0.016548076004255563
0.002306844005943276
0.009943138997186907
0.011314118004520424
0.013186318989028223
0.009359520001453348
0.011301573991659097
0.01254740399599541
0.012187083004391752
0.009169675002340227
0.01054526399821043
0.010042159003205597
0.0026356150046922266
0.003921581010217778
0.0040743040008237585
0.004434325004694983
0.012684586006798781
0.00503837299766019
0.013962807002826594
0.004480172996409237
0.009477555999183096
0.011472170997876674
0.009607974992832169
0.01118351801414974
0.010288941994076595
0.001979997003218159
0.013387523998972028
0.013428502992610447
0.012937081002746709
0.009444693001569249
0.013146751996828243
0.00968572500278242
0.015428268001414835
0.011175912994076498
0.014325163007015362
0.009432298989850096
0.009747143005370162
0.012276994995772839
0.01247329098987393
0.01137619798828382
0.005031619002693333
0.001661586997215636
0.002022838991251774
0.013148856989573687
0.0024684140080353245
0.010590920996037312
0.011740816000383347
0.012052122998284176
0.012964784007635899