0.006609794989344664
0.006409059991710819
0.0072664830076973885
0.006997107004281133
0.006156806004582904
0.005884184007300064
0.00635322199377697
0.006592481004190631
0.006094757001847029
0.0063713970012031496
0.006866255993372761
0.007172202997026034
0.006576800995389931
0.006246438002563082
0.006618742001592182
0.00658907501201611
0.006659681006567553
0.006942723004613072
0.006666132001555525
0.0064363819983555
0.006167476007249206
0.006151334993774071
0.0064273650059476495
0.006087983987526968
0.0074212109902873635
0.006874262006022036
0.00672982499236241
0.006747870007529855
0.007136314001400024
0.006690859998343512
0.0073119210137519985
0.006757277995347977
0.00700182598666288
0.007113931002095342
0.00684210000326857
0.006238613001187332
0.006124022998847067
0.006226390003575943
0.006156996998470277
0.00597048900090158
0.006158449003123678
0.006086762004997581
0.006371037001372315
0.006401885999366641
0.006250895996345207
0.007250794005813077
0.007309385997359641
0.007216076992335729
0.005936843997915275
0.006103063002228737
0.005658901005517691
0.006093033996876329
0.005801594990771264
0.0057964649895438924
0.005985598007100634
0.006059740000637248
0.005864385006134398
0.0058140689943684265
0.0062853429990354925
0.0055355649965349585
0.005339709998224862
0.005616991009446792
0.005370267012040131
0.005295744005707093
0.005986739997752011
0.005055754998466
0.005607453000266105
0.005705911011318676
0.005273443006444722
0.005277750999084674
0.005337535010767169
0.005365097997128032
0.005095992004498839
0.005586261002463289
0.005298389995004982
0.005083338008262217
0.005423278998932801
0.005875666989595629
0.005464789006509818
0.00566043499566149
0.005578316995524801
0.005465970985824242
0.0061098550067981705
0.00536758299858775
0.0058963869960280135
0.0052847839979222044
0.005888421001145616
0.005878762996871956
0.006509622995508835
0.006753009001840837
0.006847511001979001
0.006992769005591981
0.007195648009655997
0.007394929998554289
0.005346272009774111
0.005371970997657627
0.005520856007933617
0.004902319997199811
0.0041931009909603745
0.015193052997346967
0.014702863001730293
0.014813104993663728
0.019289288989966735
0.01835639899945818
0.022236970995436423
0.01784154299821239
0.01804307800193783
0.01666044699959457
0.0021944480104139075
0.0021189029939705506
0.0023069529997883365
0.002523158007534221
0.0022135350009193644
0.0022129539866000414
0.0050774869887391105
0.007804306005709805
0.00768930499907583
0.00831077600014396
0.0024947939964476973
0.0023769279941916466
0.0022618169896304607
0.0028095680027035996
0.002305471003637649
0.0022569779976038262
0.00445385099737905
0.010040622990345582
0.004914914999972098
0.002736727998126298
0.0028878369921585545
0.002495224995072931
0.003396974003408104
0.0033333019964629784
0.003275270006270148
0.0031531060085399076
0.003315117006422952
0.003304156009107828
0.0033701830107020214
0.002878910003346391
0.002568153999163769
0.0033192950068041682
0.003415579005377367
0.0034451060055289418
0.0031499900069320574
0.0031926619994919747
0.0033941980072995648
0.003404497998417355
0.002878610001062043
0.003931489001843147
0.0036444480065256357
0.003789627007790841
0.0032440210052300245
0.0034075049916282296
0.0037439789884956554
0.003822159007540904
0.0031631860038032755
0.003204233988071792
0.0031986539979698136
0.002896514008170925
0.0031487579981330782
0.003174978992319666
0.003060157992877066
0.003969872996094637
0.004093248993740417
0.0037138109910301864
0.004073821997735649
0.0039128830103436485
0.004078740996192209
0.004114540002774447
0.003737446997547522
0.0043590589921223
0.004409074012073688
0.004449913001735695
0.004027363000204787
0.004101755999727175
0.004172311004367657
0.004467177001060918
0.0038271380035439506
0.003596887007006444
0.004061568004544824
0.004383134000818245
0.004703288999735378
0.004875739003182389
0.0054485979926539585
0.012432990988600068
0.0076762800017604604
0.015430679006385617
0.005372190993512049
0.010267739009577781
0.009617873001843691
0.00810632499633357
0.01735493900196161
0.0077725540031678975
0.008200754993595183
0.009655684989411384
0.007838920995709486
0.011917202005861327
0.010064079004223458
0.014994262994150631
0.009457796011702158
0.009549331007292494
0.013947304993052967
0.00994545100547839
0.010190992004936561
0.008982012994238175
0.016734029006329365
0.01566248299786821
0.011851947012473829
0.016830002001370303
0.009659532006480731
0.006060500993044116
0.021574800994130783
0.01737825399322901
0.013351713001611643
0.017204299991135485
0.013727592988288961
0.01071364400559105
0.014108012997894548
0.0044552629988174886
0.0056642919953446835
0.009979295995435677
0.007193433993961662
0.011509889998706058
0.008098979989881627
0.006944255001144484
0.010201873010373674
0.007048946004942991
0.004120801997487433
0.014499152995995246
0.006935939993127249
0.012900317000458017
0.005013443995267153
0.006058687999029644
0.006898938998347148
0.012615972009371035
0.01575073300045915
0.007501463987864554
0.007133708990295418
0.010105148001457565
0.006181342992931604
0.009730278005008586
0.013776036008493975
0.011207781004486606
0.005885275997570716
0.0034539629996288568
0.007653756998479366
0.0036901959974784404
0.015878437989158556
0.005562566002481617
0.003980733003118075
0.006902845998411067
0.006209405997651629
0.010688886992284097
0.012662891997024417
0.004359229002147913
0.012790847002179362
0.004508626007009298
0.006581149995326996
0.007898857002146542
0.005167960000107996
0.006498150993138552
0.008393305004574358
0.011703672003932297
0.006555280007887632
0.004892732002190314
0.009212575008859858
0.006936961988685653
0.010401185005321167
0.009435271989786997
0.006388228997820988
0.005473336001159623
0.007765911010210402
0.008549804988433607
0.006087843998102471
0.0034307390014873818
0.009152679995168
0.004568720993120223
0.004592226003296673
0.014137548991129734
0.00878953401115723
0.00529160701262299
0.004593698991811834
0.011260413011768833
0.00572879500396084
0.006534300002385862
0.011164308001752943
0.005979064997518435
0.0032041640079114586
0.005232273004367016
0.005074550994322635
0.00420674700581003
0.0030650369881186634
0.005872680994798429
0.005738122999900952
0.007818792990292422
0.007556369004305452
0.014602601004298776
0.005567346001043916
0.005720358996768482
0.006761024007573724
0.0036890940100420266
0.006467811996117234
0.011531423006090336
0.002886804999434389
0.003387445001862943
0.005632059997878969
0.017035495999152772
0.012141903003794141
0.010726789012551308
0.00530569399415981
0.003400671004783362
0.002924637999967672
0.006347432004986331
0.003275290990131907
0.010110907998750918
0.005431314988527447
0.005625226011034101
0.0022554449969902635
0.01108643900079187
0.006359054008498788
0.011004480998963118
0.008288123004604131
0.006090429000323638
0.008618967010988854
0.004840622001211159
0.0072215079999295995
0.005886106999241747
0.011872446004417725
0.01094975700834766
0.006832692000898533
0.004623125001671724
0.008727426000405103
0.009301074998802505
0.005995236002490856
0.009324690996436402
0.005628762999549508
0.006501677999040112
0.006480928001110442
0.0051010120077989995
0.007650169005501084
0.012541939999209717
0.006527227000333369
0.0069270530075300485
0.0031946160015650094
0.005248764995485544
0.012058132007950917
0.010533048000070266
0.005167238996364176
0.006581770998309366
0.008596583997132257
0.004739308002172038
0.005788398993900046
0.007633557004737668
0.010771124987513758
0.0060784249944845214
0.005534052004804835
0.005897588998777792
0.003926548990420997
0.005033222012571059
0.013879334001103416
0.010143830993911251
0.0060131310019642115
0.007004040002357215
0.011037324991775677
0.011305469000944868
0.0010487309918971732
0.00232926600438077
0.001325662000454031
0.0010771550005301833
0.0025473439891356975
0.002872157987440005
0.00276964099612087
0.0022120810026535764
0.001758422004058957
0.007492407996323891
0.005817444995045662
0.00390362499456387
0.0028211600001668558
0.004749386993353255
0.0020711920078611
0.0019434970017755404
0.0020334189903223887
0.002086620996124111
0.003113459999440238
0.002963081991765648
0.002927814013673924
0.0029352989949984476
0.002905040993937291
0.0029088580049574375
0.0028454770072130486
0.0028948010003659874
0.0031170769943855703
0.0032363760110456496
0.003211528994143009
0.005477894010255113
0.0018766789871733636
0.002860865992261097
0.0022218900121515617
0.004162822995567694
0.002288527990458533
0.002040482999291271
0.002190219995100051
0.002221400005510077
0.002337944009923376
0.002263981004944071
0.0017366399988532066
0.0018832519999705255
0.0021960009908070788
0.0031451910035684705
0.002804328003549017
0.003146522998576984
0.003384329000255093
0.0030312830058392137
0.003905418998328969
0.004176779999397695
0.0023666979977861047
0.0013020460028201342
0.0016139240033226088
0.0014470050082309172
0.0015227399999275804
0.0014162049919832498
0.0013847450027242303
0.0017500850080978125
0.0017170829960377887
0.0015357650117948651
0.0015680860087741166
0.0016035049920901656
0.0016128630086313933
0.003293525005574338
0.003075738000916317
0.0027658939943648875
0.0031945049995556474
0.0030889129993738607
0.0029069640004308894
0.003021855009137653
0.003151122000417672
0.0030729620048077777
0.0015320980019168928
0.0021052969968877733
0.0042633150005713105
0.005860517994733527
0.00438925699563697
0.005429420998552814
0.006238251997274347
0.007102689996827394
0.00581699499161914
0.0018208810070063919
0.0016297550027957186
0.0016416279977420345
0.004640908999135718
0.0032969820022117347
0.008138837001752108
0.00347568400320597
0.0033920139976544306
0.0033611849939916283
0.004137504001846537
0.0026412940060254186
0.002145353995729238
0.0014342200011014938
0.005281357007334009
0.005598304996965453
0.003800687991315499
0.007396233006147668
0.006903687986778095
0.007846567008527927
0.00801138200040441
0.007831096998415887
0.007195849000709131
0.007022245990810916
0.006379662998369895
0.007013398993876763
0.006877007006551139
0.006937582991668023
0.006531624996569008
0.006794187997002155
0.007144600007450208
0.007196909995400347
0.007550198002718389
0.006636525999056175
0.006578555010491982
0.006734223003149964
0.007948080994538032
0.008115502001601271
0.006987689004745334
0.005010327004129067
0.006165653001517057
0.006078366001020186
0.00593794698943384
0.005320291995303705
0.005791666000732221
0.007171320990892127
0.007179446998634376
0.005943838012171909
0.0020976319938199595
0.0019602980028139427
0.0018757770012598485
0.0020703600021079183
0.0019428450032137334
0.00488336400303524
0.004981992999091744
0.0044428590044844896
0.005283350998070091
0.0044878759945277125
0.0045196970022516325
0.004778251997777261
0.005469697993248701
0.005175794998649508
0.004709320011897944
0.005796575002023019
0.0022541929938597605
0.005213847995037213
0.00519419000193011
0.0041546370048308745
0.0035127260052831843
0.004168713989201933
0.0036808280128752813
0.00361820800753776
0.003889849002007395
0.004641159990569577
0.004995249008061364
0.0033373900078004226
0.004230102000292391
0.0049594500014791265
0.004891410004347563
0.0048368349962402135
0.004720882003311999
0.004990068991901353
0.004987824009731412
0.0052775399963138625
0.0041685139876790345
0.005222865001996979
0.004234971012920141
0.003835634997813031
0.003579242998966947
0.0037338099937187508
0.0043661030067596585
0.004216194007312879
0.0033781079982873052
0.004196366993710399
0.004794693988515064
0.004798851994564757
0.005034964997321367
0.00532636400021147
0.005202405998716131
0.004363576998002827
0.005723966009099968
0.002148048995877616
0.0017662570026004687
0.0018255500035593286
0.0019664110004669055
0.0039023330027703196
0.0037057660083519295
0.004639236998627894
0.004859559005126357
0.0037027799990028143
0.004385338994325139
0.0018323429976589978
0.0018573520064819604
0.0018967970099765807
0.0016944890085142106
0.00171158199373167
0.0016850319952936843
0.0017232749960385263
0.0019365330081200227
0.002043899003183469
0.0018850549968192354
0.0018784819985739887
0.0018668800039449707
0.0018686429975787178
0.004656429009628482
0.001480348000768572
0.003896511989296414
0.004450653999811038
0.004307791008614004
0.003586917999200523
0.00467281999590341
0.004822076007258147
0.004333670003688894
0.0035346579970791936
0.0044602120033232495
0.0034212299942737445
0.0033935469982679933
0.0037003060133429244
0.0024891729990486056
0.0024614499998278916
0.002473964006640017
0.007048024999676272
0.0032839479972608387
0.002953944989712909
0.002608732000226155
0.002620885003125295
0.00570448899816256
0.004640468003344722
0.005784783003036864
0.0018298089999007061
0.0016837180010043085
0.0016825659986352548
0.001681425012066029
0.0017033559997798875
0.0016711750067770481
0.0019198810041416436
0.0019922310020774603
0.0018893219967139885
0.001856300004874356
0.0018642950017238036
0.001884864002931863
0.0020095630025025457
0.0016989379946608096
0.0016956519975792617
0.0016837979928823188
0.0018311909952899441
0.0017026650020852685
0.001745215995470062
0.001674851999268867
0.0017006510024657473
0.00168089299404528
0.0017584309971425682
0.0016892989951884374
0.0018762880063150078
0.0016808939981274307
0.0016612559993518516
0.0016613659972790629
0.001829539003665559
0.0017947610031114891
0.0016422890039393678
0.0016191449976759031
0.0016320589929819107
0.004711715009761974
0.005706712996470742
0.008342647008248605
0.006756205009878613
0.0017913649935508147
0.0016372689860872924
0.0016852909902809188
0.0016858819872140884
0.0017536420054966584
0.0017590130009921268
0.0016356260020984337
0.001666776995989494
0.0017241960013052449
0.001669151009991765
0.001705620001303032
0.001697685002000071
0.0016943990049185231
0.0020426459959708154
0.001968935990589671
0.0017379529890604317
0.0017266909999307245
0.0016943999944487587
0.0016571470041526482
0.001853063004091382
0.0016839489981066436
0.0016714249941287562
0.0017650049994699657
0.001638272005948238
0.0024219949991675094
0.0028565379907377064
0.0037025799974799156
0.00294867399497889
0.0033016210072673857
0.0025993250019382685
0.00283688900526613
0.0022302769939415157
0.002551783007220365
0.0016782279999461025
0.0018267730047227815
0.001857151000876911
0.0019900960032828152
0.008155828996677883
0.007568051994894631
0.0073026330064749345
0.007096136992913671
0.008038803993258625
0.007487947994377464
0.0072126410086639225
0.001969777003978379
0.0017387050029356033
0.007421320988214575
0.007429858000250533
0.003817931006778963
0.0022305379970930517
0.006195259993546642
0.0033585900091566145
0.002694455994060263
0.0021243529918137938
0.0016349049983546138
0.003367917990544811
0.00388696399750188
0.002853332000086084
0.003385232004802674
0.00251164598739706
0.004916257006698288
0.005738653999287635
0.001758831989718601
0.007407113997032866
0.016864407996763475
0.008347166003659368
0.003611034990171902
0.0024073960084933788
0.010986096996930428
0.006974092990276404
0.0017890309973154217
0.0018886920006480068
0.00385599400033243
0.0037029709928901866
0.0017711659893393517
0.0018942120077554137
0.0018709680007304996
0.0018958750006277114
0.0016567170096095651
0.0021883959998376667
0.0033659740001894534
0.0024145299976225942
0.001901665993500501
0.0022355660039465874
0.001839257005485706
0.0021819849935127422
0.0034131839929614216
0.0026412849983898923
0.0028313289949437603
0.002083014012896456
0.0018414109945297241
0.0017301269981544465
0.0017115520022343844
0.001811964000808075
0.00188922300003469
0.001911626008222811
0.0017478520021541044
0.0016764449974289164
0.001710109005216509
0.0016845299978740513
0.0017522199923405424
0.001697796004009433
0.0016860129981068894
0.0026797589962370694
0.0018059029971482232
0.0025584160030120984
0.002548907999880612
0.0028065109945600852
0.002473824002663605
0.00164170800417196
0.002502078001271002
0.002297965998877771
0.0026735970022855327
0.005289623004500754
0.002412935995380394
0.0037032609980087727
0.003006956001627259
0.0025671619951026514
0.0027274199965177104
0.0064037099946290255
0.004807208009879105
0.0028624389960896224
0.002027137001277879
0.001701884000794962
0.0074953629955416545
0.003869659994961694
0.0029437040066113696
0.0019249809993198141
0.006366107001667842
0.0073601230105850846
0.006273008999414742
0.0030990019877208397
0.0026269569934811443
0.003645901000709273
0.0028794620011467487
0.0027710130088962615
0.003703230991959572
0.0029448769928421825
0.0028023839986417443
0.006792113999836147
0.0033400039974367246
0.0036034799995832145
0.0031245720019796863
0.0052978890016674995
0.008862704009516165
0.005481711006723344
0.002326380999875255
0.0037822419981239364
0.00419972300005611
0.0049882750026881695
0.003711006007506512
0.002806390999467112
0.0027441020065452904
0.003982947004260495
0.002788887999486178
0.00281582900788635
0.004241312999511138
0.00632683199364692
0.005389143989305012
0.007386344004771672
0.0024280059878947213
0.004204862998449244
0.0019550489960238338
0.00471676500455942
0.005281277000904083
0.0053135990019654855
0.0032392610009992495
0.0019318539998494089
0.004678080993471667
0.004384757005027495
0.00213808000262361
0.0034399159922031686
0.0042417340009706095
0.0017326230008620769
0.004210254002828151
0.0040036269929260015
0.004638344995328225
0.0063888610020512715
0.002895272002206184
0.00608804399962537
0.0025181989913107827
0.0063077259983401746
0.010795280002639629
0.0023057619982864708
0.0026042730023618788
0.0033344039984513074
0.0074216310022166
0.004101694998098537
0.00578864999988582
0.004554964005365036
0.0017530210025142878
0.0024510000075679272
0.0020246119966031983
0.0018027369951596484
0.0015454329986823723
0.0026746689982246608
0.004781689000083134
0.002583464010967873
0.0021039140119682997
0.005569089000346139
0.002585658003226854
0.0038292829995043576
0.0031632759928470477
0.0025123779923887923
0.003233530995203182
0.0035527930012904108
0.0027498330018715933
0.0020567940082401037
0.003450956995948218
0.004255268999258988
0.0021890170028200373
0.0024520820006728172
0.005162117988220416
0.003568072002963163
0.002423155994620174
0.006435991002945229
0.0031401510059367865
0.004847635995247401
0.003841275000013411
0.005249896988971159
0.002587280992884189
0.003648065001470968
0.007886423001764342
0.006832801998825744
0.004806347002158873
0.004076146011357196
0.003338291004183702
0.004639566002879292
0.003607107006246224
0.004888032999588177
0.0033931459911400452
0.003213512012735009
0.0027822660049423575
0.002710848013521172
0.004171799999312498
0.0029221029981272295
0.0020857500057900324
0.0035664889874169603
0.004734378002467565
0.004486072008148767
0.002081290993373841
0.0021147149964235723
0.0030601379985455424
0.00414006900973618
0.004010680000646971
0.0025156339979730546
0.004749087005620822
0.00440277298912406
0.004036250000353903
0.0018765980057651177
0.0029224940080894157
0.002560078995884396
0.003435627993894741
0.004001562992925756
0.004377603996545076
0.002195730005041696
0.0024664700031280518
0.0016031840059440583
0.006360014987876639
0.003935796994483098
0.0025482469936832786
0.002063947991700843
0.004510379003477283
0.006487609993200749
0.002445849997457117
0.00431766000110656
0.0020102449925616384
0.004164304991718382
0.01171614600752946
0.003413826008909382
0.0027316280029481277
0.00211823100107722
0.0020837160118389875
0.0022014910064172
0.0041860269993776456
0.006379362996085547
0.004951965995132923
0.00496047199703753
0.0018869979976443574
0.003640420996816829
0.0024954850086942315
0.0036022269923705608
0.0018743039981927723
0.008431187001406215
0.002827942997100763
0.003669386002002284
0.002081280996208079
0.005327185004716739
0.0032521959947189316
0.00242563099891413
0.0034553050063550472
0.004572928999550641
0.0020905679994029924
0.007373960004770197
0.0018810469919117168
0.0035962059919256717
0.004028504001325928
0.004958167992299423
0.005171647004317492
0.0022676179942209274
0.0044387420057319105
0.0035515000054147094
0.003398667002329603
0.0023969760077307
0.0033639609901001677
0.002441472010104917
0.004366933993878774
0.0025833239924395457
0.0022839599987491965
0.004206767000141554
0.003758638005820103
0.002179078001063317
0.0048114660021383315
0.003327280006487854
0.003103280992945656
0.0029164529987610877
0.004111503993044607
0.00466048700036481
0.004872311998042278
0.009587513995938934
0.006027577008353546
0.0047780419990886
0.0071278679970419034
0.007981535003636964
0.004843026996240951
0.00414531899150461
0.006435941002564505
0.002838222004356794
0.0024138090084306896
0.0037128399999346584
0.0024998529988806695
0.005387551005696878
0.005429680997622199
0.0023999020049814135
0.005531486996915191
0.004002223999123089
0.0033757530036382377
0.002747859005467035
0.00284417399961967
0.003080577007494867
0.004091776994755492
0.004043413995532319
0.002986497012898326
0.007533936004620045
0.006919038001797162
0.007578511998872273
0.00323604499862995
0.003485513007035479
0.004790626000612974
0.008456104987999424
0.00430785100616049
0.008050497999647632
0.005011931003537029
0.005082927003968507
0.005236511991824955
0.0021004170121159405
0.0025117559998761863
0.004698939999798313
0.0031107349932426587
0.003621494004619308
0.0033300549985142425
0.003422172012506053
0.0066442709940019995
0.0023534630017820746
0.004176368995103985
0.0023978469980647787
0.004337377002229914
0.0020179200073471293
0.002602160006063059
0.001999855012400076
0.006487198988907039
0.0029324630013434216
0.0027463970036478713
0.004579030006425455
0.0038358460005838424
0.003060187998926267
0.0040889309893827885
0.002400583995040506
0.003941589005989954
0.006518488997244276
0.0027134929987369105
0.00481665700499434
0.0033026029996108264
0.002356919998419471
0.004013575991848484
0.0048248219973174855
0.003624149991082959
0.0018580330070108175
0.005228064997936599
0.004581936009344645
0.0026565539883449674
0.004235241009155288
0.002119383992976509
0.0015669849963160232
0.0017695830028969795
0.0033758640056475997
0.00218138299533166
0.0029555280052591115
0.004551296995487064
0.0038918029895285144
0.0033567869977559894
0.004835391999222338
0.0031766909960424528
0.006237530993530527
0.0031555210007354617
0.007963690994074568
0.0022053379943827167
0.002350156006286852
0.010639592001098208
0.004417360993102193
0.004071126997587271
0.002503701005480252
0.0052240670047467574
0.002143790989066474
0.00469498299935367
0.004208229001960717
0.0063278039888245985
0.0027653330034809187
0.0026500810054130852
0.004343628999777138
0.004056317993672565
0.002056975004961714
0.005199078994337469
0.002408818996627815
0.004144677994190715
0.004300626998883672
0.004914303994155489
0.00268841499928385
0.007056161004584283
0.004485762008698657
0.0034281739935977384
0.0019867899973178282
0.0044616049999604
0.005341803000192158
0.00473236499237828
0.003469142990070395
0.006211430998519063
0.0020801089995075017
0.002726268008700572
0.0027257369947619736
0.004213298991089687
0.003955153995775618
0.0021793890045955777
0.0020116670057177544
0.0031873720145085827
0.003848701002425514
0.005171836994122714
0.005558368997299112
0.004578609994496219
0.005681465001543984
0.005131018988322467
0.0018501080048736185
0.0020604010060196742
0.0036949649947928265
0.0042341090011177585
0.001995847007492557
0.006084296997869387
0.002719826006796211
0.0046328539901878685
0.0024061940057436004
0.0029463000100804493
0.002736227004788816
0.0035408300027484074
0.003156352002406493
0.004957537006703205
0.002840796994860284
0.0022615969937760383
0.0032993269996950403
0.0033165289933094755
0.002841659006662667
0.007848600012948737
0.003610824001953006
0.003822138998657465
0.006441751989768818
0.0019205230055376887
0.006057054008124396
0.0045409480080707
0.003588670995668508
0.016218789998674765
0.010787605991936289
0.005006129009416327
0.004598408006131649
0.004776068002684042
0.004685695006628521
0.005417036998551339
0.005156307001016103
0.004860189001192339
0.004843868009629659
0.005190392999793403
0.004874307007412426
0.004955142008839175
0.004698129007010721
0.0051369010034250095
0.004802650000783615
0.005371749997721054
0.004990008004824631
0.00501412499579601
0.004845901989028789
0.00485715399554465
0.0047937930066837
0.0049011189985321835
0.004712797002866864
0.004912249001790769
0.004829309997148812
0.005016369002987631
0.005065192992333323
0.004943959997035563
0.004881971006398089
0.003070557999308221
0.0035771789989667013
0.018827381994924508
0.0072388309927191585
0.007897233008407056
0.00994522099790629
0.009937636001268402
0.011733259001630358
0.01274105098855216
0.010624532995279878
0.01242713000101503
0.012627232994418591
0.012831314001232386
0.012829441009671427
0.015398177012684755
0.0037650290032615885
0.003588931998820044
0.003473421005764976
0.00334837099944707
0.0033989780058618635
0.0037274770002113655
0.0032070400047814474
0.003372156003024429
0.003410218996577896
0.0031473849958274513
0.0032846690010046586
0.0030351500026881695
0.003009952008142136
0.003258689001086168
0.003279708995250985
0.0031789859931450337
0.0031085909868124872
0.0031030100071802735
0.002994372000102885
0.0031447499932255596
0.0034472799889044836
0.011098932998720556
0.0061990870017325506
0.006011277000652626
0.005946982986642979
0.006115115989814512
0.0060865519917570055
0.006477121001807973
0.006515402987133712
0.006153841008199379
0.006283538998104632
0.005271908987197094
0.005114157000207342
0.005527879999135621
0.004980790996341966
0.005285445004119538
0.005053921006037854
0.00539469400246162
0.005231432005530223
0.005065784003818408
0.004975991992978379
0.005383152994909324
0.005082725998363458
0.005066405006800778
0.005494415992870927
0.0049984950019279495
0.005411236998043023
0.005182808003155515
0.005452836005133577
0.006737789997714572
0.005355629007681273
0.005916645997785963
0.005917507005506195
0.005327074002707377
0.005266769003355876
0.005376148998038843
0.005100901995319873
0.005424932009191252
0.005324158992152661
0.006043768997187726
0.007423926013871096
0.005986539996229112
0.0044291929953033105
0.005379875990911387
0.00504924199776724
0.004724989994429052
0.006158468997455202
0.010067725001135841
0.016574021996348165
0.005656617009663023
0.005303309008013457
0.005424681992735714
0.005352132997359149
0.005971972001134418
0.005484285997226834
0.005262682010652497
0.005806243003462441
0.00568211599602364
0.005308810010319576
0.005407729986472987
0.0054870110034244135
0.00541042500117328
0.005403261005994864
0.005446423994726501
0.005437416999484412
0.005206462999922223
0.005298670002957806
0.005422597998403944
0.0055436399998143315
0.005933998996624723
0.005705750998458825
0.005688197998097166
0.005645406010444276
0.005480288993567228
0.005278962999000214
0.006040242995368317
0.005594076996203512
0.007690988000831567
0.0023656660050619394
0.00237166800070554
0.002253872007713653
0.0021959799923934042
0.0024516309931641445
0.0023313109995797276
0.0026887560088653117
0.0022664860007353127
0.002213214000221342
0.0022860039898660034
0.0022634909983025864
0.0023200189898489043
0.0022347350022755563
0.0024192790006054565
0.002303417000803165
0.002587982002296485
0.0026527159934630617
0.0027033130027120933
0.002308787006768398
0.002339526006835513
0.002396405005129054
0.003090226004133001
0.002804497999022715
0.0029306899959919974
0.0028382729942677543
0.002544078990467824
0.002713712994591333
0.0026968210004270077
0.0027791689935838804
0.002454204994137399
0.002465899000526406
0.002390163004747592
0.0024034890084294602
0.002385724990745075
0.0024996629945235327
0.0027264880045549944
0.0029032669990556315
0.002577713006758131
0.0024397680099355057
0.00269796400971245
0.0027734379982575774
0.0025350109935970977
0.0021082530001876876
0.002068355999654159
0.0021617760066874325
0.0020399619970703498
0.0020434780017239973
0.002078855992294848
0.002114533999701962
0.0020598400005837902
0.002055401011602953
0.0024769200099399313
0.0022630190069321543
0.002482569994754158
0.0023147190076997504
0.0022932970023248345
0.00216776599700097
0.0020842369995079935
0.0020779549959115684
0.0025579950015526265
0.0022952110011829063
0.0024471520009683445
0.0021483800082933158
0.002250324992928654
0.0022177630016813055
0.0022015119902789593
0.0023595850070705637
0.0024352199980057776
0.002419098003883846
0.0022207880101632327
0.002328014001250267
0.0022148769930936396
0.00218359699647408
0.0021993770060362294
0.0022263790015131235
0.0022285529994405806
0.002404600993031636
0.0024528829962946475
0.002401295001618564
0.0022781680017942563
0.0022124920069472864
0.002260544992168434
0.0023113919887691736
0.0022949909907765687
0.0042960779974237084
0.003982916998211294
0.006129993998911232
0.006286995994742028
0.006079538012272678
0.006404922009096481
0.006393219999154098
0.0063278239977080375
0.006599745000130497
0.0063334250007756054
0.007461727989721112
0.00543393001134973
0.004232516002957709
0.004172731001744978
0.004007415001979098
0.003958611006964929
0.004786017001606524
0.0042137499985983595
0.004181629003142007
0.00395176799793262
0.0041808670066529885
0.004097166995052248
0.00391917499655392
0.004414804992848076
0.004001071996754035
0.0038399629993364215
0.003948911995394155
0.004021502012619749
0.005790944996988401
0.00501814299786929
0.004737454990390688
0.00472778599942103
0.005285095001454465
0.004781198003911413
0.004806246011867188
0.004458390001673251
0.004979769000783563
0.0054292209970299155
0.005337524999049492
0.005180733991437592
0.004920353996567428
0.004812528000911698
0.004651098992326297
0.004868025003816001
0.004701985992141999
0.005083698997623287
0.005232452997006476
0.004890077005256899
0.00506015399878379
0.00482044299133122
0.004742423989227973
0.004835052008274943
0.004821775990421884
0.005023572986829095
0.004683851002482697
0.0047567209985572845
0.005143182002939284
0.00496829699841328
0.004919965009321459
0.005297427996993065
0.004889727002591826
0.005141469009686261
0.0042984019964933395
0.004773873995873146
0.0048274370055878535
0.004896028010989539
0.004886751004960388
0.004916657999274321
0.005173158991965465
0.005124216011608951
0.005120899993926287
0.004911647993139923
0.004992724003386684
0.005312267006956972
0.004354529999545775
0.0049564549990464
0.004910105009912513
0.004944892003550194
0.005107264005346224
0.004986250991350971
0.004974850002327003
0.004964869993273169
0.0049159360060002655
0.00487957701261621
0.0049688479921314865
0.004319833999034017
0.004845792005653493
0.004998024000087753
0.005556766001973301
0.005339948998880573
0.005766647998825647
0.005513633004738949
0.0049101850017905235
0.0052140390034765005
0.0052760069957003
0.0049187620024895296
0.005260907986667007
0.005349757993826643
0.0052116430015303195
0.0054731849959352985
0.005497452002600767
0.0055489799997303635
0.005450340991956182
0.005158100990229286
0.004371121991425753
0.004990540008293465
0.004952757008140907
0.005727593001211062
0.005371690989704803
0.005120229005115107
0.005108676006784663
0.005712294005206786
0.004918702004943043
0.00499649099947419
0.005310102002113126
0.0054155239922693
0.00510220299474895
0.005050124003901146
0.004972023991285823
0.0051029349997406825
0.005373363004764542
0.005290104003506713
0.005331292995833792
0.00537860399344936
0.0053246399911586195
0.0060268070083111525
0.00574539799708873
0.005309059997671284
0.005493203992955387
0.005409453005995601
0.005457915991428308
0.00522276500123553
0.005499585997313261
0.005843896011356264
0.0058639150083763525
0.0061315269995247945
0.005446794995805249
0.005262841994408518
0.005230579001363367
0.0048739759949967265
0.0053578340011881664
0.004893143006484024
0.005200462008360773
0.005608824998489581
0.005600279007921927
0.005133783997735009
0.005271768997772597
0.00530520299798809
0.004646620000130497
0.004576526000164449
0.004994467002688907
0.004840761990635656
0.00475268300215248
0.004926796988002025
0.004719308999483474
0.004564522998407483
0.0038162879936862737
0.0033948500058613718
0.0037472650001291186
0.003951406994019635
0.0039700329944025725
0.0038713539979653433
0.0036995229893364012
0.0038810419937362894
0.0041556280048098415
0.00405026700173039
0.0037626849953085184
0.0037817920092493296
0.003809715009992942
0.0037538079923251644
0.0038327200018102303
0.0039775580080458894
0.0038443919911514968
0.003748278002603911
0.0037453719996847212
0.0037688570009777322
0.003947369012166746
0.0037568240077234805
0.0037563930090982467
0.0037678750086342916
0.0037309939943952486
0.004238306995830499
0.003863817997626029
0.0037466939975274727
0.005983303999528289
0.008221535012125969
0.00735088498913683
0.003920678005670197
0.004050988995004445
0.006128722001449205
0.00403543800348416
0.005363263990147971
0.006136687996331602
0.0061939270090078935
0.00545277600758709
0.007589593005832285
0.005010927998227999
0.007212208991404623
0.005849245993886143
0.006372960007865913
0.005982250993838534
0.006299460001173429
0.008923071000026539
0.005416957996203564
0.01139564099139534
0.006446512008551508
0.011438845001976006
0.014694836994749494
0.005530274007469416
0.0035001020005438477
0.006548186007421464
0.006112100003520027
0.006666212997515686
0.005222434003371745
0.0045006000000284985
0.0038253749953582883
0.005050153995398432
0.010074607998831198
0.0027645310037769377
0.009032601010403596
0.006391625996911898
0.00450423700385727
0.007843540006433614
0.0065712409996194765
0.0036343690007925034
0.008030698998481967
0.004102837003301829
0.017077797005185857
0.00643931700324174
0.012501521996455267
0.008023064001463354
0.004563731999951415
0.005540764992474578
0.005604457008303143
0.00968537200242281
0.005517480007256381
0.0023907839931780472
0.009835881006438285
0.009335381007986143
0.006263229995965958
0.0037645590055035427
0.0036832920013694093
0.007830644986825064
0.013065192993963137
0.005537749006180093
0.015567631999147125
0.009342534991446882
0.007295368995983154
0.00486845598788932
0.006368351008859463
0.0057133349910145625
0.00985655099793803
0.007118901005014777
0.006897615996422246
0.010356490005506203
0.004415547009557486
0.005538590005016886
0.002258942011394538
0.004689301989856176
0.008496402006130666
0.0034993099980056286
0.006676924007479101
0.004767241989611648
0.011137395995319821
0.008334030993864872
0.004482324991840869
0.0045453659986378625
0.004979769000783563
0.0025575740000931546
0.0036421039985725656
0.005441814995720051
0.0035639039997477084
0.005463455992867239
0.004987113003153354
0.008410146998357959
0.0046560979972127825
0.0053576740028802305
0.004892952987574972
0.018285452999407426
0.008190606007701717
0.009505818001343869
0.012760919009451754
0.002683094993699342
0.004491522995522246
0.004950082002324052
0.005908940001972951
0.00466839199361857
0.006737329007592052
0.006720067001879215
0.003408446005778387
0.005395825995947234
0.008468287996947765
0.011441558992373757
0.003542001999448985
0.00965226799598895
0.0069102410052437335
0.006278458997257985
0.004915505007375032
0.004382444007205777
0.005310452994308434
0.004683911000029184
0.0026794479927048087
0.004015790007542819
0.0061243330128490925
0.003837447991827503
0.004049394992762245
0.005754204001277685
0.003683473012642935
0.013429202008410357
0.0054199430014705285
0.006029391995980404
0.01070165001146961
0.005323827994288877
0.004892902012215927
0.004108588997041807
0.005405033996794373
0.010877528009586968
0.004608385992469266
0.005324711004504934
0.014151726994896308
0.006167346000438556
0.004594169004121795
0.00450681199436076
0.004023815999971703
0.005316053997376002
0.013296195000293665
0.006156404997454956
0.0032725360069889575
0.00898004999908153
0.0042995949916075915
0.006022157002007589
0.003912743006367236
0.005007722997106612
0.01037932198960334
0.0038985550054349005
0.010800028991070576
0.004831294005271047
0.004604289002600126
0.008239579998189583
0.00728901699767448
0.006091150004067458
0.012179425000795163
0.005056266003521159
0.0027941479929722846
0.004833388011320494
0.005179311992833391
0.010675871002604254
0.004836544001591392
0.010079958999995142
0.005969296005787328
0.0061427190084941685
0.01925731700612232
0.017039012993336655
0.0052457590063568205
0.005087876008474268
0.005459569001686759
0.00628231700102333
0.0044663150038104504
0.007237286990857683
0.005473827011883259
0.007741323992377147
0.007492256991099566
0.004003255991847254
0.005474217992741615
0.0037050739920232445
0.006446851999498904
0.004406530002597719
0.004747793995193206
0.005498143000295386
0.0036714899906655774
0.005996378997224383
0.007886011007940397
0.004354008997324854
0.0044327299983706325
0.005349687999114394
0.006965075997868553
0.0059260529960738495
0.004277722997358069
0.0053787039942108095
0.007152866004616953
0.004044696004712023
0.0030961269949330017
0.005965628995909356
0.004692187998443842
0.003527214008499868
0.010074798003188334
0.002847220006515272
0.014854694993118756
0.007704133007791825
0.007962638992466964
0.0024191489937948063
0.004550475990981795
0.013167999000870623
0.018003192002652213
0.005379374997573905
0.0027210380067117512
0.0055971830006456
0.005410725003457628
0.002717782001127489
0.0084530989988707
0.011840343999210745
0.0049122189957415685
0.003419125991058536
0.0060237809957470745
0.00780207100615371
0.010561813003732823
0.008362644992303103
0.013160996997612529
0.018758640013402328
0.00676674499118235
0.005360539013054222
0.004847485004574992
0.004894204990705475
0.004970129986759275
0.004608296003425494
0.004078230005688965
0.007662082003662363
0.005187217000639066
0.006653598989942111
0.011642174009466544
0.006389882997609675
0.009537969002849422
0.0028234240016900003
0.014603902993258089
0.004220824004733004
0.0027196550072403625
0.0026575359952403232
0.004317027996876277
0.003423724992899224
0.010112571995705366
0.004845521994866431
0.011130243001389317
0.009057128001586534
0.007985661999555305
0.004744708014186472
0.0040264410054078326
0.008429252993664704
0.010740173995145597
0.004612635006196797
0.006026575996656902
0.005014275011490099
0.018124984999303706
0.0047408799873664975
0.00398598299943842
0.0038709229993401095
0.007411281010718085
0.004085453998413868
0.004341013001976535
0.00717354599328246
0.004592606012010947
0.005176185994059779
0.0029885709955124184
0.02307441500306595
0.009790754003915936
0.009281186998123303
0.007201688989880495
0.004235089989379048
0.005382080998970196
0.010150223999517038
0.008414055002504028
0.005999714994686656
0.004181587995844893
0.004429694003192708
0.009696632987470366
0.004715752002084628
0.0061869540077168494
0.011144579999381676
0.0056830670073395595
0.0056738900020718575
0.0038634380034636706
0.006287016003625467
0.00828217099478934
0.003825154999503866
0.0030070460052229464
0.003865922990371473
0.005115590000059456
0.006461159995524213
0.013400655996520072
0.009809150011278689
0.012455553995096125
0.011512855999171734
0.004091786002391018
0.006443887003115378
0.007860442012315616
0.007919887008029036
0.002442021999740973
0.014284930992289446
0.004546138006844558
0.003271383000537753
0.004528794001089409
0.0051739109912887216
0.00416450499324128
0.0058882209996227175
0.00608299499435816
0.003861275006784126
0.004143275000387803
0.005332555010681972
0.004238458001054823
0.008120651997160167
0.010605625997413881
0.0067552840046118945
0.004574812002829276
0.01159114700567443
0.003930917999241501
0.004442378005478531
0.007276822987478226
0.0056172409967985
0.004359088998171501
0.008918360996176489
0.005891687993425876
0.005867341009434313
0.010742248996393755
0.0049788269971031696
0.006766415011952631
0.0062281730060931295
0.018095870007527992
0.00788028100214433
0.006238242000108585
0.003404388000490144
0.0027781170065281913
0.007208852999610826
0.005283111007884145
0.005519803991774097
0.009897128999000415
0.0051510979974409565
0.0058327750011812896
0.012867975005065091
0.004480492003494874
0.00615824900160078
0.003251625006669201
0.011276512988843024
0.0060588880005525425
0.0063249289960367605
0.015382696990855038
0.0042253519932273775
0.005529302987270057
0.008292400991194881
0.007495273006497882
0.007465716000297107
0.005308088002493605
0.012973195989616215
0.006529160003992729
0.005577004005317576
0.004343419001088478
0.010583625000435859
0.004956012999173254
0.005262660997686908
0.00528468300763052
0.0063405279943253845
0.003200556995579973
0.003957859007641673
0.004178863004199229
0.01699441799428314
0.00854248100949917
0.007247576999361627
0.0069635219988413155
0.004456595008377917
0.005023694000556134
0.0033280019997619092
0.010166645006393082
0.003571358000044711
0.005915893998462707
0.005116801999974996
0.00735397101379931
0.00796673599688802
0.0051001999963773414
0.004974438998033293
0.0024647559912409633
0.004773002001456916
0.005719046006561257
0.005460930988192558
0.0059458610048750415
0.00536748199374415
0.006054210010915995
0.002629211012390442
0.003498038000543602
0.0026773139979923144
0.005341131996829063
0.009060033000423573
0.0038967119908193126
0.005065742996521294
0.007771852993755601
0.007965994998812675
0.009519864994217642
0.010618211003020406
0.005504795990418643
0.006750142987584695
0.0046032269892748445
0.003615563007770106
0.006928666000021622
0.0024716799962334335
0.005561445010243915
0.004408294000313617
0.008417991994065233
0.006087503003072925
0.005301194993080571
0.01018439901235979
0.007145511990529485
0.008689903013873845
0.0077594390022568405
0.02779212199675385
0.0064089100051205605
0.0049581979983486235
0.004632202995708212
0.004754977999255061
0.005856600997503847
0.00492445299460087
0.004728246000013314
0.005030426997109316
0.004670826005167328
0.0047832320124143735
0.004588047988363542
0.004855670995311812
0.004663312007323839
0.004757511997013353
0.004921796993585303
0.0048353419988416135
0.010011347010731697
0.010231388994725421
0.009998923007515259
0.010381668005720712
0.004947076013195328
0.00479851099953521
0.0047917689953465015
0.004760748997796327
0.00400135200470686
0.004122754995478317
0.0037801680009579286
0.0037405629991553724
0.004792049003299326
0.004780937000759877
0.00458386899845209
0.005015527000068687
0.0050286730111110955
0.005462665008963086
0.0050312870007473975
0.005010036999010481
0.004956553995725699
0.005495186996995471
0.0054378180066123605
0.005420264002168551
0.0049742080009309575
0.0056020719930529594
0.005738793988712132
0.005461462991661392
0.005163139998330735
0.005795732999104075
0.0047942730016075075
0.005128955002874136
0.005398833003710024
0.005748442999902181
0.005448126990813762
0.00558420798915904
0.005486120004206896
0.005828726003528573
0.005206583009567112
0.005658220004988834
0.006520423004985787
0.00536241200461518
0.005587274004938081
0.006538829009514302
0.006768838997231796
0.005449199001304805
0.00554213700524997
0.0063402480009244755
0.005303839992848225
0.004941405000863597
0.005320842989021912
0.005269214001600631
0.0056023229990387335
0.0051271109987283126
0.005429380995337851
0.0054650999954901636
0.005246209999313578
0.005568538006627932
0.005435744009446353
0.005237051998847164
0.0056009599938988686
0.005629445004160516
0.005325813006493263
0.005149194010300562
0.005850759000168182
0.004540516005363315
0.005636047993903048
0.0050905310054076836
0.006226729994523339
0.005130038000061177
0.005609776999335736
0.005774753008154221
0.006298287000390701
0.005908238992560655
0.006003310991218314
0.0057615179975982755
0.006162006000522524
0.005502681000507437
0.005898251009057276
0.005644272998324595
0.005910494001000188
0.005217313999310136
0.005486249996465631
0.004919554005027749
0.005261758997221477
0.004952146002324298
0.0053272349905455485
0.005361051007639617
0.0052470719965640455
0.00525607900635805
0.004789784987224266
0.005589478008914739
0.005042208998929709
0.0053878420003456995
0.005256830001599155
0.005897928989725187
0.010730255002272315
0.010788988001877442
0.010588794000796042
0.0043048439983977005
0.004248286000802182
0.004693640992627479
0.00362783700984437
0.003485473003820516
0.003688071999931708
0.004912539996439591
0.005214338991208933
0.00432417199772317
0.004825804004212841
0.004793992993654683
0.00483892900228966
0.005255987998680212
0.00497128299321048
0.005014955997467041
0.005345168989151716
0.0054978830012260005
0.004973547009285539
0.00527039599546697
0.006076912992284633
0.005680401998688467
0.005919510993408039
0.00528324100014288
0.005685372001607902
0.005760917003499344
0.0058853850059676915
0.006538928006193601
0.005736069011618383
0.005131799989612773
0.006005256000207737
0.005791194998892024
0.005659451999235898
0.005691202997695655
0.00575307100370992
0.005251940994639881
0.01113198499660939
0.004748676001327112
0.005061124989879318
0.005038050003349781
0.0057007809955393896
0.0059269659977871925
0.005320701995515265
0.005202436004765332
0.00603508300264366
0.006005035000271164
0.004867494004429318
0.005556093994528055
0.0051949810003861785
0.00457604399707634
0.0050469970010453835
0.004903011998976581
0.005619085000944324
0.005515056007425301
0.005360297989682294
0.005410865996964276
0.005720870001823641
0.00534410699037835
0.0050774260016623884
0.0051426910067675635
0.006275173000176437
0.0047514010075246915
0.004790817009052262
0.004826265008887276
0.00502591700933408
0.004620589999831282
0.0046144579973770306
0.004625049012247473
0.00458899000659585
0.005113405000884086
0.004725931998109445
0.004520328002399765
0.004588858995703049
0.005452556011732668
0.0053218039975035936
0.005702574999304488
0.005356681998819113
0.005312066001351923
0.0053923800005577505
0.006075771001633257
0.005528301000595093
0.005103987001348287
0.005439729997306131
0.00531815699650906
0.005657820001943037
0.005727743002353236
0.005344609002349898
0.010137738994671963
0.010247228987282142
0.004587406001519412
0.004531118989689276
0.004939120000926778
0.004819801994017325
0.005426967007224448
0.004615710990037769
0.0050073920137947425
0.0048438380035804585
0.00556567199237179
0.004627764006727375
0.004938869999023154
0.005311906003043987
0.004696023999713361
0.0061194750014692545
0.006282035988988355
0.0064534840057604015
0.005284653001581319
0.00572156099951826
0.006331331009278074
0.005847091000759974
0.00538583799789194
0.00551214900042396
0.00493168699904345
0.005729276002966799
0.005354156004614197
0.004843727991101332
0.005485747999045998
0.005633661989122629
0.005412869999418035
0.004951775990775786
0.005506177985807881
0.004700694000348449
0.005483635002747178
0.004829320008866489
0.005824969994137064
0.005181165004614741
0.0049848390044644475
0.004874787002336234
0.005798149009933695
0.0046713579940842465
0.004584351001540199
0.004698520002420992
0.004559542998322286
0.004594209996866994
0.004625820001820102
0.004389005989651196
0.005066664991318248
0.004550596000626683
0.004642351996153593
0.004523023002548143
0.004995418988983147
0.009744955998030491
0.005241159989964217
0.0052035780099686235
0.005289673004881479
0.005277741001918912
0.004868044998147525
0.005986038988339715
0.005463326000608504
0.0049284510023426265
0.005482452004798688
0.004999085998861119
0.004570032993797213
0.004579811997245997
0.0047683229931863025
0.005302536999806762
0.004906549002043903
0.004952186005539261
0.005261749989585951
0.004675364005379379
0.005639164010062814
0.005754906000220217
0.005222263993346132
0.005012460998841561
0.005562156002270058
0.0050701630098046735
0.005764082001405768
0.00535157200647518
0.004844178998610005
0.005142220004927367
0.0050223709986312315
0.005167739000171423
0.0048264649958582595
0.0056446740054525435
0.0047834430006332695
0.0045381319941952825
0.005170133998035453
0.0052163729997118935
0.004889315998298116
0.00490293100301642
0.004376412005512975
0.004531548998784274
0.004865620008786209
0.004873084995779209
0.005412037004134618
0.005707574004190974
0.004820212998311035
0.005390385995269753
0.004892872006166726
0.00532508100150153
0.004979117002221756
0.005140506997122429
0.003529829002218321
0.0033624470088398084
0.004860721004661173
0.004807347999303602
0.00468805999844335
0.005508613001438789
0.005374856002163142
0.004567578012938611
0.001193489006254822
0.0010918439948000014
0.001092434991733171
0.0010882369970204309
0.0010701519931899384
0.0011013619950972497
0.005449239004519768
0.004645809007342905
0.0050076519983122125
0.004505388991674408
0.005208577000303194
0.005128764008986764
0.004866450995905325
0.003601516000344418
0.004587667004670948
0.0050385310023557395
0.004689050998422317
0.005013884001527913
0.005010777997085825
0.004778764006914571
0.005806763991131447
0.004900376996374689
0.005178951003472321
0.005691052007023245
0.005881969002075493
0.005119818000821397
0.004846644005738199
0.004696756004705094
0.005128193995915353
0.005593695997959003
0.005910373001825064
0.0057028550072573125
0.004586815004586242
0.0044267089979257435
0.004966182998032309
0.006607389994314872
0.006657314996118657
0.007706055999733508
0.0054094430088298395
0.0025917089951690286
0.019311801006551832
0.008148035005433485
0.009731840997119434
0.008467817009659484
0.006131005997303873
0.003430298005696386
0.007704482995904982
0.009320412005763501
0.006141796999145299
0.004625480010872707
0.005039453011704609
0.007192121003754437
0.016904856005567126
0.005161427005077712
0.00482275799731724
0.0061509340011980385
0.027036653002141975
0.006073686003219336
0.009471262004808523
0.005626839003525674
0.005408060998888686
0.005797265999717638
0.007205437010270543
0.009298300006776117
0.003553322996594943
0.005285826002364047
0.006463073004852049
0.006318957006442361
0.003337779999128543
0.007017556999926455
0.0036919400008628145
0.005828405992360786
0.004618596998625435
0.008148124994477257
0.00578787800623104
0.0035393069993006065
0.0056494529999326915
0.005321563992765732
0.0057089170004474
0.005092895997222513
0.008088568996754475
0.005652097999700345
0.013231452001491562
0.0062840099999448285
0.006534329993883148
0.006098343001212925
0.006732438996550627
0.00600931400549598
0.021743353994679637
0.002848742005880922
0.021382030987297185
0.007705826006713323
0.005012792011257261
0.00921750500856433
0.005082335992483422
0.01786997599992901
0.008036190003622323
0.0050779669982148334
0.007757625004160218
0.005621178992441855
0.006173126996145584
0.005303249999997206
0.004763884993735701
0.010400352999567986
0.009881357997073792
0.007584502993267961
0.0058673309977166355
0.006500195013359189
0.005398351000621915
0.004843257003813051
0.0027710739959729835
0.0035422030050540343
0.005755366000812501
0.005340339994290844
0.01796345500042662
0.005606830993201584
0.009083889002795331
0.006172655994305387
0.008771488995989785
0.007060930001898669
0.007058945004246198
0.010327192008844577
0.004366492998087779
0.0035998929961351678
0.006800780989578925
0.005563177997828461
0.009732140999403782
0.005783710003015585
0.005785774992546067
0.00936468699364923
0.004908182003418915
0.00524254199990537
0.005857592012034729
0.004928440990624949
0.005287678999593481
0.004121292004128918
0.007335856993449852
0.005749955991632305
0.005092064006021246
0.006196712012751959
0.005962462993920781
0.006250555001315661
0.0034701239928836003
0.004725421007606201
0.004560354995192029
0.02213057600602042
0.005467815004521981
0.004466084006708115
0.007326317994738929
0.006545160009409301
0.006650272000115365
0.008987654000520706
0.0031024689960759133
0.004972184004145674
0.009756608997122385
0.01864796699373983
0.02571578000788577
0.006572974001755938
0.0096075430046767
0.009673098000348546
0.009719296998810023
0.008830923994537443
0.008646620000945404
0.009198157989885658
0.003546489999280311
0.005489365998073481
0.005142530993907712
0.006044390000170097
0.00804508599685505
0.0072919429949251935
0.0034753540094243363
0.022652597006526776
0.0068228430027375
0.007515991994296201
0.004912139993393794
0.003916389003279619
0.008457738003926352
0.007884959006332792
0.016363015995011665
0.006728061009198427
0.005375136999646202
0.005757780993008055
0.003091488004429266
0.00820235800347291
0.006908236988238059
0.005399624002166092
0.004496120993280783
0.010180441007832997
0.00981893799325917
0.006397156001185067
0.0032784259965410456
0.005121260997839272
0.0037181599909672514
0.017848113988293335
0.008026381008676253
0.007977777990163304
0.01719045299978461
0.009680592993390746
0.0031416740093845874
0.007096538000041619
0.0062464579968946055
0.005638121991069056
0.005626329002552666
0.02151162900554482
0.0060468549927463755
0.003037114001926966
0.006159339987789281
0.006164220001664944
0.020640668997657485
0.007344422992900945
0.0055257950007217005
0.009355709989904426
0.004773622989887372
0.005733985002734698
0.012068271011230536
0.006982579987379722
0.00876271299785003
0.01711508899461478
0.005842953993123956
0.005431494995718822
0.005484175999299623
0.0033174519921885803
0.008182609992218204
0.005108936995384283
0.005748493000282906
0.009664172001066618
0.008836153996526264
0.010334306993172504
0.006672224000794813
0.005989725992549211
0.006111898997914977
0.005861098994500935
0.003639078000560403
0.005665112999849953
0.0032881750084925443
0.017085292012779973
0.006178027004352771
0.009268062000046484
0.008141622005496174
0.0045392039901344106
0.009953035987564363
0.007060187999741174
0.023167634004494175
0.005081243987660855
0.0069625510077457875
0.004981642006896436
0.003392083992366679
0.005169593001483008
0.005276547992252745
0.005096533001051284
0.005829837988130748
0.00650810899969656
0.00936911600001622
0.006855315004941076
0.007494150006095879
0.005049972998676822
0.007526272005634382
0.00620528899889905
0.005896717004361562
0.006215297005837783
0.010180911995121278
0.0065890050027519464
0.0057857240026351064
0.003653897001640871
0.010702933999709785
0.005280345008941367
0.009732992999488488
0.008719990000827238
0.006596578998141922
0.006242720002774149
0.010077312996145338
0.005744516005506739
0.0061051959928590804
0.007527053996454924
0.006921883003087714
0.006317894003586844
0.007760381005937234
0.006858531996840611
0.008473337991745211
0.005154092999873683
0.007129171004635282
0.008925053989514709
0.006133009999757633
0.01641560699499678
0.005533800998819061
0.005363706004573032
0.004415486007928848
0.007516363009926863
0.019094844989012927
0.005343686003470793
0.006060330997570418
0.009234657991328277
0.006899569998495281
0.004907089998596348
0.007291621004696935
0.008937438004068099
0.005529814006877132
0.00823822699021548
0.0066862109961220995
0.005905373996938579
0.002945408006780781
0.007477157996618189
0.006373942000209354
0.016770607995567843
0.005464999005198479
0.02285534600378014
0.009592504007741809
0.005126389994984493
0.007364321005297825
0.00549378500727471
0.00469450099626556
0.006390003007254563
0.00855159699858632
0.008048843999858946
0.010394491997431032
0.010101409003254957
0.0047699470014777035
0.0025228980084648356
0.005185293004615232
0.005620668001938611
0.022227833003853448
0.01701100899663288
0.006790731000364758
0.008109961010632105
0.006942673004232347
0.006099845995777287
0.006705538005917333
0.008109831003821455
0.00772740799584426
0.0031046229996718466
0.005764233006630093
0.005798358004540205
0.005674051004461944
0.004779655006132089
0.01940282600116916
0.007687481003813446
0.005339087001630105
0.012032913000439294
0.0063282350020017475
0.00850345499929972
0.017551715995068662
0.003586577993701212
0.004723848003777675
0.0053918579942546785
0.009537138001178391
0.005063158998382278
0.004475691996049136
0.0071020489995134994
0.009551044000545517
0.005334818997653201
0.004664314008550718
0.004017343002487905
0.002766675010207109
0.005014635986299254
0.005858834003447555
0.005673849998856895
0.007082932002958842
0.006242089002626017
0.015691388995037414
0.005390937993070111
0.004678230005083606
0.00571234300150536
0.00555889900715556
0.00550972500059288
0.0053595360077451915
0.003511103001073934
0.007490933989174664
0.009464688002481125
0.008929803007049486
0.005302186997141689
0.005982781993225217
0.005476582009578124
0.011154469000757672
0.007404839008813724
0.015815416991245
0.005219448008574545
0.0049097550072474405
0.009078397997654974
0.009484266003710218
0.004568771008052863
0.006283317998168059
0.003535519994329661
0.0030058739939704537
0.007635881993337534
0.0034036459983326495
0.005225009997957386
0.004904343993985094
0.005401157002779655
0.009453127000597306