0.006854745006421581
0.006610325988731347
0.0069174550008028746
0.0063343670044559985
0.006638509992626496
0.005685210999217816
0.006254173000343144
0.007043195990263484
0.006513018990517594
0.007270982998306863
0.006306484006927349
0.007882074991357513
0.006483302000560798
0.005733805010095239
0.007297894000657834
0.005950670994934626
0.005738763997214846
0.006612780998693779
0.006206642006873153
0.005560833000345156
0.005452364988741465
0.006404692001524381
0.005425944997114129
0.005249166002613492
0.0067380609980318695
0.0060747090028598905
0.005925892997765914
0.0058684329997049645
0.00718853400030639
0.006053108008927666
0.005879795004148036
0.006823003001045436
0.006198296003276482
0.00589093699818477
0.006555410000146367
0.0052618299960158765
0.005265416999463923
0.0053212540078675374
0.005962323004496284
0.005231913004536182
0.005265636995318346
0.005705039991880767
0.005536316995858215
0.005267671003821306
0.005747089991928078
0.006635053010541014
0.0059344799956306815
0.006921021005837247
0.005015458009438589
0.004839269007788971
0.007418524997774512
0.007698471992625855
0.007838731005904265
0.007976534994668327
0.00789130199700594
0.007876674004364759
0.008100623992504552
0.007783344990457408
0.007745904003968462
0.007784978995914571
0.00805739099450875
0.008138496996252798
0.008655457000713795
0.008147093001753092
0.0056498439953429624
0.004756830996484496
0.005632600994431414
0.005216132994974032
0.005184241003007628
0.005383923999033868
0.005165045004105195
0.005360780007322319
0.005093026004033163
0.0051539929991122335
0.005426817006082274
0.005003894999390468
0.005057549002231099
0.004984679006156512
0.00536676099000033
0.005380987990065478
0.005463085995870642
0.005498333994182758
0.005876819006516598
0.005368263999116607
0.005190633004531264
0.005280115001369268
0.005808920002891682
0.005635547000565566
0.006031115000951104
0.0061610240081790835
0.005635396999423392
0.006504432996734977
0.0059754289977718145
0.006109505004133098
0.004461243996047415
0.0036107540072407573
0.003592709996155463
0.003615542998886667
0.0036984409962315112
0.013478085995302536
0.01266653899801895
0.014886336008203216
0.017479729009210132
0.016261894008493982
0.017783811999834143
0.01616582898714114
0.01804371998878196
0.017616311000892892
0.0021917030098848045
0.002400783996563405
0.0028541319916257635
0.0033832280023489147
0.002289220006787218
0.0020843969978159294
0.005828256005770527
0.008356803999049589
0.007577631011372432
0.008418462995905429
0.0020977129897801206
0.001936343003762886
0.00203507200058084
0.001980959001230076
0.0019300509884487838
0.002141796998330392
0.004307661001803353
0.009492293000221252
0.0035134780046064407
0.0028317099931882694
0.002904420005506836
0.0023803740041330457
0.0031978720071492717
0.0032074499904410914
0.0032114990026457235
0.002920471000834368
0.0031945350056048483
0.003165419999277219
0.003226878005079925
0.0028671170002780855
0.0022957520122872666
0.0031161959923338145
0.003232347997254692
0.0034093680005753413
0.003000102995429188
0.0031155439937720075
0.0031357629923149943
0.0031300020054914057
0.0025825230113696307
0.0034919059980893508
0.003554146009264514
0.0036214950087014586
0.003429856995353475
0.003384039009688422
0.0034380319993942976
0.003596476002712734
0.003039157993043773
0.0031050149991642684
0.003024549994734116
0.0027666350069921464
0.002952772003482096
0.002978090997203253
0.0030784530099481344
0.004015058992081322
0.004019216998131014
0.0036725719983223826
0.003814714989857748
0.004021391010610387
0.003998767992015928
0.003967487995396368
0.003953762003220618
0.003948101002606563
0.004294113998184912
0.00410644500516355
0.0037431770033435896
0.004198840993922204
0.0043263659899821505
0.004080754995811731
0.0036379959929035977
0.0037681249959859997
0.003685136995045468
0.004049926006700844
0.00393794100091327
0.003899568007909693
0.0053256120008882135
0.010352712997701019
0.006698394994600676
0.010372870994615369
0.003377626999281347
0.005959176996839233
0.006713242997648194
0.005058701004600152
0.015607638997607864
0.0050401350017637014
0.005332907006959431
0.005325342004653066
0.004826976000913419
0.006203355005709454
0.006152418005513027
0.0089856100094039
0.006988941997406073
0.005918189010117203
0.01192872399406042
0.00633852400642354
0.008490830994560383
0.005958656998700462
0.013305093991220929
0.010587743003270589
0.00838288500381168
0.011969633007538505
0.00780685999779962
0.00401033999514766
0.015381466000690125
0.012083821988198906
0.00977244900423102
0.012176710006315261
0.01162281799770426
0.009288802000810392
0.011759500004700385
0.0036628539965022355
0.003870952990837395
0.005859045995748602
0.007745882991002873
0.014415593002922833
0.005803539010230452
0.007969432001118548
0.009676656001829542
0.006605827002204023
0.0035152610071236268
0.014709116003359668
0.007653125998331234
0.012021451999316923
0.005757070000981912
0.007413906991132535
0.00718258299457375
0.011977647998719476
0.015407115002744831
0.009077025999431498
0.007679425994865596
0.009006079999380745
0.006390925002051517
0.010225468999124132
0.01167338399682194
0.011898876997292973
0.0058888529893010855
0.003761332991416566
0.006412525995983742
0.0041899850039044395
0.014448796995566227
0.006399001009413041
0.004128807006054558
0.00555434099806007
0.005429160999483429
0.011996093991911039
0.014331972997752018
0.003941618007957004
0.0097734209994087
0.003972377991885878
0.007508869006414898
0.007716858002822846
0.005969165998976678
0.006136967989732511
0.008869167999364436
0.012781940997228958
0.006620255007874221
0.0041124660056084394
0.011220225991564803
0.007969280995894223
0.010316874002455734
0.009395125991431996
0.005800612998427823
0.005760586995165795
0.00824053300311789
0.009491830991464667
0.005996238003717735
0.003707859999849461
0.01089427999977488
0.004949441005010158
0.005965939999441616
0.01746563200140372
0.01044537998677697
0.006740315002389252
0.005582134006544948
0.013043903003563173
0.005613845001789741
0.0072145640006056055
0.012144687992986292
0.008127524997689761
0.0033984360052272677
0.0067514760012272745
0.005761096996138804
0.005548238987103105
0.0037832550005987287
0.011123589996714145
0.007918553994386457
0.012534105000668205
0.01250341699051205
0.023496286012232304
0.005270295994705521
0.006542326009366661
0.007827259993064217
0.003132537007331848
0.006500816001789644
0.010938355000689626
0.0029944820125820115
0.0030602479964727536
0.005024204991059378
0.01640078000491485
0.01184185799502302
0.010503031007829122
0.004887942995992489
0.0030199409957276657
0.0028301769925747067
0.006052785989595577
0.0026511040050536394
0.011467218995676376
0.006527898003696464
0.005795933990157209
0.0022556050098501146
0.010901305009610951
0.006500775998574682
0.011652835994027555
0.008004999996046536
0.006651004005107097
0.0084688200004166
0.00503505599044729
0.007610173008288257
0.005793449992779642
0.01206473499769345
0.01039981200301554
0.0072251950041390955
0.004597746999934316
0.008295888008433394
0.008725692998268642
0.004896821003057994
0.008206437007174827
0.0044353150005918
0.006738522002706304
0.006763821002095938
0.004755218003992923
0.00515147800615523
0.014365096008987166
0.006003892995067872
0.00706613999500405
0.0032555829966440797
0.005540134006878361
0.011810466996394098
0.009797127000638284
0.005497762991581112
0.006478212002548389
0.00871945099788718
0.00531053300073836
0.004782711010193452
0.008019168002647348
0.011338212003465742
0.00731429600273259
0.004645387991331518
0.006713333990774117
0.003968118995544501
0.0053893550066277385
0.010612080004648305
0.010164071005419828
0.006601968998438679
0.006839836001745425
0.013025546999415383
0.011469954988569953
0.0008201930031646043
0.002140024007530883
0.0010095760080730543
0.0009146540105575696
0.0026344219950260594
0.002499882990377955
0.0022854330018162727
0.002102862999890931
0.0016712450014892966
0.0072505539865233
0.005698547000065446
0.0034486929944250733
0.0027548130019567907
0.0038986760046100244
0.001862721997895278
0.0017665080085862428
0.00182725400372874
0.0017484030104242265
0.003129390999674797
0.002820758003508672
0.00278511100623291
0.0028721080016111955
0.0026677960122469813
0.0027738390053855255
0.0027104070031782612
0.0028471499972511083
0.0026940559910144657
0.002706008992390707
0.0027590509998844936
0.004669744012062438
0.0016553939931327477
0.0025082290085265413
0.0020950970065314323
0.0031005060009192675
0.0021246139949653298
0.001909301005071029
0.00200294099340681
0.00199326200527139
0.0020532570051727816
0.0021220199996605515
0.0012843020085711032
0.001182738007628359
0.0019222859991714358
0.0026710020028986037
0.0026841970102395862
0.002588513001683168
0.003066510005737655
0.0027862919960170984
0.0030127569916658103
0.004510519007453695
0.002378652003244497
0.0010264180018566549
0.0013756570115219802
0.0013532449956983328
0.0014521850098390132
0.001271849003387615
0.0012336560030234978
0.0014234800037229434
0.001279793999856338
0.0011984580050921068
0.0013201819965615869
0.0014168670022627339
0.001377250999212265
0.0030946840124670416
0.003061561001231894
0.0029924279951956123
0.002964955987408757
0.0029902930109528825
0.002986607010825537
0.002683325990801677
0.0028203580004628748
0.0030238680046750233
0.0013014349970035255
0.0017968750034924597
0.004176287999143824
0.004339711987995543
0.004227857003570534
0.005250599002465606
0.0066958899988094345
0.005887930004973896
0.0055390009947586805
0.0015491899976041168
0.0014331379934446886
0.0015428890037583187
0.00606880801205989
0.003353581007104367
0.007946408004499972
0.003100875997915864
0.003131985999061726
0.003289428001153283
0.0036717600014526397
0.002774461012450047
0.0020073689956916496
0.0012386349990265444
0.004957596000167541
0.004601584005285986
0.0045397950016194955
0.0077194420009618625
0.007060078001813963
0.007838731005904265
0.007979650996276177
0.008118056997773238
0.007807149988366291
0.007333974004723132
0.005939940005191602
0.007120003996533342
0.007151594007154927
0.006888629999593832
0.006541042996104807
0.006525573000544682
0.006688966997899115
0.006836519009084441
0.007302362995687872
0.006559358007507399
0.006274212006246671
0.006966589004150592
0.006955908989766613
0.0066309149988228455
0.006815880013164133
0.004361243001767434
0.004902390006463975
0.004622655003913678
0.004932377996738069
0.004516471002716571
0.0050386119983159006
0.006733451999025419
0.006880654007545672
0.006450137996580452
0.0020058270019944757
0.0018431939970469102
0.0017107000021496788
0.0019728129991563037
0.0018182360072387382
0.00486089100013487
0.004970220994437113
0.004794432999915443
0.004807247998542152
0.004931466988637112
0.005005368002457544
0.004830754012800753
0.005068610000307672
0.004779655006132089
0.004362054998637177
0.004294555008527823
0.0018797149969032034
0.004824531002668664
0.004715902992757037
0.004200455005047843
0.0038866719987709075
0.004350882998551242
0.003777895006351173
0.0035021859948756173
0.003972618011175655
0.00394857200444676
0.004164997008047067
0.00322878199222032
0.0035208110057283193
0.00484544200298842
0.004420266006491147
0.0049815519887488335
0.0049038639990612864
0.0049164280062541366
0.004805214994121343
0.004697226991993375
0.004111704998649657
0.0038533589977305382
0.003953681996790692
0.0036213540006428957
0.0036672519927378744
0.003616114001488313
0.003947951001464389
0.004223989992169663
0.0030795450002187863
0.0033681380009511486
0.004811245991731994
0.004914734003250487
0.004913210999802686
0.004739218013128266
0.0047410310071427375
0.004244007999659516
0.0040948520036181435
0.0017580909916432574
0.0015310660091927275
0.0016775469994172454
0.0015668039995944127
0.0038897889899089932
0.00359411200042814
0.004055255994899198
0.003975714003900066
0.0032074510090751573
0.0037048649974167347
0.0016539019998162985
0.0016371189994970337
0.0015845779998926446
0.0015908999921521172
0.0017519000102765858
0.0015931449888739735
0.0015381589910248294
0.0015898290002951398
0.0017449159931857139
0.0015759819943923503
0.001745697998558171
0.001627219986403361
0.0015652720030630007
0.004319503001170233
0.0014038820081623271
0.0036366929998621345
0.003918263013474643
0.004257495005731471
0.0030694060114910826
0.003670086996862665
0.004280588997062296
0.003871655004331842
0.003363709998666309
0.003476726997178048
0.0032509939919691533
0.0033600440074224025
0.003194896999048069
0.0021320679952623323
0.002135283997631632
0.002383038998232223
0.006393671006662771
0.0035985209979116917
0.0030117760034045205
0.0020780549966730177
0.0021207069949014112
0.0051034759962931275
0.004562668997095898
0.004724790996988304
0.0015719939983682707
0.0015344419953180477
0.0018476730037946254
0.00177386098948773
0.0017448760045226663
0.001708866999251768
0.0018221149948658422
0.0018059529975289479
0.0017351880087517202
0.0016915040032472461
0.0015523960028076544
0.0015739680093247443
0.0017137969989562407
0.0017656959971645847
0.0018390470067970455
0.0020500109967542812
0.0017624289903324097
0.0018028470076387748
0.0017802629881771281
0.0017906730063259602
0.0017061120015569031
0.001580220996402204
0.0016326209879480302
0.001752149997628294
0.0017682010075077415
0.0017635809927014634
0.0018596259906189516
0.0017604159947950393
0.0017395159957231954
0.001743572996929288
0.0018423330038785934
0.0017806340038077906
0.0017617679986869916
0.005059240997070447
0.005124506991705857
0.007567130000097677
0.00706132099730894
0.0018883310112869367
0.0017491440084995702
0.0017333940049866214
0.0017462190007790923
0.0017893809999804944
0.0018638140027178451
0.0018728709983406588
0.0017576709942659363
0.0017321920022368431
0.0019309820054331794
0.0017257099971175194
0.0017749030084814876
0.0017293959972448647
0.0017187659977935255
0.0017007209971779957
0.0016893699939828366
0.0017763860087143257
0.0017425120022380725
0.0015580680046696216
0.0017202980088768527
0.0017571990028955042
0.0017587930051377043
0.001762258994858712
0.0017015429912135005
0.001950680001755245
0.002993571004481055
0.003675226995255798
0.0033084250026149675
0.003479221006273292
0.002942913008155301
0.0025886840012390167
0.002346460008993745
0.002881796011934057
0.002268809999804944
0.0020214859978295863
0.001960760011570528
0.0019315240060677752
0.008837866989779286
0.009143564006080851
0.00698745901172515
0.006704848012304865
0.00800877700385172
0.006882237998070195
0.006586019997484982
0.001961151006980799
0.0015980639873305336
0.0071667919983156025
0.006814257008954883
0.002907134999986738
0.0017239659937331453
0.006056835001800209
0.003301891003502533
0.002553255995735526
0.0020831349975196645
0.0014442100073210895
0.0034395650000078604
0.004571105993818492
0.002752247004536912
0.003009210995514877
0.002210357997682877
0.005274734998238273
0.004605941998306662
0.00183145199844148
0.006592882011318579
0.01687488899915479
0.008065175992669538
0.002757155991275795
0.002206932011176832
0.01074459298979491
0.006598203006433323
0.0015858410042710602
0.0017943099956028163
0.0037980820052325726
0.003406823001569137
0.001967171992873773
0.0022475100122392178
0.001812235001125373
0.0018186969973612577
0.0016595820052316412
0.001803498002118431
0.0017792510043364018
0.0017660059966146946
0.001810411995393224
0.001743904998875223
0.001577514995005913
0.0016129629948409274
0.003515752003295347
0.0023770980042172596
0.001784362000762485
0.0017554060032125562
0.0017535629885969684
0.001771126000676304
0.0017777689936337993
0.0017733410059008747
0.0017858339997474104
0.0019829029915854335
0.0017852440068963915
0.0024146799987647682
0.0027721649967134
0.001869725005235523
0.0017128449981100857
0.0015876749966992065
0.0015835359954508021
0.002760774004855193
0.0017641129961702973
0.0025319060077890754
0.0024533540126867592
0.0027921250002691522
0.0025998649944085628
0.0017076439980883151
0.002740024996455759
0.0024461809953209013
0.003155161000904627
0.005596220988081768
0.002352461000555195
0.004151319997617975
0.003626634003012441
0.0025589669967303053
0.002871927004889585
0.004527080993284471
0.00461615200038068
0.0030732329905731604
0.001965408999240026
0.0017070730100385845
0.008030469005461782
0.003870993008604273
0.0027113289979752153
0.0020446409907890484
0.005578847994911484
0.005306716004270129
0.00626218800607603
0.003360554008395411
0.002776714987703599
0.0037418150022858754
0.0030880620033713058
0.002786081997328438
0.0042596480052452534
0.0031453010014956817
0.003008669998962432
0.005225340006290935
0.0033056180109269917
0.003145623006275855
0.003502436011331156
0.0064505390037084
0.009480370004894212
0.006465156999183819
0.002400213008513674
0.0031755800009705126
0.004397742988658138
0.004076126992003992
0.003961757000070065
0.002644730993779376
0.0029757770098512992
0.004377574994578026
0.002494824002496898
0.0029994109936524183
0.004832777995034121
0.006345999994664453
0.005469146999530494
0.006231459992704913
0.0027617049927357584
0.0050193850038340315
0.002182475000154227
0.004039065999677405
0.005881848992430605
0.005666174998623319
0.0028947509999852628
0.001846209997893311
0.004557690001092851
0.004471414998988621
0.00218640299863182
0.0034167609992437065
0.00363221499719657
0.0013212839985499159
0.003450967007665895
0.003335946996230632
0.004233968997141346
0.004480422008782625
0.0024544369953218848
0.005556906005949713
0.0025733850052347407
0.0062688409961992875
0.010181012999964878
0.0017311700066784397
0.002127038998878561
0.003395079998881556
0.007573852999485098
0.003792242001509294
0.004695493989856914
0.004307650000555441
0.0015881349972914904
0.0026528580056037754
0.0016904209915082902
0.001711852994048968
0.0014397610066225752
0.002620735001983121
0.005028141997172497
0.0022444240021286532
0.0020047639991389588
0.005409281991887838
0.0025582460075384006
0.0037718130042776465
0.0032616440003039315
0.002257208005175926
0.003311380001832731
0.003613849010434933
0.0028014629933750257
0.0020728749950649217
0.002775432003545575
0.0043259950034553185
0.0017793730075936764
0.002361338003538549
0.0048900969995884225
0.002998620009748265
0.0024041200085775927
0.006272067010286264
0.0030814490019110963
0.003752887001610361
0.004004087997600436
0.004836132997297682
0.002774580003460869
0.0035833619913319126
0.008793561995844357
0.007058945004246198
0.0053505710093304515
0.004006403003586456
0.0032537090010009706
0.0035395070008235052
0.0029753560083918273
0.004900377010926604
0.0033409859897801653
0.0033502239966765046
0.002469023995217867
0.0029698040016228333
0.004791697996552102
0.002886484988266602
0.0017949010070879012
0.0024562600010540336
0.004195774992695078
0.003978469001594931
0.0019904970104107633
0.0021806620061397552
0.00268498899822589
0.0041978999943239614
0.003025401005288586
0.002289780997671187
0.004945884007611312
0.00397445099952165
0.004950072994688526
0.0017304079956375062
0.0026108260062756017
0.0023300280008697882
0.0035097810032311827
0.004312749995733611
0.004709801010903902
0.0023018939973553643
0.0023735309951007366
0.0013443979987641796
0.005771277006715536
0.0038028929993743077
0.0027068009949289262
0.002224054012913257
0.004158684008871205
0.0059290389908710495
0.0022594620095333084
0.004186338002909906
0.0017680710006970912
0.004399155994178727
0.01248675498936791
0.00310858000011649
0.0025966790126403794
0.0021777960064355284
0.001968525000847876
0.0020548710017465055
0.00448343699099496
0.010081632994115353
0.00566919099946972
0.006613751989789307
0.003819533987552859
0.0037993050063960254
0.002740183990681544
0.006123501996626146
0.003280059012467973
0.009866961001534946
0.00462287399568595
0.004077228993992321
0.002353832998778671
0.00919399999838788
0.003776402008952573
0.0028546940011437982
0.006840728005045094
0.00584101999993436
0.0031678249943070114
0.01242424400697928
0.003063855998334475
0.005404183000791818
0.003423924994422123
0.005435183004010469
0.006938986000022851
0.0025785140023799613
0.005038831994170323
0.004285287999664433
0.00374224700499326
0.00219543999992311
0.003446970004006289
0.0023934799974085763
0.004304293994209729
0.0025868400116451085
0.0019492380088195205
0.00533952000841964
0.004396962001919746
0.0018233459995826706
0.00453973600815516
0.003620062008849345
0.002349185000639409
0.0024561590107623488
0.005113987004733644
0.005471942989970557
0.005963335002888925
0.010551462997682393
0.00686125700303819
0.004789844999322668
0.007013748996541835
0.006880002998514101
0.00534235400846228
0.004078932004631497
0.008727264998015016
0.0025734050141181797
0.00246767200587783
0.004188010992947966
0.002608671988127753
0.0051214809936936945
0.006263160001253709
0.002721088007092476
0.006016466999426484
0.0044069800060242414
0.004338459999416955
0.0030100419971859083
0.002925770008005202
0.0026946970028802752
0.0031823230092413723
0.004309062991524115
0.0036489670019363984
0.009353476998512633
0.007972147999680601
0.007190949996584095
0.003448192001087591
0.0030966880003688857
0.005297448005876504
0.008253427004092373
0.0036195200082147494
0.008753695990890265
0.004703799000708386
0.005202365995501168
0.005950941995251924
0.0034034069976769388
0.0028276119992369786
0.00465889299812261
0.002964594998047687
0.0035480829974403605
0.003548013002728112
0.0031342800066340715
0.005857522992300801
0.0023270420060725883
0.0038076210039434955
0.002585747992270626
0.004044665998662822
0.0018863470031647012
0.002547123993281275
0.0017978270043386146
0.006361348001519218
0.002443666002363898
0.002494072003173642
0.004347587004303932
0.0031232090113917366
0.0022711349884048104
0.003160320993629284
0.00224963400978595
0.0032814430014695972
0.005957262997981161
0.002593562996480614
0.004037972990772687
0.0036927809996996075
0.0020940459944540635
0.004046610003570095
0.004630869996617548
0.0037819319986738265
0.001521147001767531
0.00481755800137762
0.00371714799257461
0.0028563780069816858
0.003977105996455066
0.0016949400014709681
0.0014387590053956956
0.0017513679922558367
0.0034180639922851697
0.0021712129964726046
0.0029051109886495396
0.004215543987811543
0.002963251987239346
0.0035353889979887754
0.003654998989077285
0.0025819010043051094
0.006416784002794884
0.0024234360025729984
0.007411863000015728
0.002252099002362229
0.002223293005954474
0.009392901993123814
0.004251411999575794
0.006660270999418572
0.0028811740048695356
0.005070261991932057
0.0020214069954818115
0.0045049189939163625
0.0039881579868961126
0.00633239300805144
0.0026239319995511323
0.002642596999066882
0.0030369830055860803
0.003694023995194584
0.0018170950061175972
0.00443992399959825
0.0021070510119898245
0.0037197829951765016
0.0040836410043993965
0.004599790001520887
0.0026985850126948208
0.004940612998325378
0.0032288419897668064
0.002891062991693616
0.0018037289992207661
0.0036639960017055273
0.005102725001052022
0.007955866007250734
0.005273943010251969
0.008719770004972816
0.0028864650084869936
0.004206186000374146
0.003896130991051905
0.005194630997721106
0.00732673000311479
0.00418668900965713
0.0027648020040942356
0.0034510269906604663
0.0035409300035098568
0.005167118011740968
0.0065887250093510374
0.00431755899626296
0.006141828009276651
0.005138732987688854
0.001817986005335115
0.0017862149979919195
0.0026356739981565624
0.003942119990824722
0.0017019829974742606
0.005870647000847384
0.0032690680091036484
0.004720903001725674
0.002262478999909945
0.0028627899882849306
0.00297408300684765
0.0032961309916572645
0.00278099300339818
0.006030824006302282
0.002740374009590596
0.0022853019909234717
0.0030394979985430837
0.0029548559978138655
0.002923756997915916
0.006533006991958246
0.0030461909918813035
0.004089833004400134
0.005941283001448028
0.0019606989953899756
0.005766047004726715
0.005351020998205058
0.0038060590013628826
0.01623346899577882
0.010137249002582394
0.004462276992853731
0.004332999000325799
0.005113976003485732
0.004221585011691786
0.004412722002598457
0.004268235003110021
0.005184161011129618
0.004732374000013806
0.0045234549907036126
0.004553081002086401
0.005022741010179743
0.004533243001787923
0.0045564269967144355
0.0044313969992799684
0.004390899994177744
0.005247782988590188
0.004525719006778672
0.00476508800056763
0.004334240991738625
0.004940553000778891
0.004366503009805456
0.004341053994721733
0.004640677987481467
0.004445204001967795
0.004872061996138655
0.004359209007816389
0.0044675570097751915
0.004161809993092902
0.0031390390067826957
0.0035107020084979013
0.01881568100361619
0.006866506999358535
0.006942502994206734
0.00982817700423766
0.009722875009174459
0.01220528400153853
0.012562048999825493
0.010583985000266694
0.0124508959997911
0.01298328599659726
0.011973981003393419
0.012770928995450959
0.014693796998471953
0.0036650579859269783
0.003291470988187939
0.003605133999371901
0.00345539599948097
0.003326669000671245
0.003869370004395023
0.003030681997188367
0.0030804870038991794
0.0030149410013109446
0.003020753007149324
0.003203824002412148
0.0034111109998775646
0.0031382080051116645
0.0030118550057522953
0.003059337002923712
0.003072772000450641
0.002942492996226065
0.0030052130023250356
0.0034350560017628595
0.002983862010296434
0.002916162004112266
0.010883309005293995
0.007102098999894224
0.0075217039993731305
0.0069731419935123995
0.005072726999060251
0.006786654004827142
0.006979464000323787
0.0051827790011884645
0.004408063003211282
0.0045829180016880855
0.0050265989993931726
0.004798702007974498
0.005012843001168221
0.0053511309961322695
0.004217266992782243
0.003965343988966197
0.004044404995511286
0.004574641992803663
0.00600699899950996
0.005083587995613925
0.004036861006170511
0.004129188004299067
0.004575052997097373
0.005183449000469409
0.005038832998252474
0.004067239002324641
0.004100933001609519
0.00485715399554465
0.006373992990120314
0.005216382996877655
0.003998917993158102
0.004536049003945664
0.0038721040036762133
0.003974220991949551
0.0039896910020615906
0.003911169987986796
0.0055131819972302765
0.005432948004454374
0.00465276199975051
0.007611936001922004
0.005839689009007998
0.00426261400571093
0.004159155985689722
0.004508264988544397
0.004711073008365929
0.005535243995836936
0.010158489996683784
0.01634602500416804
0.005902418997720815
0.004994898001314141
0.00544528198952321
0.004883945002802648
0.005345139987184666
0.004940664002788253
0.005268912995234132
0.005043470999225974
0.005988583987345919
0.005106532000354491
0.005690712001523934
0.004956264005159028
0.005088488003821112
0.005232583993347362
0.005530745998839848
0.004946285000187345
0.004988426007912494
0.004914845005259849
0.00595462899946142
0.005130388002726249
0.004951385009917431
0.004952607006998733
0.005798448997666128
0.005164593996596523
0.004962897000950761
0.005092193998279981
0.005989836005028337
0.004943029009154998
0.007243950996780768
0.0021722149976994842
0.0024659980117576197
0.0021910009963903576
0.0020623140007955953
0.002118452001013793
0.0020612020016415045
0.0022412479884224012
0.0021160180040169507
0.0021343429980333894
0.0021445430029416457
0.002400401994236745
0.002664810002897866
0.0021250649879220873
0.0021556040010182187
0.0021471280051628128
0.0024510599905624986
0.002143429999705404
0.0021567160001723096
0.002127879997715354
0.002511216007405892
0.0021986960055073723
0.0024293890019180253
0.0024027080071391538
0.0023954130010679364
0.0028064710058970377
0.0024833320057950914
0.002404712009592913
0.0023413489980157465
0.0029579719994217157
0.002308056005858816
0.0022372000094037503
0.0022969150013523176
0.0023663079919060692
0.002293056997586973
0.002287216004333459
0.002289349999045953
0.002875584992580116
0.0023573709913762286
0.002301532993442379
0.002248001008410938
0.0023005410039331764
0.002353232994209975
0.0019244099967181683
0.0018880610004998744
0.0019350610091350973
0.0025474549911450595
0.001992731005884707
0.0019026990048587322
0.0018898340058512986
0.0018721899978118017
0.0018919280119007453
0.0019757380068767816
0.0019979119970230386
0.0019872600096277893
0.001871088010375388
0.002280672997585498
0.001965688992640935
0.0018596360023366287
0.0018874090019380674
0.0018748250004136935
0.002400142009719275
0.001929378995555453
0.0020032619941048324
0.002225849006208591
0.002336891004233621
0.0023182449949672446
0.0020196930126985535
0.0020619540009647608
0.002062074010609649
0.0022864049969939515
0.002347531000850722
0.002032296994002536
0.0020198940037516877
0.00202304900449235
0.0020690669916803017
0.0020309140090830624
0.0020326579979155213
0.0020308740058680996
0.0020027510036015883
0.002596569000161253
0.002193987005739473
0.00207971700001508
0.0021598110033664852
0.002103673992678523
0.0035400380002101883
0.003385951989912428
0.004030279000289738
0.0035860969946952537
0.00353585000266321
0.0034916260046884418
0.003720715001691133
0.0033785889972932637
0.004032953002024442
0.003403807000722736
0.0033292440057266504
0.0034235049970448017
0.0036143709876341745
0.0034202589886263013
0.004074021999258548
0.0033984370093094185
0.00350719501147978
0.0035653770028147846
0.0033997700084000826
0.0038400030025513843
0.0034405779879307374
0.003364352000062354
0.0034934580035042018
0.003853088986943476
0.003580917007639073
0.0042469440086279064
0.0033100669970735908
0.0035141280095558614
0.0041160030086757615
0.0039347250130958855
0.00487103100749664
0.003983157992479391
0.004016531995148398
0.0039676080050412565
0.003998447005869821
0.005126139993080869
0.00394702899211552
0.0039401560061378404
0.003893104993039742
0.004009418989880942
0.004475442008697428
0.003872064989991486
0.003963009003200568
0.00402503801160492
0.003955505002522841
0.004819281006348319
0.004015188998891972
0.004452328008483164
0.004095673997653648
0.003998386993771419
0.0041109229932772
0.004267923999577761
0.0044519869989017025
0.003980172012234107
0.004125531006138772
0.003966556003433652
0.0041249999922001734
0.005036647999077104
0.003977346001192927
0.003958840999985114
0.004034686004160903
0.0039302360091824085
0.004529957004706375
0.003979229994001798
0.003916901987395249
0.0038684780010953546
0.003902573007508181
0.0046145890082698315
0.0038455339963547885
0.0038736279966542497
0.003933914005756378
0.0039947100012796
0.00445957099145744
0.004308371004299261
0.003975152998464182
0.003867115010507405
0.0038202660070965067
0.00507238699356094
0.003965994997997768
0.003924345000996254
0.00387787600629963
0.003961485999752767
0.004680133992224
0.003988529002526775
0.003929896003683098
0.0038723660109099
0.0038033430028008297
0.004779474998940714
0.0039514969976153225
0.003899909002939239
0.003978118998929858
0.003976696010795422
0.0044108879956183955
0.003989971010014415
0.004312399003538303
0.004091345996130258
0.004012334000435658
0.004818340006750077
0.003962589005823247
0.00426653100294061
0.003962047994718887
0.003937560002668761
0.004381211998406798
0.004005922004580498
0.003983649003203027
0.003946277996874414
0.004340483006672002
0.004141491008340381
0.003853098998661153
0.004416989992023446
0.004018676001578569
0.003934976004529744
0.0038821640046080574
0.0038386809901567176
0.004457607006770559
0.0038619249971816316
0.004194322988041677
0.003887083992594853
0.0038904109969735146
0.004645438006264158
0.00408708699978888
0.003839854005491361
0.0038261269946815446
0.0037589190033031628
0.004565023991744965
0.0038010579883120954
0.003954774001613259
0.0038775050052208826
0.0037958790053380653
0.004369919988675974
0.003844270991976373
0.004104079998796806
0.004195494999294169
0.004378767000162043
0.004904343993985094
0.003942109004128724
0.0042051339987665415
0.004343649998190813
0.004342396990978159
0.003909887993359007
0.0038522270042449236
0.003905649995431304
0.0038585190050071105
0.0037087720120325685
0.004610711010172963
0.0037112360005266964
0.003941838993341662
0.004106574997422285
0.004678540994063951
0.004649666007026099
0.004262764006853104
0.004301898996345699
0.004202919008093886
0.0049336109950672835
0.004358428006526083
0.004228738995152526
0.003219203994376585
0.0031951770070008934
0.0036305709945736453
0.0035339570022188127
0.003176691010594368
0.0033411160111427307
0.0034340550046181306
0.003321790005429648
0.0041159829997923225
0.00334226900304202
0.003139640000881627
0.003747265989659354
0.0035144389985362068
0.0032946580031421036
0.003824444007477723
0.003305007005110383
0.003305488993646577
0.0034390649962006137
0.0033834180067060515
0.003212830997654237
0.004254076993674971
0.0035395469894865528
0.003343050993862562
0.0037845570041099563
0.00329227298789192
0.0032841670035850257
0.0032747389923315495
0.0034192869934486225
0.005577174000791274
0.007008829998085275
0.006319167005131021
0.003962860006140545
0.004520337999565527
0.005638653005007654
0.003043756994884461
0.004768894999870099
0.005843113991431892
0.005587193998508155
0.004209492006339133
0.0046740120014874265
0.0032518060033908114
0.006555700994795188
0.004773544002091512
0.004358456993941218
0.0046536139998352155
0.004732354005682282
0.007974481995915994
0.004721513992990367
0.007740403001662344
0.005419572000391781
0.009922306999214925
0.013137151006958447
0.004771078994963318
0.0030912780057406053
0.004926175999571569
0.005152459998498671
0.004427188992849551
0.0037804289895575494
0.0045820970117347315
0.003424447000725195
0.0037080609909025952
0.009411225997610018
0.002221289003500715
0.008242386000347324
0.006881786001031287
0.004559251989121549
0.0053493179875658825
0.005789340997580439
0.00364812598854769
0.007203613000456244
0.003912112006219104
0.016374207989429124
0.004619508996256627
0.011360864999005571
0.00608150199695956
0.003922823001630604
0.005002502002753317
0.0054513630020665005
0.008528253005351871
0.003960455011110753
0.0020429370051715523
0.008415807998972014
0.007705505995545536
0.006288798991590738
0.0028213100013090298
0.0026986250013578683
0.00746416300535202
0.011961476993747056
0.00510492900502868
0.01633930100069847
0.008097227007965557
0.006701391001115553
0.00455869099823758
0.005752049997681752
0.0047660090058343485
0.013379816999076866
0.005205562003538944
0.004794474007212557
0.007631564003531821
0.004521430004388094
0.00523839499510359
0.0019953660084865987
0.004916828009299934
0.007531000999733806
0.003080897993640974
0.006070610994356684
0.004446757011464797
0.010718163001001813
0.008804604003671557
0.004576977007673122
0.004801458009751514
0.004805213990039192
0.0022476699959952384
0.0035805560037260875
0.0044057079940102994
0.0029832699947291985
0.005124946997966617
0.004019768995931372
0.009002082006190903
0.004329723000410013
0.0036025479930685833
0.0042698379984358326
0.017891698007588275
0.007459162996383384
0.006256547989323735
0.008830683989799581
0.002341710001928732
0.0041196800011675805
0.003205005996278487
0.005455721999169327
0.004071086994372308
0.006263240007683635
0.004262143003870733
0.003579092997824773
0.005091793995234184
0.008353848999831825
0.010274442000081763
0.003061010007513687
0.006699826990370639
0.007549385991296731
0.006808565987739712
0.004715132003184408
0.004727325009298511
0.005987422002363019
0.004849990000366233
0.0026809210103238
0.003460224994341843
0.004687138003646396
0.003605593999964185
0.003123789996607229
0.005862601989065297
0.00312943100288976
0.013766549003776163
0.005992460995912552
0.006301604007603601
0.007305578998057172
0.005528460998903029
0.005006911000236869
0.0037292510096449405
0.004922759995679371
0.010751816997071728
0.0033846699952846393
0.003919876995496452
0.010053238002001308
0.005831863003550097
0.0031896970031084493
0.0033648219978203997
0.004257213993696496
0.003569414999219589
0.013470400008372962
0.005582996003795415
0.00323192699579522
0.009168050004518591
0.004298472995287739
0.006356779005727731
0.004052261007018387
0.004034255995065905
0.010972190008033067
0.003043787000933662
0.010461140002007596
0.003979872009949759
0.004233637999277562
0.01035647900425829
0.005568637992837466
0.0056844100035959855
0.011737838009139523
0.004876561011769809
0.0026279390003765
0.004077368997968733
0.004336865997174755
0.00994722500036005
0.004371332004666328
0.009772178993443958
0.004509057005634531
0.006343543995171785
0.014003963995492086
0.01753130799625069
0.0037668029981432483
0.004552429003524594
0.004952406001393683
0.004507774006924592
0.0038773359992774203
0.004434523012605496
0.00441878401034046
0.007104011994670145
0.007287173008080572
0.0036194109998177737
0.0049662829987937585
0.003400500994757749
0.004351253999629989
0.003434135011048056
0.004508065001573414
0.0055372079950757325
0.0036036200035596266
0.006328073999611661
0.0050157080113422126
0.003020452000782825
0.003455956990364939
0.004619918996468186
0.006713021997711621
0.005808157991850749
0.004378706013085321
0.005276027004583739
0.006312014011200517
0.0038984450075076893
0.0032588699978077784
0.004250500991474837
0.003810497000813484
0.002843233000021428
0.008430526009760797
0.0030002230050740764
0.0090767549991142
0.007941949996165931
0.007181601002230309
0.0022650839964626357
0.0044618360116146505
0.015106728009413928
0.011525780995725654
0.004672559996834025
0.002376387012191117
0.004412901995237917
0.003967016993556172
0.002222731985966675
0.007756553997751325
0.013012723007705063
0.004277322004782036
0.003274549002526328
0.005315261994837783
0.0052162619977025315
0.008480381991830654
0.005380888003855944
0.010236098998575471
0.010859243004233576
0.005126670002937317
0.005017030009184964
0.00460181399830617
0.004067510002641939
0.005307016006554477
0.004499928996665403
0.004034907004097477
0.007706447999225929
0.005246009997790679
0.004509909005719237
0.01016240700846538
0.005057336995378137
0.007702310002059676
0.002100698009599
0.015594021999277174
0.0032741579925641418
0.0020584470039466396
0.0021490309882210568
0.00392931500391569
0.0034190059959655628
0.007445887997164391
0.004127004009205848
0.011264921005931683
0.011683674005325884
0.0073230730049544945
0.004518934991210699
0.0046148890105541795
0.008367425005417317
0.007163757007219829
0.005207726004300639
0.006050903000868857
0.004901519001577981
0.01901084500423167
0.004793893007445149
0.003670358011731878
0.00358986399078276
0.007217310005216859
0.004334903002018109
0.0036814790073549375
0.0056562660029158
0.002963103004731238
0.0032555119978496805
0.002210179009125568
0.018711150012677535
0.009352383989607915
0.007686269993428141
0.007057403010549024
0.004253606995916925
0.005742962006479502
0.0069211319932946935
0.006211321000591852
0.0062733300001127645
0.003472358002909459
0.004211225008475594
0.008932027994887903
0.0039003989950288087
0.004226413992000744
0.010910812998190522
0.005844908009748906
0.005230941009358503
0.004429483989952132
0.0047882219951134175
0.006404041007044725
0.0030060540011618286
0.0032365969964303076
0.004092318005859852
0.004668150999350473
0.006066764006391168
0.01454304700018838
0.009503273002337664
0.013806525006657466
0.01138081400131341
0.0034534520091256127
0.004153965011937544
0.007097068999428302
0.008289114994113334
0.002267919000587426
0.009808698989218101
0.0045981969888089225
0.003993617996457033
0.004416128009324893
0.0046002220042282715
0.0040503659984096885
0.004560824992950074
0.006250064994674176
0.003111555997747928
0.004179675001068972
0.0054140519932843745
0.004889324991381727
0.008248236001236364
0.0070586549991276115
0.007080006995238364
0.00435033199028112
0.012305657000979409
0.0032669049978721887
0.0039869949978310615
0.006460578006226569
0.005827824992593378
0.003731646007508971
0.006547255004988983
0.004214911998133175
0.005189381001400761
0.0071525950042996556
0.005027931998483837
0.004912209013127722
0.003728729992872104
0.012221955999848433
0.0053546779963653535
0.004385940992506221
0.0030955050024203956
0.0023172130022430792
0.006080089005990885
0.00479134799388703
0.004206917001283728
0.006804267002735287
0.003846705993055366
0.004613387005520053
0.011722048002411611
0.0048196520074270666
0.004583279005601071
0.0029713480034843087
0.0069945020077284425
0.004617815007804893
0.004964059000485577
0.00946228500106372
0.0029996619996381924
0.0055044650071067736
0.00832408199494239
0.006970396003453061
0.005927926991716959
0.004631862000678666
0.012436357006663457
0.006330989999696612
0.00493117599398829
0.0031592180021107197
0.010050422992208041
0.005193538003368303
0.004140830991673283
0.0047964569967007264
0.004718698997749016
0.0031542280048597604
0.0038278300053207204
0.00410132399701979
0.011010674003046006
0.008732364993193187
0.006791542997234501
0.006467592000262812
0.0037424269976327196
0.004056968988152221
0.0028538320038933307
0.007677882007556036
0.0027671560092130676
0.004744808000396006
0.005077577006886713
0.007701668000663631
0.007342137992964126
0.003447640992817469
0.004809864010894671
0.0021749709994765
0.003524347994243726
0.0046306699950946495
0.004891439006314613
0.0044554430060088634
0.005456582992337644
0.006375065000611357
0.00230998000188265
0.00309763899713289
0.0022482210042653605
0.004879646992776543
0.009724467003252357
0.003450525997322984
0.0048189410008490086
0.007841607002774253
0.006315320002613589
0.009828948008362204
0.007980754002346657
0.005372202009311877
0.006460447999415919
0.003363700001500547
0.00408672601042781
0.004829871992114931
0.002008662006119266
0.005525335000129417
0.0036154020053800195
0.009900143995764665
0.00544482099940069
0.003950045007513836
0.010264993994496763
0.006189628998981789
0.008339150997926481
0.007141114008845761
0.026921443990431726
0.005740307999076322
0.0042556699918350205
0.0037203440006123856
0.004994576986064203
0.003737596998689696
0.004119709003134631
0.0037135109887458384
0.004068501992151141
0.004355381999630481
0.0037688169977627695
0.004148926003836095
0.0037332479987526312
0.00408777900156565
0.00424402799399104
0.003718961001140997
0.004169655003352091
0.009080312011064962
0.0099175479990663
0.009155777006526478
0.010051904988358729
0.0036280770000303164
0.0033749119902495295
0.0035951239988207817
0.004409847009810619
0.003654788000858389
0.003853159010759555
0.0036916789977112785
0.0038097749929875135
0.005718235013773665
0.004605220994562842
0.004846512994845398
0.0044653429940808564
0.005628412996884435
0.00460662400291767
0.004337346996180713
0.0037225989945000038
0.0046359799889614806
0.004915426005027257
0.004181789001449943
0.0037933550047455356
0.00471576300333254
0.0043906399951083586
0.0044834170112153515
0.0037226690037641674
0.005287959997076541
0.004350392002379522
0.004387863998999819
0.004617846003384329
0.005308117993990891
0.0047156219952739775
0.0051467400044202805
0.004840541994781233
0.00539067700447049
0.004729499007225968
0.004791258004843257
0.004567708005197346
0.004675886986660771
0.0045717169996351
0.005106312004500069
0.0049053469992941245
0.0043613040033960715
0.005153051009983756
0.004873725993093103
0.004966594002326019
0.004489878992899321
0.00472508100210689
0.0038623860018560663
0.004359710001153871
0.004129117995034903
0.003992536003352143
0.004739788986626081
0.00427183200372383
0.004080033992067911
0.004080514991073869
0.003810826994595118
0.004885226997430436
0.004110531997866929
0.004087107008672319
0.004036961996462196
0.004639065999072045
0.004397964003146626
0.0038964609993854538
0.00420994299929589
0.004642932995921001
0.0048016180080594495
0.004289035001420416
0.004111403992283158
0.0045483119902201
0.004326655995100737
0.005036747999838553
0.004165937993093394
0.00511996699788142
0.004562528993119486
0.004983546998118982
0.00445320901053492
0.004813940991880372
0.004389427005662583
0.004875419006566517
0.004482214993913658
0.005048100007115863
0.00424248501076363
0.0045012319897068664
0.004506822006078437
0.0045258290047058836
0.004698569988249801
0.004249078003340401
0.004471153995837085
0.004091626004083082
0.004527362005319446
0.005021609002142213
0.004147492989432067
0.004546487994957715
0.009659403003752232
0.009466773000895046
0.009933949011610821
0.0035505480045685545
0.003398087006644346
0.003427142000873573
0.0034315899974899366
0.0033537909912411124
0.004009298005257733
0.004273525002645329
0.0040511679981136695
0.003977316999225877
0.0036547979980241507
0.004886020004050806
0.004025458998512477
0.003911000007065013
0.003722869005287066
0.0041397680033696815
0.004698459000792354
0.003917852998711169
0.003718389998539351
0.004158483992796391
0.0039859839889686555
0.004930413997499272
0.004770016996189952
0.004606904010870494
0.0041973790066549554
0.005176876991754398
0.004794965003384277
0.004387163004139438
0.0042598790023475885
0.004718206997495145
0.005245920008746907
0.004382943996461108
0.004307600000174716
0.004920314997434616
0.005544072002521716
0.00450650199491065
0.009374606990604661
0.00507323800411541
0.004130901012104005
0.004932998999720439
0.004632323005353101
0.004212027008179575
0.003989531003753655
0.004435594993992709
0.005046016012784094
0.004291879988159053
0.003997867010184564
0.004419504999532364
0.004287571995519102
0.004789593993336894
0.004086586006451398
0.004486092992010526
0.0043278789962641895
0.004655987999285571
0.004155728995101526
0.0044564559939317405
0.004421908990480006
0.004235322005115449
0.004863205991568975
0.004651940005715005
0.004390710004372522
0.00413211299746763
0.004624947992851958
0.0037950469995848835
0.004380239013698883
0.0038543010014109313
0.004065335000632331
0.0044301650050329044
0.0038313960103550926
0.004110631998628378
0.003731646007508971
0.004060667008161545
0.004207688005408272
0.0038871839933563024
0.004221385010168888
0.004254728992236778
0.004419054006575607
0.00512426599743776
0.005225871005677618
0.0043795990059152246
0.004362213992862962
0.004886619994067587
0.004177680995780975
0.0044261680013732985
0.004097927987459116
0.004509216989390552
0.005304691992932931
0.009474458012846299
0.009741098998347297
0.0034888299996964633
0.0032694100082153454
0.0045948010083520785
0.003926629011402838
0.004901688997051679
0.003967688011471182
0.004315055004553869
0.004027212999062613
0.003922882999177091
0.0044028129923390225
0.004560615998343565
0.004467246006242931
0.00440295301086735
0.004444873004104011
0.004599901003530249
0.004718117997981608
0.00571641098940745
0.004584201000398025
0.004547099000774324
0.004401359998155385
0.005279554010485299
0.00455467400024645
0.004388053988805041
0.00418015499599278
0.0039917639951454476
0.005301867000525817
0.004245000003720634
0.004121022007893771
0.003988156997365877
0.005185814006836154
0.004447839004569687
0.00419091600633692
0.003922632007743232
0.0043848280038218945
0.005091964005259797
0.0040388449997408316
0.004021040993393399
0.004304984991904348
0.004534585998044349
0.004215564011246897
0.004196115987724625
0.0037369049969129264
0.004046989997732453
0.003932872001314536
0.004385899999761023
0.004091374998097308
0.003681881004013121
0.003970384001149796
0.0035775800060946494
0.004467646998818964
0.0040825780015438795
0.009040865988936275
0.0048496889939997345
0.004767321996041574
0.004160677999607287
0.004110191992367618
0.0044813429994974285
0.004488476988626644
0.0044408350076992065
0.004560003988444805
0.004183482000371441
0.004440634991624393
0.0035410900018177927
0.00423318799585104
0.004930794995743781
0.003925878001609817
0.0036758780042873695
0.00411507100216113
0.003948621000745334
0.004613336001057178
0.004554482991807163
0.004810804995940998
0.0042713510047178715
0.00516141700791195
0.004769185004988685
0.004427280000527389
0.004256632004398853
0.004114549999940209
0.0052678420033771545
0.004314313002396375
0.004260560002876446
0.0040173939923988655
0.0048814899928402156
0.004501931995037012
0.004119018994970247
0.00415144998987671
0.003684524999698624
0.004392752991407178
0.004075224002008326
0.0038385610096156597
0.004335985009674914
0.003684886993141845
0.0043755600054282695
0.004256221989635378
0.0043307539890520275
0.004484820005018264
0.005365709002944641
0.00444082600006368
0.004761912001413293
0.0045249460090417415
0.004215995009872131
0.005219699000008404
0.00335452301078476
0.003412082005525008
0.004339160994277336
0.004248345998348668
0.00456128700170666
0.004920965991914272
0.004616011996404268
0.004259416993591003
0.0007810379902366549
0.0007485649985028431
0.001233615999808535
0.0008900770044419914
0.0007313020032597706
0.0007257910037878901
0.003734300989890471
0.003949101999751292
0.00374755599477794
0.003960214002290741
0.004254277999280021
0.0039511969953309745
0.004359348997240886
0.0033112989913206547
0.003998667001724243
0.0043449219956528395
0.0040648139984114096
0.0036018670070916414
0.003584463003790006
0.003948331999708898
0.004606463000527583
0.004495619999943301
0.003991113000665791
0.0040537329914513975
0.004733396010124125
0.005281677993480116
0.003935126005671918
0.004374187992652878
0.004077317993505858
0.004125270992517471
0.004300836997572333
0.004402481994475238
0.004238216992234811
0.0040098999888869
0.004180716001428664
0.005977482011076063
0.005580982004175894
0.0052629319980042055
0.005357222995371558
0.0020889860024908558
0.019147957005770877
0.009039042997756042
0.006926101996214129
0.00884517100348603
0.005373674997827038
0.0030424950091401115
0.005135117011377588
0.006593493992113508
0.007014720991719514
0.003983247996075079
0.0051773079903796315
0.006848903009085916
0.01736948700272478
0.0052083369955653325
0.004551236997940578
0.005246190004982054
0.01645540499885101
0.005207967013120651
0.005846871994435787
0.005177227998501621
0.0045759249915136024
0.004735180002171546
0.0064530340023338795
0.008943049004301429
0.003099804001976736
0.004695925003034063
0.0062563460087403655
0.004191266998532228
0.002672996008186601
0.0066288509988226
0.003133739999611862
0.0043007370113627985
0.003944855008739978
0.008310915989568457
0.00472958899626974
0.003277525000157766
0.005213217009440996
0.005676956003298983
0.005356070993002504
0.004542981012491509
0.007113981002476066
0.004637912992620841
0.008330784999998286
0.005518191013834439
0.006606077993637882
0.004741212003864348
0.005897048002225347
0.0054325170058291405
0.016865792000317015
0.002437643997836858
0.024611904998891987
0.005764143003034405
0.0051161610026611015
0.009139154994045384
0.004606844013324007
0.01705551499617286
0.00715542100078892
0.004649355003493838
0.007968149991938844
0.004178292001597583
0.004190645006019622
0.005059552000602707
0.003557552001439035
0.0077337299881037325
0.006515102999401279
0.006360577011946589
0.005083247000584379
0.004446174993063323
0.005392130013206042
0.004143926009419374
0.0023819880007067695
0.003421350003918633
0.003967979006120004
0.005167729003005661
0.016361293994123116
0.004881982007646002
0.00791195199417416
0.005532138005946763
0.0067496020055841655
0.00616909000382293
0.00497692399949301
0.007013018010184169
0.0037247930013109
0.0032650409993948415
0.004880809006863274
0.0038537100044777617
0.0066258459992241114
0.005445061004138552
0.005203237000387162
0.007363290002103895
0.004409174987813458
0.00449069200840313
0.005011620000004768
0.004377003002446145
0.004668050998589024
0.0037064470088807866
0.0070758379879407585
0.006736256997101009
0.00429958499444183
0.00488228200993035
0.004447518003871664
0.004408113003592007
0.003462769993348047
0.004549965000478551
0.0049123890057671815
0.01699718300369568
0.004282542009605095
0.0039088860066840425
0.007394319007289596
0.005139594999491237
0.004919052007608116
0.00688367999100592
0.0031460620084544644
0.004262764006853104
0.006950558003154583
0.019553546007955447
0.01773493799555581
0.00629256600223016
0.007309395994525403
0.006170772001496516
0.009332285000709817
0.0076589270029217005
0.007011295005213469
0.0068330929934745654
0.003145922994008288
0.004919583996525034
0.0042483160068513826
0.004547789998468943
0.009218025996233337
0.005443428992293775
0.0032871730072656646
0.015640430996427312
0.0056976060004672036
0.006965435997699387
0.0034803930029738694
0.003093281004112214
0.006788156999391504
0.00718541799869854
0.016371161997085437
0.005546265994780697
0.004674613999668509
0.004978045995812863
0.002459866998833604
0.006976778007810935
0.005196554004214704
0.003937681001843885
0.003341047005960718
0.006489513994893059
0.006597611005418003
0.004234740001265891
0.0032014289899962023
0.004368907000753097
0.0033898200053954497
0.016393996993429027
0.005329951003659517
0.007361405994743109
0.016151390998857096
0.007254811003804207
0.00277497099887114
0.006395995005732402
0.0059125269908690825
0.0052993819990660995
0.005157579988008365
0.01583412301260978
0.0037060860049678013
0.0023892219905974343
0.005683027993654832
0.0052215429896023124
0.01854494099097792
0.005237834004219621
0.004493936998187564
0.006464616992161609
0.004524917007074691
0.004711695000878535
0.00790525900083594
0.005056276000686921
0.010738521988969296
0.016386982999392785
0.005746959999669343
0.004783413009135984
0.004052980992128141
0.003358090005349368
0.006281736001255922
0.004328019000240602
0.004038885002955794
0.009151909005595371
0.008707617002073675
0.00729887600755319
0.006030011994880624
0.004478707996895537
0.006840046000434086
0.005599407013505697
0.0031712710042484105
0.0037901169998804107
0.002647307002916932
0.01793281799473334
0.004952126007992774
0.007201098997029476
0.008127584995236248
0.004846873998758383
0.009186996991047636
0.007108860998414457
0.01717635699606035
0.005905554993660189
0.005929349004873075
0.004897200997220352
0.0034258700034115463
0.004930734998197295
0.005194210010813549
0.005334187997505069
0.005920944007812068
0.005943978001596406
0.006954936005058698
0.0065664219873724505
0.006718824006384239
0.004834670995478518
0.007778785991831683
0.005891977998544462
0.0047091910091694444
0.005770194999058731
0.00740569100889843
0.004788792997715063
0.005686174001311883
0.0035354999999981374
0.0068321610015118495
0.0043650400039041415
0.008240291004767641
0.0074262709968024865
0.00492303998908028
0.004437420007889159
0.007579914992675185
0.0053672720096074045
0.004558281012577936
0.007267856999533251
0.00665773700166028
0.004769356004544534
0.007948461003252305
0.007322831996134482
0.008925023998017423
0.005623413002467714
0.007600184006150812
0.006010123994201422
0.004596473998390138
0.017970881002838723
0.005657068002619781
0.005531115995836444
0.004798430993105285
0.00759935200039763
0.02138902500155382
0.00472245599667076
0.007427532007568516
0.007325597005547024
0.006660913000814617
0.0039810939924791455
0.007394799991743639
0.006824536001658998
0.0047722809977130964
0.00833392099593766
0.006115356998634525
0.0049662829987937585
0.003092960992944427
0.007315438007935882
0.004742545002955012
0.017922427010489628
0.0038149860047269613
0.017535104998387396
0.0067913230013800785
0.004224541000439785
0.005664533004164696
0.005314070003805682
0.004583960006129928
0.004833027007407509
0.008217246999265626
0.00611873299931176
0.00694181201106403
0.00776342699828092
0.004802579001989216
0.00254817699897103
0.004694632996688597
0.005880224998691119
0.01750059801270254
0.017903340005432256
0.00621831399621442
0.006753670008038171
0.0071882040065247566
0.005502430998603813
0.0072258860018337145
0.008690164002473466
0.006869081989862025
0.003086839002207853
0.004481053008930758
0.005823076004162431
0.00466821099689696
0.0041739939915714785
0.021358074998715892
0.007707650001975708
0.004197128000669181
0.008861433001584373
0.006205850004334934
0.008976112003438175
0.01823355400119908
0.0036525040050037205
0.003852848007227294
0.004277000989532098
0.006998500000918284
0.004172850996837951
0.004507584002567455
0.007152014994062483
0.007017205993179232
0.004291378994821571
0.005373734005843289
0.004160787997534499
0.002648188004968688
0.005421786001534201
0.006133080998552032
0.0061199959891382605
0.0073921260045608506
0.005800843005999923
0.017644514999119565
0.00535481798578985
0.00433645500743296
0.004578699998091906
0.004551497986540198
0.004356945006293245
0.004292772006010637
0.003729831994860433
0.00854366300336551
0.007460865992470644
0.012804824000340886
0.0044176299998071045
0.00620189199980814
0.0047689950006315485
0.011754570004995912
0.0058329250023234636
0.017660584999248385
0.0041980499954661354
0.004436517003341578
0.006998139011557214
0.006791984007577412
0.004115520991035737
0.00640326899883803
0.003667141994810663
0.002978010001243092
0.006126406995463185
0.003515331001835875
0.0044145360006950796
0.0055724260018905625
0.0054136810067575425
0.007529048001742922