0.00036506001197267324
0.0004658539983211085
0.00040299199463333935
0.00038518800283782184
0.00042566600313875824
0.00041818199679255486
0.0004197950038360432
0.00044854999578092247
0.00043954300053883344
0.0003490590024739504
0.0003352429921505973
0.0003330390027258545
0.000352656003087759
0.0003779849939746782
0.0003530169924488291
0.0003527369990479201
0.000366984007996507
0.00035572200431488454
0.00035606299934443086
0.0003054859989788383
0.00031472399132326245
0.00032626600295770913
0.00032816900056786835
0.00035326699435245246
0.00042577600106596947
0.0005461770051624626
0.0005541130085475743
0.0005387630080804229
0.0005516780074685812
0.0005440129898488522
0.0004899899940937757
0.0004793090047314763
0.000478797999676317
0.0004784880002262071
0.0004914019955322146
0.0003253939939895645
0.00032383100187871605
0.00032527399889659137
0.0003236599877709523
0.0003219680074835196
0.0003241609956603497
0.00033152500691358
0.00034328798938076943
0.0003387789911357686
0.00034028300433419645
0.00040888399234972894
0.0004318790015531704
0.000438091010437347
0.00030976400012150407
0.0003856999974232167
0.0003447119961492717
0.000367264001397416
0.0003348419995745644
0.00033475199597887695
0.0003473469987511635
0.00035295699490234256
0.00033792800968512893
0.00038350600516423583
0.0003469649964245036
0.00035268701321911067
0.0003419959975872189
0.000342115992680192
0.0003566330124158412
0.00035000099160242826
0.0003472960088402033
0.000328930007526651
0.0003741180116776377
0.00031236899667419493
0.00031275000947061926
0.0003138409956591204
0.00034292798954993486
0.00031566599500365555
0.00031123698863666505
0.0003080710012000054
0.00030643699574284256
0.0003091429971391335
0.0003302929981146008
0.0003324479912407696
0.00034838799911085516
0.00035572200431488454
0.00034824799513444304
0.0003756609949050471
0.00035074200422968715
0.00035465000837575644
0.0003547200030880049
0.00034718599636107683
0.00034550299460534006
0.0003438599960645661
0.0003429079952184111
0.0003505320055410266
0.0003508529916871339
0.00035990000469610095
0.00036677300522569567
0.0004827860102523118
0.00020608599879778922
0.000232935999520123
0.0008687549998285249
0.0008722829952603206
0.000775167005485855
0.001057937988662161
0.0007766290073050186
0.0012021849979646504
0.002315490011824295
0.0019747570040635765
0.0014428169961320236
0.0012591539998538792
0.00157291600771714
0.0014729950053151697
0.00034660499659366906
0.00023434900504071265
0.0002906970039475709
0.00029061699751764536
0.00024374699569307268
0.0003014880057889968
0.0003295319911558181
0.0006595949962502345
0.0006442349986173213
0.000643152990960516
0.00034247599251102656
0.00037432799581438303
0.0004011290002381429
0.00038053000753279775
0.00032987300073727965
0.000340772996423766
0.00039236299926415086
0.0006486640049843118
0.00021205699886195362
0.0004488099948503077
0.0005399950023274869
0.00032721699972171336
0.000622303006821312
0.00013938700431026518
0.00014802301302552223
0.0005602840101346374
0.0006484230107162148
0.000639587000478059
0.0006297270010691136
0.0006483529869001359
0.0003748789895325899
0.0006626510003115982
0.0001690640056040138
0.0001671510108280927
0.0006596550083486363
0.0006613379955524579
0.0007206119917100295
0.0007062840013531968
0.0005586409970419481
0.0009251540031982586
0.00021470199862960726
0.00021154600835870951
0.0007211029878817499
0.0008847069984767586
0.0008935329969972372
0.0008647180075058714
0.0004969629953848198
0.00013698199472855777
0.0001218230027006939
0.0004340529994806275
0.0004732569941552356
0.000519737004651688
0.0005348759877961129
0.0002111450012307614
0.0002084600128000602
0.0008918500097934157
0.0009617140021873638
0.0009761620021890849
0.0010188140004174784
0.00022101298964116722
0.0009472959936829284
0.001011269006994553
0.0010340230073779821
0.001144353998824954
0.0009278700017603114
0.0010382309992564842
0.001012651002383791
0.0010585599957266822
0.0008009849989321083
0.0008994849922601134
0.0008794360037427396
0.001006860999041237
0.0010388420050730929
0.0010419080063002184
0.0016847810038598254
0.000633084011496976
0.0006113319977885112
0.0008553799998480827
0.0009508040093351156
0.00043454401020426303
0.00035450900031719357
0.0003480969899101183
0.0010085440007969737
0.0012758770026266575
0.0014670329983346164
0.00039298299816437066
0.0013815290003549308
0.00038016900361981243
0.0003809909976553172
0.0009544299973640591
0.001628302998142317
0.00038147099257912487
0.0005807330016978085
0.00042658799793571234
0.0004282709996914491
0.00041016699105966836
0.0038630179915344343
0.0007174560014391318
0.000761110000894405
0.004703760001575574
0.0004203970020171255
0.0009118690068135038
0.0014271270047174767
0.0006353289936669171
0.0007595560018671677
0.0006485639896709472
0.002961659003631212
0.00044820900075137615
0.004119951001484878
0.0005283540085656568
0.00018646700482349843
0.0003517540026223287
0.0003320260002510622
0.0030424240103457123
0.0003769830072997138
0.002043388012680225
0.0007788340008119121
0.00037905700446572155
0.0005689910030923784
0.0010139039950445294
0.0004231119964970276
0.0006079260056139901
0.0010487920080777258
0.002254854000057094
0.00043777000973932445
0.0005690710095223039
0.001704338996205479
0.003372086997842416
0.0015019399870652705
0.000651219001156278
0.0011982470023212954
0.0004682279977714643
0.0003302229888504371
0.0006466199993155897
0.0002375859912717715
0.0006213509914232418
0.0005358979979064316
0.00015501800226047635
0.0008052539924392477
0.0015423879958689213
0.0006675399927189574
0.00041894300375133753
0.00036299599742051214
0.002467692000209354
0.0013683540018973872
0.0009071789972949773
0.0008511430060025305
0.0005467789887916297
0.0004670149937737733
0.0003509030066197738
0.0014984930021455511
0.001210040005389601
0.0007209320028778166
0.0006792819913243875
0.00045352999586611986
0.00023385899839922786
0.0030318539938889444
0.002394070994341746
0.0009287809953093529
0.0005195569974603131
0.00022330900537781417
0.001185984001494944
0.0025933730066753924
0.0007195600046543404
0.0003705709968926385
0.00013054000737611204
0.0005284530052449554
0.0012347970041446388
0.001213707000715658
0.001703767993603833
0.0028217610088177025
0.001510266010882333
0.0013249210023786873
0.0008119970007101074
0.00024568100343458354
0.00035282700264360756
0.0006246580014703795
0.00265126398880966
0.0005251969996606931
0.0022593320027226582
0.0011481909896247089
0.0012565299984999
0.0008097329991869628
0.002664520012331195
0.00042130801011808217
0.0011142059956910089
0.0009133319981629029
0.0010716249962570146
0.0004213780048303306
0.0024177860032068565
0.003503779007587582
0.00014123000437393785
0.0028277329984121025
0.0029431340080918744
0.0007476939936168492
0.0005985379975754768
0.001584639001521282
0.0018648859986569732
0.0010676980018615723
0.0010738589917309582
0.0004361869941931218
0.0005811840092064813
0.0005384120013331994
0.00040927498775999993
0.00017999600095208734
0.0036066460015717894
0.002790230995742604
0.00039013799687381834
0.00027456600219011307
0.0007855570001993328
0.00043057599395979196
0.0037501220067497343
0.0009269680012948811
0.0022143359965411946
0.0009034019894897938
0.0013581650127889588
0.002485164994141087
0.0003779539983952418
0.0010910320124821737
0.0006043489993317053
0.00034126399259548634
0.0011474909988464788
0.000971614004811272
0.0005324910016497597
0.00035122400731779635
0.0005794509925181046
0.0003023300087079406
0.0004114789917366579
0.0003297319926787168
0.0013168250006856397
0.0006042280001565814
0.0007313230016734451
0.0004811730032088235
0.0023473919864045456
0.0007471719873137772
0.0019590270094340667
0.001128123010857962
0.0003741069958778098
0.0016664949944242835
0.0004135529889026657
0.001006470003630966
0.0013083189987810329
0.0003133209975203499
0.0009101050090976059
0.002867668998078443
0.002499091991921887
0.00031479299650527537
0.002261357003590092
0.00032297999132424593
0.0012172040005680174
0.001562777004437521
0.0006096489960327744
0.00045314899762161076
0.0003980330075137317
0.003469733987003565
0.0011596740077948198
0.00010099299834109843
0.0001815979921957478
0.00011471999459899962
8.7267006165348e-05
0.0006150999979581684
0.00016173000039998442
0.00018037600966636091
0.00031651699100621045
0.00015000700659584254
0.0006698450015392154
0.0002826919953804463
0.00018960400484502316
0.0005552739894483238
0.00017020599625539035
0.000233758008107543
0.00020090500765945762
0.00022032200649846345
0.00023537200468126684
0.0004124810075154528
0.0004203260032227263
0.00041110800520982593
0.00040906399954110384
0.00040875400009099394
0.00040960499609354883
0.00041048698767554015
0.0004125909908907488
0.0004406050138641149
0.00043929200910497457
0.0004349939990788698
0.00034070300171151757
0.0002127780026057735
0.0004240830021444708
0.0003342809941386804
0.00016261200653389096
0.00028972500876989216
0.0004550629964796826
0.0005157989944564179
0.0005104880110593513
0.0004588089941535145
0.0002839949884219095
9.222600783687085e-05
9.097400470636785e-05
0.00026456700288690627
0.0004962820094078779
0.00044520400115288794
0.0005525099986698478
0.0006102710030972958
0.0005763750086771324
0.0007734429964330047
0.0002405419945716858
0.000462376992800273
0.00011780600470956415
0.0001791039976524189
0.00017152899818029255
0.00023210600193124264
0.00020420098735485226
0.0002116959949489683
0.00024522100284229964
0.00015902399900369346
0.00015398499090224504
0.0002066060114884749
0.00022397900465875864
9.735599451232702e-05
0.0004702010046457872
0.0004578380030579865
0.00043889100197702646
0.00043237900536041707
0.00043176699546165764
0.0006038989959051833
0.0005911339976591989
0.00044559399248100817
0.00044210698979441077
9.733600018080324e-05
0.00021522199676837772
0.0012560780014609918
0.00041655900713521987
0.0011488829914014786
0.00021720600489061326
0.00033690599957481027
0.00029544699646066874
0.0002521940041333437
0.00020414199389051646
0.00023144399165175855
0.00023852800950407982
0.0012253900058567524
0.0004768650105688721
0.00035822700010612607
0.0008353620069101453
0.0006708769942633808
0.0006007519987178966
0.0001749560033204034
0.00038031999429222196
0.0001598369999555871
0.00012831600906793028
0.00032962199475150555
0.00029833200096618384
0.0011538130056578666
0.0008271359984064475
0.0007841629994800314
0.0010214180074399337
0.0010158080112887546
0.0005334830057108775
0.000796346997958608
0.0009050360094988719
0.0004361460014479235
0.0011124830052722245
0.0009481690067332238
0.0007071260042721406
0.0006399270059773698
0.0007570820016553625
0.0011380119976820424
0.0008959680126281455
0.0005525599990505725
0.0006951329996809363
0.0006692930037388578
0.0004936970071867108
0.0003711509925778955
0.00034516199957579374
0.0004982459940947592
0.00025208400620613247
0.00024511000083293766
0.00028844299959018826
0.000314953998895362
0.00027613999554887414
0.0002611800009617582
0.0003983040078310296
0.0004042650107294321
0.00026280400925315917
0.00024160300381481647
0.00023489099112339318
0.00022243699640966952
0.0002723319921642542
0.0002379460056545213
0.0012586240045493469
0.0004451730055734515
0.0012851239880546927
0.0004688990011345595
0.0013348399952519685
0.0012441449944162741
0.0012666389957303181
0.0002665210049599409
0.00025944699882529676
0.0011274720018263906
0.00044197699753567576
0.0002450499887345359
0.0002818810025928542
0.0002531349891796708
0.00025618099607527256
0.0008348109986400232
0.000257654013694264
0.0008160449942806736
0.0007990729936864227
0.0007681529968976974
0.00024510000366717577
0.00020777800818905234
0.0006480129959527403
0.00026645099569577724
0.0011775980092352256
0.0002579449937911704
0.0014487689913948998
0.0013759690045844764
0.0015039139980217442
0.00042039599793497473
0.0005276619922369719
0.0011105199955636635
0.00025967799592763186
0.0002461019903421402
0.0008462529949611053
0.0007768189971102402
0.0007723620074102655
0.00021722698875237256
0.00023662400781176984
0.0006561679911101237
0.00025676199584268034
0.001238433993421495
0.0018387360032647848
0.0013899660116294399
0.0003916309942724183
0.0005112910002935678
0.0011988790065515786
0.0002662410115590319
0.00023013200552668422
0.00020367100660223514
0.00019365099433343858
0.00015759299276396632
0.0007843639905331656
0.0008632649987703189
0.0002138599957106635
0.0002377659984631464
0.0006771190091967583
0.000265929993474856
0.0002720519987633452
0.0002885730064008385
0.00027972600946668535
0.0002866400027414784
0.00027759300428442657
0.00026575999800115824
0.0002437980001559481
0.0003174490120727569
0.0003109960089204833
0.0002835830091498792
0.00027849400066770613
0.0002872299955924973
0.00026517899823375046
0.0002643769985297695
0.0001690339995548129
0.0008101130079012364
0.0002108040062012151
0.00023898899962659925
0.0006542549963342026
0.000258325002505444
0.00020996300736442208
0.00024932800442911685
0.0006550569960381836
0.0002565419999882579
0.00031277000380214304
0.0007250600028783083
0.00031190799199976027
0.000342847008141689
0.00032300000020768493
0.00035612199280876666
0.00037940700713079423
0.0010989570000674576
0.0001625320001039654
0.00033387000439688563
0.000306226997054182
0.00030667800456285477
0.001193778996821493
0.0004620870022336021
0.0002871109900297597
0.00027957600832451135
0.0002864800044335425
0.00030213900026865304
0.0002782730007311329
0.00027303400565870106
0.00025755399838089943
0.00031946299714036286
0.00029190999339334667
0.0002723420038819313
0.0002987830084748566
0.0002750970015767962
0.00029980500403326005
0.0002968789922306314
0.00028943500365130603
0.00029005701071582735
0.0002881230029743165
0.00029908400028944016
0.00025698299577925354
0.00028282200219109654
0.0002827220014296472
0.0002901270054280758
0.000279305997537449
0.0003102850023424253
0.00028067801031284034
0.0002827319985954091
0.0002869000018108636
0.0002675830037333071
0.00028832300449721515
0.00026087100559379905
0.0002689160028239712
0.0002809589932439849
0.00028580801154021174
0.0012429030030034482
0.00043175699829589576
0.0003575260052457452
0.0005073630018159747
0.00029245098994579166
0.0002820109948515892
0.00027628999669104815
0.0002788050041999668
0.0002834029874065891
0.0002643769985297695
0.0002530750061850995
0.00028409498918335885
0.0002744459925452247
0.00026935699861496687
0.0002738149923970923
0.0002860590029740706
0.00029259199800435454
0.00028076799935661256
0.00028374399698805064
0.00025776399706956
0.00026811499265022576
0.0002612410025903955
0.0002697269956115633
0.0002701479970710352
0.00026660099683795124
0.0002589369978522882
0.0002772409934550524
0.00023697500000707805
0.00020936100918333977
0.0007071049913065508
0.0002513719955459237
0.00037778500700369477
0.00042243000643793494
0.0007171150064095855
0.00017422399832867086
0.0005032449989812449
0.0006424119928851724
0.00023878799402154982
0.0003942769981222227
0.0003360839909873903
0.00039184199704322964
0.0006738619995303452
0.000929893009015359
0.0007948449929244816
0.0009334999922430143
0.0008617819985374808
0.0008622930035926402
0.0008240699971793219
0.00037442799657583237
0.0002694469876587391
0.000875679004820995
0.000837736006360501
0.00020633600070141256
0.00021233699226286262
0.00047342799371108413
0.0005544130108319223
0.00043656700290739536
0.00039475700759794563
0.00016583799151703715
0.0007902950019342825
0.0014122379943728447
0.0005619680014206097
0.0003736060025403276
0.0005412179889390245
0.0005203880136832595
0.0004960509977536276
0.0003133410064037889
0.0005297960015013814
0.0013738239940721542
0.0007532639865530655
0.0001151409960584715
0.0003713119949679822
0.0006099500023992732
0.000304022993077524
0.0002821010129991919
0.00036694300069939345
0.00015306299610529095
0.0005632899992633611
0.00021948100766167045
0.0002725730009842664
0.00023870699806138873
0.00023080299433786422
0.00020742800552397966
0.0002035100042121485
0.0002775629982352257
0.00029289200028870255
0.0002847560099326074
0.00027709199639502913
0.00030114699620753527
0.000277401995845139
0.00031439198937732726
0.0003368860052432865
0.0002953569928649813
0.0002712800051085651
0.0002809990110108629
0.00028106900572311133
0.0002844949922291562
0.00032055500196292996
0.00029234099201858044
0.0002895049983635545
0.0002786050026770681
0.0002679539902601391
0.00028088901308365166
0.0002780029899440706
0.0002859090018318966
0.0002785440010484308
0.000270467993686907
0.0007224750006571412
0.0003676449996419251
0.00043095699220430106
0.0004393530107336119
0.0007094010070431978
0.0005772570002591237
0.00041609798790887
0.0006489049992524087
0.0003232500021113083
0.001129445998230949
0.00032233800448011607
0.0005077740061096847
0.0008105040033115074
0.0009107060031965375
0.000623625994194299
0.0005132040096214041
0.0004216190136503428
0.00012755399802699685
0.000758794994908385
0.00019056499877478927
0.00028925499645993114
0.000717565999366343
0.0010413470008643344
0.0005224720080150291
0.000414474998251535
0.0005357579939300194
0.0003413350059418008
0.0008759000047575682
0.0009178899927064776
0.0006429729983210564
0.00017628799832891673
0.0005960030102869496
0.0011718669993570074
0.00236484500055667
0.0015311659954022616
0.0013942740042693913
0.0007117549976101145
0.0019309819908812642
0.00040528700628783554
0.0029105410067131743
0.002799848996801302
0.0003715430066222325
0.002793666993966326
0.000725602003512904
0.0001655879896134138
0.0008872720063664019
0.0003177390026394278
0.0010811730026034638
0.00018852099310606718
0.000588968992815353
0.00012443799641914666
0.0005077929963590577
0.0007099109934642911
0.0018377040105406195
0.0005936180095886812
0.0002651389950187877
0.0005403959949035197
0.000592055992456153
0.0012712280004052445
0.0004425980005180463
0.0003025499900104478
0.0014091019984334707
0.0005140059947734699
0.00012854699161835015
0.00032255898986477405
0.0002734849986154586
0.00024821600527502596
0.0004367479996290058
8.738799078855664e-05
0.0003642590017989278
0.00021745699632447213
0.00018516500131227076
0.000182659990969114
0.00015353500202763826
0.0004907609982183203
0.0007962870004121214
0.0006282740068854764
0.0007279660057974979
0.0007417820015689358
0.0008264149946626276
0.0004821539914701134
0.0007653270004084334
0.0012576919980347157
0.0015343520062742755
0.00029360300686676055
0.000536919993464835
0.002526504991692491
0.000489729005494155
0.0008972200012067333
0.0004912119911750779
0.0005291849956847727
0.00046595399908255786
0.0010057390027213842
0.0027189339889446273
0.0005642010073643178
0.0008600000001024455
0.0005228230002103373
0.0009818020043894649
0.001862229997641407
0.001074700994649902
0.0006534929998451844
0.001245207997271791
0.001669671997660771
0.0007207119924714789
0.000770678001572378
0.0002154629910364747
0.000399866999941878
0.0005068519967608154
0.0011502950073918328
0.0003561630001058802
0.00019226799486204982
0.001150876996689476
0.0009157160093309358
0.0008750879933359101
0.000461724994238466
0.001760155995725654
0.00035041199589613825
0.0008011659956537187
0.0010745400068117306
0.0038868940027896315
0.0005281719932099804
0.002456760994391516
0.0005461780092446133
0.0004293229867471382
0.000588427996262908
0.00026205200992990285
0.0003493699914542958
0.0013648669992107898
0.0015901189908618107
0.0014111960044829175
0.0003671440063044429
0.0035505279956851155
0.000997983996057883
0.0004691399954026565
0.0001381550100632012
0.0001980700035346672
0.0001791929971659556
0.0003445210022618994
0.0005080340051790699
0.0005345550016500056
0.0011278220044914633
0.0001554280024720356
0.0004369969974504784
0.0019954960007453337
0.0001888919941848144
0.0003231990122003481
0.00031352200312539935
0.00039739199564792216
0.0005204680055612698
0.0007097509951563552
0.0008106140012387186
0.002490586004569195
0.0008948449976742268
0.0006193370063556358
0.0004403040074976161
0.0002217150031356141
0.00021578300220426172
0.0006679299985989928
0.0005590119981206954
0.00019241900008637458
0.0006790320039726794
0.0005059700051788241
0.0010719050042098388
0.00035738600126933306
0.0012552569969557226
0.0045451049954863265
0.00015070900553837419
0.00035976000071968883
0.0005584010068560019
0.0007796349964337423
0.0004883669898845255
0.0013919089979026467
0.0024427640018984675
0.0002975710085593164
0.0016881479969015345
0.000450122999609448
0.00016091899306047708
0.00046702599502168596
0.00020087500161025673
0.0004174409987172112
0.00028913399728480726
0.0001073360035661608
0.0008553200023015961
0.0005189549992792308
0.0020925129938405007
0.0009399320115335286
0.0003809909976553172
0.0007507599948439747
0.0015429490013048053
0.0005179629952181131
0.00025640199601184577
0.00025166299019474536
0.0014887940051266924
0.00019847099611070007
0.00030740900547243655
0.0025028489908436313
0.0005411479942267761
0.00019678700482472777
0.001040765011566691
0.0008215550042223185
0.000575444006244652
0.0007740639994153753
0.0004654319927794859
0.00019522401271387935
0.000596704994677566
0.00040579799679107964
0.0008959779952419922
0.0010433910065330565
0.00028009699599351734
0.0002700680051930249
0.0015829150070203468
0.0005827069981023669
0.00010711600771173835
0.00026820399216376245
0.0003118980093859136
0.0010148360015591606
0.0027562350005609915
0.0018778410012600943
0.00036663300124928355
0.00041034699825104326
0.00042771000880748034
0.0016291939973598346
0.0003192220028722659
0.002915050004958175
0.0005077239911770448
0.00013772500096820295
0.0009536090074107051
0.0007071459986036643
0.00028653000481426716
0.00034009201044682413
0.0005888489977223799
0.0023139270051615313
0.001067026998498477
0.000862152999616228
0.00046829800703562796
0.0006557769956998527
0.00012644199887290597
0.0001895540044642985
0.0011494240025058389
0.00017521600238978863
0.003565606995834969
0.0024508200003765523
0.000611873998423107
0.0010868140088859946
0.0002597580023575574
0.0005869750020792708
0.00036640198959503323
0.000386881991289556
0.0035261919983895496
0.0005972249928163365
0.0016429099923698232
0.002038348000496626
0.0005277619929984212
0.0006768480088794604
0.0002012759941862896
0.0006942720065126196
0.000147332000778988
0.0007853860006434843
0.0001072149898391217
0.00044480299402493984
0.0005749629926867783
0.0010338919964851812
0.0008013670012587681
0.00022048299433663487
0.0003651099978014827
0.0008517130045220256
0.0004230210033711046
0.0009714430052554235
0.00048103199515026063
0.0007485050009563565
0.00048709400289226323
0.001198648998979479
0.00017759999900590628
0.00014764300431124866
0.0005049979954492301
0.00027645000955089927
0.00019349099602550268
0.000673040995025076
0.0004315269907237962
0.000957265991019085
0.0003889859945047647
0.0010739890130935237
0.00021119500161148608
0.001011398999253288
0.00027819299430120736
0.0004967719869455323
0.0003987949894508347
0.0010219690011581406
0.0004660039994632825
0.00032810898846946657
0.00031371098884847015
0.00039390499296132475
0.0009238009952241555
0.000543402013136074
0.0005089059995952994
0.00022152399469632655
9.774700447451323e-05
0.0008362740045413375
0.00033246800012420863
0.00015920501027721912
0.0010285019961884245
0.00017362298967782408
0.0008866999996826053
0.000436016998719424
0.0005922660056967288
0.0007576529897050932
0.0008175580005627126
0.0014861599920550361
0.0005120819987496361
0.00021822900453116745
0.00042474400834180415
0.0003334799985168502
0.001454409008147195
0.00034672499168664217
0.0006104310014052317
0.0005822459934279323
0.00014125100278761238
0.0001502980012446642
0.0005227020010352135
0.0002978510019602254
0.000414715992519632
0.00017172899970319122
0.00019180800882168114
0.00037696301296819
0.0006655159959336743
0.00040922399784903973
0.0002052040072157979
0.0007424240029649809
0.00044020399218425155
0.00020270900859031826
0.0017974270012928173
0.0009354540088679641
0.0008502099954057485
0.0001922189985634759
0.00023978999524842948
0.0006570400000782683
0.00048731500282883644
0.0001731120137264952
0.001059702000929974
0.0005287439998937771
0.00034655400668270886
0.00016353400133084506
0.0002008050068980083
0.0016231829940807074
0.0019275660015409812
0.00040333400829695165
0.00036544101021718234
0.00030390200845431536
0.0003831850044662133
0.00020418099302332848
0.00012229499407112598
0.0008541480056010187
0.00031693800701759756
0.0005020120006520301
0.0005353869928512722
0.0016128120041685179
0.0006158309988677502
0.0007277660042745993
0.0010240039991913363
0.0010725070023909211
0.00013561001105699688
0.00129123599617742
0.0005422000103862956
0.0004484400124056265
0.0006768780003767461
0.0008841149974614382
0.0009397719986736774
0.0006963750056456774
0.00023024200345389545
0.00017750999541021883
0.0001548369909869507
0.0004687589971581474
0.0006859349959995598
0.0015050759975565597
0.001026498997816816
0.0014517039962811396
0.0005407369899330661
0.00023261600290425122
0.0002251819969387725
0.00022372898820322007
0.00022578300558961928
0.00022050300322007388
0.0002224970085080713
0.00022617400099989027
0.00024185399524867535
0.00023934899945743382
0.0002388580032857135
0.00023984999279491603
0.00023853700258769095
0.0002631050010677427
0.00022456000442616642
0.00023971899645403028
0.00023993999639060348
0.00022494100267067552
0.00024795500212349
0.00022395899577531964
0.0002238099987152964
0.00022418001026380807
0.00022510200506076217
0.00022181500389706343
0.00022155400074552745
0.00022119400091469288
0.0002237089938716963
0.0002231679973192513
0.00024511000083293766
0.00015022800653241575
0.0006846129981568083
0.0008580450084991753
0.0004884559893980622
0.0004021110071334988
0.0004950400034431368
0.0008566830074414611
0.0010985370026901364
0.0011501359986141324
0.0009586380037944764
0.0012918470019940287
0.0013092099979985505
0.0010609550081426278
0.0010863839997909963
0.0007481850043404847
0.0008239400049205869
0.0006744030106347054
0.0007140389934647828
0.0007261519931489602
0.0007376839930657297
0.0007614999922225252
0.0006066329951863736
0.0006257290078792721
0.0006060330051695928
0.0005804630054626614
0.000652191010885872
0.000551307006389834
0.0005514780059456825
0.0005658550071530044
0.0005742909997934476
0.0006256100023165345
0.0005779679922852665
0.0006070240051485598
0.0005522289866348729
0.0006047789938747883
0.0005769459967268631
0.0008584859897382557
0.00029757099400740117
0.0003213460004189983
0.0003200040082447231
0.0003521449980325997
0.00034660400706343353
0.000339370992151089
0.00034554299782030284
0.0003110069956164807
0.00034933999995701015
0.0003044039913220331
0.000305535999359563
0.0003263550024712458
0.00029480499506462365
0.00028823199681937695
0.00028212099277880043
0.00028762200963683426
0.000254087004577741
0.0002534560044296086
0.00025403700419701636
0.000256211991654709
0.0002514119987608865
0.000256641986197792
0.0003003049932885915
0.00026334500580560416
0.0002651389950187877
0.0002591669908724725
0.0002642960025696084
0.0003899870062014088
0.0002607299975352362
0.0002612310054246336
0.0002609310031402856
0.00026298400189261883
0.00027240200142841786
0.00025798400747589767
0.0002629039954626933
0.0002628939982969314
0.0002683450002223253
0.00023035200138110667
0.00041420401248615235
0.0005072620115242898
0.00025791500229388475
0.0002769309940049425
0.0002747370017459616
0.0003183310036547482
0.00027039799897465855
0.0005479399987962097
0.0010631579934852198
0.00027609999233391136
0.00028224100242368877
0.0003262550017097965
0.00030087699997238815
0.0002939929981948808
0.00031065499933902174
0.00030792999314144254
0.000291730000753887
0.00030737899942323565
0.00029195999377407134
0.00030690900166518986
0.0003084820054937154
0.0003310149913886562
0.0002674330025911331
0.00025350600481033325
0.0002535659878049046
0.0002680239995243028
0.0002882330009015277
0.00025315598759334534
0.00025221399846486747
0.00026484800036996603
0.0002733739966060966
0.0002510110061848536
0.0002636050048749894
0.000259947992162779
0.00026402599178254604
0.0002611410018289462
0.0002642969920998439
0.000540616994840093
0.00042712899448815733
0.00046431100054178387
0.00042763999954331666
0.0003928629885194823
0.0003912199899787083
0.00039549899520352483
0.00037516900920309126
0.00037498900201171637
0.0003813420044025406
0.00036718400951940566
0.00037351599894464016
0.0003824540035566315
0.0003705609997268766
0.00038522899558302015
0.0003815520030912012
0.00037003900797571987
0.00039712199941277504
0.00038478699570987374
0.0003715430066222325
0.0003679959918372333
0.00037404699833132327
0.00047714399988763034
0.00048668299859855324
0.0005323609948391095
0.0005196169950067997
0.0004836979933315888
0.000493576008011587
0.0003586370003176853
0.00035891799780074507
0.0003539589961292222
0.0003597699978854507
0.00036060099955648184
0.00036915799137204885
0.00035646400647237897
0.0003649499994935468
0.00036835699575021863
0.00035220499557908624
0.00035854699672199786
0.00037123200308997184
0.00035679400025401264
0.00036199500027578324
0.0003619439958129078
0.0003472559910733253
0.0003448710049269721
0.0003531070105964318
0.0003368460020283237
0.0003703099937411025
0.0004149659944232553
0.0003494499978842214
0.00033824899583123624
0.00033628501114435494
0.00033531300141476095
0.00033741699007805437
0.00034139399940613657
0.0003336999943712726
0.0003608819970395416
0.0003262060054112226
0.00031231899629347026
0.0003158959880238399
0.00031996300094760954
0.00031583600502926856
0.0003100850008195266
0.00031724800646770746
0.0003460939915385097
0.0003908889921149239
0.00045842899999115616
0.00041377299930900335
0.0003624050004873425
0.0005077239911770448
0.0003563830105122179
0.00040713101043365896
0.0003493699914542958
0.00035803600621875376
0.00043208900024183095
0.0004032629949506372
0.00034291700285393745
0.00044644600711762905
0.0005059600080130622
0.0004701410070993006
0.0004987570137018338
0.0005091970087960362
0.0004172000044491142
0.00041563699778635055
0.0003520150057738647
0.0002151730004698038
0.00020680599845945835
0.0001700060092844069
0.000170516999787651
0.00020725700596813112
0.00020538301032502204
0.0001697959960438311
0.0001670099882176146
0.00020570500055328012
0.00020489300368353724
0.00016718098777346313
0.0001737830025376752
0.00020314900029916316
0.0002021870022872463
0.00021980100427754223
0.00016729100025258958
0.0001645050069782883
0.0001954649924300611
0.0001611789921298623
0.00019769900245591998
0.00017870200099423528
0.0001632029889151454
0.00019704800797626376
0.0001949239958776161
0.0001663690054556355
0.00016654899809509516
0.0001969379954971373
0.00020253899856470525
0.00025420699967071414
0.0002563009911682457
0.00025263499992433935
0.00024320700322277844
0.00024234499142039567
0.0002578150015324354
0.00024239500635303557
0.0002505899901734665
0.00021519300935324281
0.00019488399266265333
0.00019650699687190354
0.0001963459944818169
0.00024009999469853938
0.00019488298858050257
0.0002404510014457628
0.00019486399833112955
0.00020372099243104458
0.00019624599372036755
0.000196356006199494
0.00019543500093277544
0.00021701600053347647
0.0002782640076475218
0.00021948099310975522
0.00021732700406573713
0.00023710499226581305
0.0002279780019307509
0.0002667619992280379
0.000220211994019337
0.00021579400345217437
0.00021663500228896737
0.00016991600568871945
0.0001677310065133497
0.00016965500253718346
0.0001687339972704649
0.0002242800110252574
0.00016760200378485024
0.0001663189905229956
0.0001664989977143705
0.00016852299449965358
0.00021517201093956828
0.00019325100583955646
0.0002103629958583042
0.00021303899120539427
0.00021011299395468086
0.00021095501142553985
0.00021159500465728343
0.0002202019968535751
0.00018637700122781098
0.0001671499921940267
0.0001686629984760657
0.00016828300431370735
0.00021622500207740813
0.00016773199604358524
0.00021644600201398134
0.00017014700279105455
0.00016912500723265111
0.00016991599113680422
0.00021134500275366008
0.0001665190065978095
0.00016698999388609082
0.0001680630084592849
0.00018226000247523189
0.00022000200988259166
0.00016816200513858348
0.00020313001004979014
0.0001849249965744093
0.00016958500782493502
0.00021820899564772844
0.0001655569940339774
0.0001657779939705506
0.00017872200987767428
0.0001655670057516545
0.00021529299556277692
0.00018004501180257648
0.00020698699518106878
0.00018351200560573488
0.0001986010029213503
0.00015532800171058625
0.00016621900431346148
0.00015577900921925902
0.00015603999781887978
0.00019947199325542897
0.00015486701158806682
0.00019246900046709925
0.00019583500397857279
0.00016782099555712193
0.00015503699250984937
0.00015497700951527804
0.00015807300223968923
0.00020038499496877193
0.00015603899373672903
0.00020935099746566266
0.0001758270082063973
0.00017316199955530465
0.00016626899014227092
0.0001655670057516545
0.00021276800544001162
0.00016530700668226928
0.00024682399816811085
0.00016097900515887886
0.00016062799841165543
0.00016200098616536707
0.00016115899779833853
0.00016149900329764932
0.0002019669918809086
0.00018239900236949325
0.00017256000137422234
0.00017041699902620167
0.00017098800162784755
0.00024534099793527275
0.00017964400467462838
0.00016166998830158263
0.0001617399975657463
0.00020045400015078485
0.000160426992806606
0.0001621510018594563
0.00020129598851781338
0.00016065800446085632
0.0002410019951639697
0.00021321899839676917
0.0008333180012414232
0.0008092420030152425
0.000806696989457123
0.000819702006992884
0.0008210349915316328
0.000814362007076852
0.0008731139969313517
0.0008539080008631572
0.0005178529972909018
0.0005377909983508289
0.0005301459896145388
0.0004971339949406683
0.0005111599894007668
0.0005194560071686283
0.0004917229962302372
0.0004903509980067611
0.0004831060068681836
0.0004838780005229637
0.0004855209990637377
0.0005655249988194555
0.000488327001221478
0.000486723001813516
0.0004860719927819446
0.00048377701023127884
0.0005149779899511486
0.0005219309969106689
0.0005277520103845745
0.000567167007829994
0.0005320100026438013
0.0004912919976050034
0.0004997290088795125
0.0005238949961494654
0.0004884460067842156
0.0005174220132175833
0.0005038060044171289
0.0005154890095582232
0.0002655889984453097
0.0004352950054453686
0.0003489090013317764
0.0012711570016108453
0.0013857870071660727
0.0015836170059628785
0.00022286699095275253
0.001212896007928066
0.0003701999958138913
0.000362705992301926
0.00025858599110506475
0.00024920699070207775
0.00015011800860520452
0.0002719009935390204
0.00024522999592591077
0.0002579449937911704
0.0013513119920389727
0.00024742400273680687
0.0006758960080333054
0.000354669988155365
0.00048284599324688315
0.0004333910037530586
0.000624637003056705
0.003860322991386056
0.001296847010962665
0.0006141179910628125
0.0002535759995225817
0.00048788498679641634
0.0002928419999079779
0.000257072999374941
0.0010939880012301728
0.0008861690002959222
0.00020725700596813112
0.0036027380119776353
0.00040369499765802175
0.0036835939972661436
0.001997219995246269
0.001272570007131435
0.00021048300550319254
0.0003482979955151677
0.0007549069996457547
0.00037475800490938127
0.0008004849951248616
0.00313476100564003
0.00022139400243759155
0.0009715630003483966
0.0008366539987036958
0.0009658820054028183
0.0005130040080985054
0.0003982640046160668
0.0010818739974638447
0.00023390799469780177
0.00038480799412354827
0.003875070993672125
0.00047405899385921657
0.0015452330117113888
0.0001405200018780306
0.00017061700054910034
0.00035183399450033903
0.0009334899950772524
0.0004287719930289313
0.004802337993169203
0.0006643239903496578
0.0003909799997927621
0.0012987709924345836
0.0016017220041248947
0.0003475260018603876
0.004714640992460772
0.00022700498811900616
0.00025147199630737305
0.00037819601129740477
0.001294232002692297
0.0023504380078520626
0.0003577960014808923
0.0003718329971889034
0.0006073449912946671
0.0006383639993146062
0.0006401170103345066
0.0008277580054709688
0.000620378996245563
0.0006191770080476999
0.0013736640103161335
0.0008251730032498017
0.00016240098921116441
0.00037651200545951724
0.0008693169947946444
0.001363604998914525
0.0007201109983725473
0.0016508660046383739
0.0004556639905786142
0.0024949340004241094
0.00019264999718870968
0.00025227299192920327
0.00018909299978986382
0.002055652003036812
0.00040175000322051346
0.0007054430025164038
0.0008254530112026259
0.0004242629947839305
0.001096182008041069
0.0001531229936517775
0.0005184050096431747
0.0008468940068269148
0.002217582004959695
0.00027897499967366457
0.0005903720011701807
0.00034381001023575664
0.0023832599981687963
0.00033780699595808983
0.000650678004603833
0.0007633939967490733
0.0005431909958133474
0.0020896569913020357
0.0013745660107815638
0.0012064430047757924
0.0015025110042188317
0.00020367000252008438
0.00037197399069555104
0.0001994519989239052
0.00029428399284370244
0.0001368930097669363
0.0001428139948984608
0.00035462999949231744
0.00013396699796430767
0.003268408006988466
0.0012936610000906512
0.0017849719879450276
0.0008493080094922334
0.0011175429972354323
0.0015891980001470074
0.0008948460017563775
0.0015388610045192763
0.0004328700015321374
0.00022006200742907822
0.0002116050018230453
0.0010195249924436212
0.002824095994583331
0.00024564100021962076
0.00018317099602427334
0.0015559140010736883
0.00016816200513858348
0.005582744997809641
0.0017785710078896955
0.0007018350006546825
0.0030411320040002465
0.0011419399961596355
0.0003803490108111873
0.0015559140010736883
0.0003336789959575981
0.0012101409956812859
0.00019990300643257797
0.0009807010064832866
0.0002003940026042983
0.0011671690008370206
0.004280378998373635
0.0005603750032605603
0.0003528569941408932
0.0029329140088520944
0.0012569499958772212
0.0005984269955661148
0.0003420659922994673
0.0003935950080631301
0.0008533470099791884
0.0013343090104172006
0.0007279650017153472
0.00022185500711202621
0.0016814739938126877
0.0008105239976430312
0.0071727350004948676
0.00022197500220499933
0.00016672999481670558
0.0012051509984303266
0.00025715300580486655
0.0002338479971513152
0.0003203639935236424
0.0002445090067340061
0.0003956790023948997
0.003353551001055166
0.00024082200252451003
0.0015260460058925673
0.0001582529948791489
0.00023036199854686856
0.00019314000383019447
0.001176325007691048
0.0026918120129266754
0.0015881850122241303
0.0024394979991484433
0.00028631900204345584
0.0002122169971698895
0.00023560199770145118
0.0014439689985010773
0.00022785700275562704
0.001713254998321645
0.00027084999601356685
0.0016964730020845309
0.00025548000121489167
0.001421626002411358
0.000703669007634744
0.0002614620025269687
0.00025712299975566566
0.0006592639983864501
0.0003171179996570572
0.00039562900201417506
0.0007508200069423765
0.001576031994773075
0.0009766129951458424
0.0006838020053692162
0.00032810000993777066
0.0008354119927389547
0.000794724008301273
0.001560753007652238
0.00046843799646012485
0.00029631800134666264
0.00029302199254743755
0.00039689100231043994
0.0009537790028844029
0.004193882006802596
0.00028486600785981864
0.0008472540066577494
0.00044934100878890604
0.0003514639975037426
0.0003391600039321929
0.0006197889888426289
0.0010720260033849627
0.0009254549950128421
0.0006192169967107475
0.0012085280031897128
0.0014109250041656196
0.0012773089983966202
0.001928017009049654
0.0009914910042425618
0.0014384679961949587
0.00041291199158877134
0.0003198229969711974
0.0003167569957440719
0.000489147991174832
0.00029384400113485754
0.0007340670126723126
0.00042348199349362403
0.009157809996395372
0.00024481999571435153
0.0004272090009180829
0.0004654020012822002
0.0010488309926586226
0.0006868869968457147
0.0006620600033784285
0.0002435060014249757
0.0027834170032292604
0.005937295994954184
0.0006603560032090172
0.0015528079966316
0.0012248580023879185
0.000982685000053607
0.0004251549980835989
0.0016175920027308166
0.0022453550045611337
0.0013484149967553094
0.00392718099465128
0.0015474770043510944
0.00023570199846290052
0.0002495280059520155
0.0006798039976274595
0.0011949420004384592
0.0009200740023516119
0.0003524959902279079
0.0001867079990915954
0.00015842399443499744
0.00047020099009387195
0.002208404999691993
0.0036382469988893718
0.0006312209879979491
0.0008000840025488287
0.0012994209973840043
0.0016763040039222687
0.0007616500079166144
0.0006042480090400204
0.0019170060113538057
0.00015070900553837419
0.0011355169990565628
0.0007470330019714311
0.00020644599862862378
0.00030143800540827215
0.0004995079943910241
0.000461726012872532
0.0003240309888496995
0.00032791799458209425
0.00037500899634324014
0.0006642130028922111
0.00024747499264776707
0.0006693539908155799
0.00018109699885826558
0.00023023200628813356
0.00029340299079194665
0.0031633460021112114
0.0010587099968688563
0.006268461002036929
0.0008282990020234138
0.0002359729987801984
0.00027968599169980735
0.000330534006934613
0.0007511000003432855
0.00041075800254475325
0.0012196680036140606
0.0013630739995278418
0.0008235099958255887
0.0013501590001396835
0.0002313330041943118
0.0013030979898758233
0.00031087599927559495
0.0024750160082476214
0.00021914999524597079
0.001198087993543595
0.0016253869980573654
0.001163451001048088
0.0007803259941283613
0.00040231100865639746
0.0006127450033091009
0.001180534003651701
0.0013246299931779504
0.00021179601026233286
0.0010076219914481044
0.00043517499580048025
0.001605648998520337
0.0002102129947161302
0.0008163849997799844
0.0003531279944581911
0.0004370179958641529
0.00040708000597078353
0.00027517799753695726
0.0003825029998552054
0.00043334100337233394
0.002104895989759825
0.0005953020008746535
0.0002634350094012916
0.0008338589977938682
0.00044736800191458315
0.00039445600123144686
0.0011192660022061318
0.0002774119930109009
0.00062816399440635
0.00016925499949138612
0.0003327589947730303
0.001121551002142951
0.0008434880001004785
0.00023893800971563905
0.0008667219954077154
0.0008607700001448393
0.00039611900865565985
0.0006837010005256161
0.0013758380082435906
0.0003244419931434095
0.0024934210086939856
0.005699319008272141
0.0006360999977914616
0.0005997809930704534
0.0012873590021627024
0.002504092000890523
0.0020390400022733957
0.00045452099584508687
0.00029169001209083945
0.0005967540055280551
0.0008975410019047558
0.0005491629999596626
0.00034018199949059635
0.0006146480009192601
0.0012015340034849942
0.0003291819884907454
0.00032164700678549707
0.0009870319918263704
0.0009067189967026934
0.0003677749919006601
0.0022637509973719716
0.00015291300951503217
0.00022123398957774043
0.00018046698824036866
0.00072385800012853
0.00016147999849636108
0.00027536800189409405
0.0017091680056182668
0.0032281599997077137
0.0003249030123697594
0.00024461900466121733
0.0015473469975404441
0.0005070519982837141
0.00023279699962586164
0.000244669005041942
0.0011225729977013543
0.00022128500859253109
0.0016305470053339377
0.00038363599742297083
0.0004150059976382181
0.0006880900036776438
0.00041115899512078613
0.0002869300078600645
0.0009770640026545152
0.00029559699760284275
0.00043801900756079704
0.0010715539974626154
0.0007313829992199317
0.005015356990043074
0.0008800479990895838
0.001679389999480918
0.000566306000109762
0.0001807770022423938
0.0011033159971702844
0.0003599199990276247
0.0003950870013795793
0.001570421998621896
0.00034073300776071846
0.0033814839989645407
0.0002753269945969805
0.00026050000451505184
0.0009698200010461733
0.0003322670090710744
0.00040365400491282344
0.0006163920043036342
0.001908149992232211
0.0002707799867494032
0.00028485601069405675
0.00020381099602673203
0.0002441480028210208
0.0002317850012332201
0.0002935129887191579
0.00022028198873158544
0.0002805279946187511
0.00018626700330059975
0.00022808699577581137
0.00028463600028771907
0.00020210799993947148
0.0002487969904905185
0.0002366740081924945
0.00025000900495797396
0.0003025499900104478
0.0007234179938677698
0.0007198199891718104
0.0007167739968281239
0.0007555390038760379
0.0002260229957755655
0.0003211259900126606
0.00027993699768558145
0.0003711010067490861
0.0006686420092592016
0.0008383280073758215
0.0006124039937276393
0.0006305889983195812
0.0003729150048457086
0.0003497400030028075
0.0003124289942206815
0.00018694800382945687
0.0003871020016958937
0.0003810410125879571
0.000305686000501737
0.00018234900198876858
0.00035932900209445506
0.0003597489994717762
0.000428542000008747
0.0001864380028564483
0.00036070200440008193
0.0004127120046177879
0.0004959310026606545
0.00018692799494601786
0.0003601000062189996
0.0003575059963623062
0.00038177199894562364
0.0003109460085397586
0.00039777299389243126
0.0004474379966268316
0.00022381900635082275
0.00035333799314685166
0.00036267600080464035
0.0004119500081287697
0.00022106400865595788
0.0003510230017127469
0.0003524060011841357
0.00042457399831619114
0.00022342799638863653
0.0004005679948022589
0.0003649200079962611
0.0005512170027941465
0.0002157239941880107
0.00036457899841479957
0.0003913510008715093
0.0003985049988841638
0.0003954290004912764
0.00031550500716548413
0.0002513719955459237
0.0003370969934621826
0.0003630560095189139
0.00031318100809585303
0.0002518619876354933
0.0003353429929120466
0.0004089839931111783
0.00031576500623486936
0.00025078099861275405
0.0003359039983479306
0.00038960699748713523
0.0003146230010315776
0.00025095099408645183
0.0003365559969097376
0.0004796800058102235
0.00039979699067771435
0.0004615049983840436
0.00021762700635008514
0.00043265000567771494
0.0003980330075137317
0.0004609640018315986
0.00038237399712670594
0.00047397900198120624
0.0004012990102637559
0.0004975539923179895
0.000383253995096311
0.0004593110061250627
0.0003942659968743101
0.0004641800042008981
0.00032653599919285625
0.0002996139955939725
0.0002770409919321537
0.00024861699785105884
0.00033583400363568217
0.0003067479992751032
0.0002982720034196973
0.0003603609948186204
0.0003931230021407828
0.0002688160020625219
0.0002873210032703355
0.00023637298727408051
0.0002481260016793385
0.00028680999821517617
0.00026590999914333224
0.0006151790003059432
0.0006390350026777014
0.0006753449997631833
0.0002929420006694272
0.0002515720116207376
0.0002503400028217584
0.0007535050099249929
0.0006648150010732934
0.0005517280078493059
0.0003339910035720095
0.00032461300725117326
0.00027655099984258413
0.00018030600040219724
0.0003435990074649453
0.000338829995598644
0.0004064189997734502
0.00018558600277174264
0.0003441099979681894
0.0003355329972691834
0.0004033639997942373
0.00018410300253890455
0.0003428670024732128
0.000342917992384173
0.0003472559910733253
0.00032933200418483466
0.00034527199750300497
0.00044369099487084895
0.00023436899937223643
0.0003500010061543435
0.0003718530060723424
0.00043896101124119014
0.00024893699446693063
0.000399716998799704
0.0003841370053123683
0.0005062310083303601
0.0002347999979974702
0.00035770599788520485
0.0003741069958778098
0.00046028300130274147
0.0003680360096041113
0.00039978600398171693
0.00036269499105401337
0.0002152130036847666
0.0003550810070009902
0.00041457499901298434
0.00035137400845997036
0.00021494200336746871
0.0003557820018613711
0.0004502039955696091
0.00035206500615458935
0.00021286799164954573
0.0003715130005730316
0.000449843006208539
0.00036652300332207233
0.0004779359878739342
0.00039748300332576036
0.00048747500113677233
0.0003725239948835224
0.00047721499868202955
0.00039192198892123997
0.0004549120058072731
0.00032452199957333505
0.0004239529953338206
0.00033046299358829856
0.00023998999677132815
0.00031014499836601317
0.0002782529918476939
0.00021483199088834226
0.00031247899460140616
0.0003406939940759912
0.0002540780114941299
0.0002519029949326068
0.00019947299733757973
0.0002133790112566203
0.0002177580026909709
0.00021798799571115524
0.0002594980032881722
0.0002854970080079511
0.0002672219998203218
0.00028397499409038574
0.0002668920060386881
0.00026930599415209144
0.00024841600679792464
0.000258565996773541
0.00024314600159414113
0.0002133790112566203
0.0003014879912370816
0.000292459997581318
0.0002662899933056906
0.0006763970013707876
0.0006250890000956133
0.00023735599825158715
0.0002554199891164899
0.0003328080056235194
0.0003264560073148459
0.00039629999082535505
0.00018409300537314266
0.00034420000156387687
0.0003374369989614934
0.00042239000322297215
0.00021107500651851296
0.00034478100133128464
0.00033772800816223025
0.0003487490030238405
0.0003054959961446002
0.0003200429928256199
0.0003902280004695058
0.00020815999596379697
0.0003169470001012087
0.0003435480030020699
0.00041457499901298434
0.00025300600100308657
0.00045899000542704016
0.00036524099414236844
0.00032197700056713074
0.00038648099871352315
0.00032745799398981035
0.00023922800028230995
0.0003355939988978207
0.0003968099917983636
0.00038506899727508426
0.00020338999456726015
0.0003341209958307445
0.0004333709948696196
0.0003330480103613809
0.00044699700083583593
0.00021242699585855007
0.0004294340033084154
0.00033725600223988295
0.00042855199717450887
0.0003581869968911633
0.00021550299425143749
0.00019869100651703775
0.00023276598949451
0.00023547200544271618
0.00022439000895246863
0.00024390799808315933
0.00023294700076803565
0.0002759589988272637
0.000182118994416669
0.00020997200044803321
0.00025306499446742237
0.0006442960002459586
0.00024960799783002585
0.00023805699311196804
0.0003559729957487434
0.00024914799723774195
0.0002441480028210208
0.0002844660048140213
0.0002623530017444864
0.00022959000489208847
0.00024579100136179477
0.0002332580043002963
0.0002551389916334301
0.0003287110012024641
0.0003552209964254871
0.0003833049995591864
0.00022195599740371108
0.0003677649947348982
0.0003549209941411391
0.0003907089994754642
0.0003411239886190742
0.00035877799382433295
0.0006473219982581213
0.00027889500779565424
0.00038159200630616397
0.00039311400905717164
0.00036322699452284724
0.00042194899288006127
0.00035294699773658067
0.0002225969947176054
0.0003347809979459271
0.00043116700544487685
0.0003322769916849211
0.0004294929967727512
0.00035894798929803073
0.00019871100084856153
0.00022834799892734736
0.00022411899408325553
0.0003158049948979169
0.000220943009480834
0.00025983799423556775
0.00023082300322130322
0.00017210999794770032
0.00019591599993873388
0.00030752900056540966
0.0002861579996533692
0.00026777399762067944
0.00031052599661052227
0.0002897560043493286
0.00030966399936005473
0.00021371000912040472
0.00021503199241124094
0.0008316349994856864
0.0008060350082814693
0.0003449509968049824
0.0003525460051605478
0.0003450819931458682
0.0003943859919672832
0.00035004100936930627
0.0003549210086930543
7.10660096956417e-05
6.81609963066876e-05
6.768999446649104e-05
6.671799928881228e-05
6.718799704685807e-05
6.738898809999228e-05
0.00025074000586755574
0.0004947289999108762
0.0002957479882752523
0.00031010399106889963
0.0002539260021876544
0.00023689400404691696
0.0002984629973070696
0.0006796929956180975
0.0002279579930473119
0.00020909099839627743
0.0002594480029074475
0.00021136499708518386
0.00023508099548052996
0.0002872010081773624
0.00026356600574217737
0.0002509810001356527
0.0002684350038180128
0.00028908500098623335
0.00027049900381825864
0.00021425100567284971
0.00022088400146458298
0.00024772599863354117
0.00026294399867765605
0.0002862389956135303
0.00028670999745372683
0.00027897499967366457
0.00021189599647186697
0.00024638199829496443
0.00021071400260552764
0.0002986129984492436
0.0002403010003035888
0.0002861780085368082
0.001659211004152894
0.00035621300048660487
0.0026479480002308264
0.001267209998331964
0.0006959150050533935
0.0031174479954643175
0.00031666699214838445
0.0006556070002261549
0.000304043001960963
0.0006129060056991875
0.0021758530056104064
0.00024999900779221207
0.0013819899904774502
0.00028484599897637963
0.0016481899947393686
0.0003677460044855252
0.0015136030124267563
0.000314824006636627
0.0023836309992475435
0.0006763869896531105
0.00029971399635542184
0.0003108060045633465
0.00031481400947086513
0.0003701000096043572
0.0005304569931467995
0.0004934559983666986
0.0006176850001793355
0.0004350140079623088
0.0005004600097890943
0.00040970499685499817
0.0005714360013371333
0.0005831290036439896
0.0006247580022318289
0.00024119300360325724
0.00018942399765364826
0.000594389988691546
0.0002891140029532835
0.0005680690082954243
0.0003298920055385679
0.0003924630000256002
0.0002902470005210489
0.00031555499299429357
0.00043803999142255634
0.00021325898705981672
0.0005281630001263693
0.00036192400148138404
0.0014240010059438646
0.00035643301089294255
0.00044125599379185587
0.0004248350014677271
0.0019617719954112545
0.0004974129988113418
0.010162257007323205
0.000476443994557485
0.0014558420079993084
0.0008592270023655146
0.0003459029976511374
0.002533177990699187
0.0007357809954555705
0.00040996600000653416
0.0007536050106864423
0.00030478500411845744
0.00030543599859811366
0.001696052000625059
0.00025490800908301026
0.0005432920006569475
0.0003603710065362975
0.0005976560059934855
0.0004074620082974434
0.00033154600532725453
0.0009617940086172894
0.0002129889908246696
0.0004108479915885255
0.000641149003058672
0.0003676650085253641
0.0003849179920507595
0.0022944899974390864
0.0004031839926028624
0.0009341510012745857
0.000529576005646959
0.00041253100789617747
0.00032737699802964926
0.0004928949929308146
0.0003955889987992123
0.0005528500041691586
0.00013803500041831285
0.00020881000091321766
0.0002977310068672523
0.0003118379972875118
0.00040031799289863557
0.0003253939939895645
0.0006400469865184277
0.00029017700580880046
0.0003765419969568029
0.0003033420071005821
0.00027372498880140483
0.00031813999521546066
0.00019847099611070007
0.0005234029958955944
0.0005248259985819459
0.00029115799407009035
0.0003621039941208437
0.0002902470005210489
0.0003237109922338277
0.0007131169986678287
0.0003220770013285801
0.001242541999090463
0.0017832400044426322
0.00031357099942397326
0.0005887790030101314
0.0005704439972760156
0.00045942100405227393
0.0004427289968589321
0.0008159150020219386
0.0005810040020151064
0.0004016900056740269
0.0003617229958763346
0.0012104010093025863
0.002217963003204204
0.00043301099503878504
0.0006899029976921156
0.00036063199513591826
0.0013626129948534071
0.0005414280021796003
0.0005939090042375028
0.0007724610040895641
0.0006957739969948307
0.000891218995093368
0.00033162500767502934
0.0005141060100868344
0.0034134849993279204
0.00040047799120657146
0.00011554099910426885
0.003556028997991234
0.0004793090047314763
0.0003628449921961874
0.00022838800214231014
0.0007339979929383844
0.0006053109973436221
0.0006504569901153445
0.0017454470071243122
0.001327566002146341
0.00031600600050296634
0.0002519730041967705
0.0001432150020264089
0.0005843309918418527
0.0004772649990627542
0.00026495799829717726
0.0006770480104023591
0.00042773100722115487
0.0008799070055829361
0.00027668099210131913
0.0005999400018481538
0.0003606120008043945
0.00013204300194047391
0.001787187997251749
0.00040622900996822864
0.0007633839995833114
0.0017929280002135783
0.0005471299955388531
0.00011585198808461428
0.00047196500236168504
0.00044115599303040653
0.00043940301111433655
0.0014793769951211289
0.0017211100057465956
0.00018061599985230714
0.0005431610043160617
0.00047832798736635596
0.00040118000470101833
0.003072762003284879
0.0004350539966253564
0.00025227299192920327
0.0007010039989836514
0.0014115160010987893
0.0004072210140293464
0.0008524939912604168
0.0003949469974031672
0.0045352369925240055
0.001639904992771335
0.0020236310083419085
0.0013210630131652579
0.0004771850071847439
0.0006475620029959828
0.0005877969961147755
0.00028841299354098737
0.0002038509992416948
0.000539144006324932
0.0005426110001280904
0.0007871900015743449
0.0013549290015362203
0.0003120689943898469
0.000363957995432429
0.00028312200447544456
0.0006059320003259927
0.00031865100027062
0.00010887801181524992
0.0008777229959378019
0.00029221999284345657
0.0009824130102060735
0.0005695220024790615
0.0014725440123584121
0.0005648929945891723
0.0004862320056417957
0.0038218889967538416
0.0016710439958842471
0.00026798399630934
0.00025186300626955926
0.0006060919986339286
0.00025298500258941203
0.000302920991089195
0.0003757800004677847
0.00041586799488868564
0.00032606600143481046
0.0005632099928334355
0.0012858159898314625
0.00034597401099745184
0.00043584599916357547
0.001144594993093051
0.00034838799911085516
0.0002780430077109486
0.000366011998266913
0.0006084170017857105
0.00031593599123880267
0.00029923400143161416
0.0007447080133715644
0.0005242960032774135
0.0004341530002420768
0.00047001200437080115
0.000948429005802609
0.0003736060025403276
0.00024382799165323377
0.0006750439933966845
0.0002698280004551634
0.0002926419983850792
0.0003793869982473552
0.0004202559939585626
0.0002296499878866598
0.0003911809908458963
0.00026499800151214004
0.0007244700100272894
0.00031765901076141745
0.0003847979969577864
0.00040853300015442073
0.00028339399432297796
0.0024555080017307773
0.0002737850008998066
0.0003116080042673275
0.0014201939920894802
0.0011365000100340694
0.003187172012985684
0.00046643399400636554
0.0023705560015514493
0.0006073139957152307
0.00047874900337774307
0.0002549889904912561
0.0006383339932654053
0.00042472399945836514
0.00034682500700000674
0.0028452560072764754
0.0004638090031221509
0.00035325699718669057
0.0006005020113661885
0.0003822529979515821
0.00031251899781636894
0.002461410011164844
0.0002621830062707886
0.0030075370013946667
0.0006379129918059334
0.00026283400075044483
0.00043465400813147426
0.0003467049973551184
0.0002741350035648793
0.000393194000935182
0.0006090079987188801
0.0003977329906774685
0.0005487519956659526
0.0006805550074204803
0.00164428299467545
0.0003287309955339879
0.0003263560065533966
0.0016131730080815032
0.0012999530008528382
0.004189202998531982
0.0016364079929189757
0.00048013099876698107
0.0006261810049181804
0.00039608900260645896
0.0006201090000104159
0.00041551700269337744
0.0006261599919525906
0.0005835490010213107
0.0002819799992721528
0.00048157300625462085
0.0002803980023600161
0.00037103101203683764
0.002869953998015262
0.0003707409923663363
0.0002486870071152225
0.0008351120050065219
0.00048755499301478267
0.0004023810033686459
0.0019732840009965003
0.0007202310080174357
0.00036912699579261243
0.0002895050129154697
0.0007495869940612465
0.00044547399738803506
0.0003313859924674034
0.0005035060021327808
0.0004772349930135533
0.00025507899408694357
0.0013832319964421913
0.00023542100097984076
0.0004324890032876283
0.0003606509999372065
0.00044880100176669657
0.0003108670061919838
0.0004933860036544502
0.00039144098991528153
0.004148516003624536
0.00026808401162270457
0.0003516049910103902
0.0003128700045635924
0.0002801869995892048
0.00022569300199393183
0.00024156399013008922
0.0006112020055297762
0.0006261499947868288
0.000804962997790426
0.005210140996496193
0.00029749100212939084
0.00043387200275901705
0.00042299101187381893
0.0008594980026828125
0.0005350459978217259
0.0016691009950591251
0.00022120399808045477
0.0002986820036312565
0.0006003509915899485
0.0005148670024937019
0.0001628829922992736
0.001294161003897898
0.0006173029978526756
0.00010013200517278165
0.00043054499838035554
0.0006834100058767945
0.0003771430056076497
0.0015231610013870522
0.0005472589982673526
0.0008056649967329577