0.013971359992865473
0.014476077994913794
0.012890458005131222
0.012909393000882119
0.013000628998270258
0.011117748013930395
0.011512465003761463
0.0113448240008438
0.012426608009263873
0.011302583006909117
0.012655947997700423
0.01287085999501869
0.011470152996480465
0.01137000200105831
0.011275520999333821
0.011552131007192656
0.011289518006378785
0.012406809997628443
0.012196687996038236
0.011097049005911686
0.011917602008907124
0.011412894004024565
0.012060084991389886
0.011523866996867582
0.01349922499503009
0.012616423002327792
0.012701975996606052
0.012318391003645957
0.01249242399353534
0.01273646199842915
0.012713819000055082
0.012031549995299429
0.012839770002756268
0.012405266999849118
0.012483326994697563
0.011592058013775386
0.011327611005981453
0.0116845349984942
0.011323593003908172
0.011310899004456587
0.011425177013734356
0.011379931005649269
0.011655067995889112
0.011753387007047422
0.012005600001430139
0.0073733680037548766
0.007109331985702738
0.007866422994993627
0.012911077006720006
0.013354827999137342
0.011402564006857574
0.012327367992838845
0.012403624001308344
0.014315059001091868
0.012624748007510789
0.01323335499910172
0.012445304004359059
0.011445986994658597
0.01223558200581465
0.012756972006172873
0.01339843099412974
0.012702637002803385
0.012256401998456568
0.015644116996554658
0.013027270004386082
0.012049373995978385
0.011727898003300652
0.012004789008642547
0.011430047001340427
0.011397003996535204
0.011462048001703806
0.01178144100413192
0.01168826200591866
0.011343060003127903
0.011678442999254912
0.011619400000199676
0.011414376000175253
0.011404307995690033
0.01132479500665795
0.011579502999666147
0.012110933006624691
0.011688031008816324
0.01204955500725191
0.011109842991572805
0.011417843998060562
0.011277344994596206
0.011155279993545264
0.011979138987953775
0.013307386994711123
0.013662016004673205
0.015861684994888492
0.017869335002615117
0.01763447500707116
0.02176285999303218
0.0053840339969610795
0.004010489996289834
0.0034500750043662265
0.0035935009946115315
0.004368636989966035
0.015149508995818906
0.022214927012100816
0.02148646100249607
0.03197943000122905
0.02690452900424134
0.03620403200329747
0.03247113300312776
0.034138299990445375
0.03515319600410294
0.0025052840064745396
0.0023458380019292235
0.0035588140017353
0.0023892019962659106
0.0020783560030395165
0.002309067000169307
0.005372893007006496
0.015027715009637177
0.017017491001752205
0.016584369994234294
0.002969424007460475
0.0029473809991031885
0.002458835006109439
0.00259233100223355
0.002280774002429098
0.0021836870000697672
0.006584015005500987
0.01900509200640954
0.004099632002180442
0.0026728349912445992
0.0031576150067849085
0.003199305007001385
0.002901163010392338
0.002759140988928266
0.0026396620087325573
0.0025145210092887282
0.003516512006171979
0.0037959289911668748
0.0025893549900501966
0.0021556930005317554
0.002574195998022333
0.002775122004095465
0.00345331100106705
0.0028694720094790682
0.003024118996108882
0.0027679579943651333
0.0027804109995486215
0.003702568996232003
0.0024980500020319596
0.0034958330070367083
0.0043592889996943995
0.0038077320059528574
0.0037286900042090565
0.003411561992834322
0.0033454249933129176
0.0036282880028011277
0.0034213510080007836
0.002670871006557718
0.0026146040036110207
0.002381928003160283
0.002434528010780923
0.002364222993492149
0.0032820230117067695
0.005045063997386023
0.004144667007494718
0.0036529140052152798
0.004665184998884797
0.005959938993328251
0.00399380800081417
0.005176035003387369
0.004738246003398672
0.004106394000700675
0.003748657996766269
0.00513811300334055
0.004570414006593637
0.004131481997319497
0.004366943991044536
0.004674873998737894
0.004445364000275731
0.0038622260035481304
0.004475963010918349
0.004283764006686397
0.00397640498704277
0.004424344006110914
0.002737679998972453
0.01823745999718085
0.014785482009756379
0.018341339004109614
0.002636003991938196
0.013097754999762401
0.006800499992095865
0.004377012999611907
0.020336224988568574
0.002505394004401751
0.0026500210078665987
0.013744545009103604
0.0030418329988606274
0.013406757003394887
0.013707924008485861
0.0058252799935871735
0.00537783199979458
0.005589859007159248
0.010849263999261893
0.018377137996139936
0.015852007010835223
0.005996578998747282
0.007767924995278008
0.018189667986007407
0.007768285999190994
0.009933186011039652
0.013290154005517252
0.004924423003103584
0.020988785996451043
0.012946534989168867
0.014904590003425255
0.013815019992762245
0.004992451998987235
0.010517848000745289
0.007464914000593126
0.001781485989340581
0.0023365599918179214
0.01142795299529098
0.011994077998679131
0.005618894996587187
0.0028334740054560825
0.010043367990874685
0.004591453995089978
0.010995453005307354
0.002083675004541874
0.017810110992286354
0.009283139996114187
0.014737288001924753
0.0028600939986063167
0.009235389006789774
0.01145434299542103
0.014072975012823008
0.020032000989886
0.002919288002885878
0.0027733979950426146
0.010945647998596542
0.0020903690019622445
0.011365123005816713
0.014230586995836347
0.008851292004692368
0.003943200994399376
0.002136466995580122
0.009871668997220695
0.0022432719997595996
0.016409564996138215
0.004770678002387285
0.002785641001537442
0.0029909049917478114
0.0025305119925178587
0.004827868004213087
0.00859541200043168
0.0022727780014974996
0.004623254993930459
0.0021477380068972707
0.00907824699243065
0.004882943001575768
0.002375905998633243
0.0027588399971136823
0.011693843000102788
0.008854939005686902
0.011087539998698048
0.002772154999547638
0.009071444990695454
0.009990947000915185
0.006569267003214918
0.011983378004515544
0.004817348002688959
0.0021563750051427633
0.011700295988703147
0.006084287000703625
0.01254020600754302
0.002367549008340575
0.006797754002036527
0.0017721379990689456
0.001991929006180726
0.02336497200303711
0.0039506949979113415
0.00226006300363224
0.0022525399981532246
0.0160020839975914
0.004095893993508071
0.011336848008795641
0.014646323994384147
0.0031162749946815893
0.0017997309914790094
0.00930825799878221
0.00334525499783922
0.0022798110003350303
0.001966249998076819
0.002847349998774007
0.002481738993083127
0.006302574998699129
0.005444971000542864
0.01310228400689084
0.004391230002511293
0.009826852998230606
0.005044161996920593
0.0025777529954211786
0.0027341120003256947
0.00625433299865108
0.001964206006960012
0.002054258991847746
0.0020014979963889346
0.030542305001290515
0.016438980994280428
0.018643970004632138
0.0033804120030254126
0.0021421380079118535
0.0018224049999844283
0.011398036003811285
0.003160310006933287
0.008655356999952346
0.0029763570055365562
0.012223248006193899
0.002484733995515853
0.015893766001681797
0.010351880002417602
0.008996971999295056
0.006092252006055787
0.0026632269873516634
0.0048805880069267005
0.00213825999526307
0.010553016007179394
0.012201827004901133
0.01915999899210874
0.007943552001961507
0.005762408996815793
0.0018678420019568875
0.005860186996869743
0.0070747760037193075
0.0030463019938906655
0.007306260013137944
0.0029868470010114834
0.009508482995443046
0.006069317998480983
0.0027748809952754527
0.006894860998727381
0.007876753996242769
0.01293084499775432
0.010436331998789683
0.002691029993002303
0.00433189699833747
0.01729829900432378
0.012900246001663618
0.0038649810012429953
0.011318163000396453
0.006031184995663352
0.0018961159948958084
0.002531314006773755
0.005559120007092133
0.005729725991841406
0.009404842989169993
0.0031031300022732466
0.0030112340027699247
0.004671036993386224
0.002753811000729911
0.007859449993702583
0.009261417988454923
0.009201794004184194
0.01245179599209223
0.00868076599726919
0.014067173993680626
0.0009951389947673306
0.0022083939984440804
0.0011592929949983954
0.0009870329959085211
0.002629081005579792
0.0024046509934123605
0.002272147001349367
1.2743999832309783e-05
0.0016679190011927858
0.012279987000511028
0.0053522329981205985
0.003684565002913587
0.0025319249980384484
0.004630758994608186
0.0020422060042619705
0.0018770289898384362
0.0017157600086648017
0.001999654996325262
0.002762436997727491
0.0027515859983395785
0.002567232004366815
0.0027144149935338646
0.0027852100029122084
0.0028183539980091155
0.002622217987664044
0.002421712997602299
0.0028558560006786138
0.002525301999412477
0.0024766190035734326
0.011330526001984254
0.0017021329986164346
0.002595707992441021
0.001838023992604576
0.003154518999508582
0.0021321779931895435
0.002258650987641886
0.0018922180024674162
0.0019046819943469018
0.0021320480009308085
0.0020584269950632006
0.0013585849956143647
0.001211383001646027
0.001893189997645095
0.0022446840011980385
0.002132909998181276
0.0022583500103792176
0.0023254289990291
0.0024964269978227094
0.002398188997176476
0.004262703994754702
0.0022469790128525347
0.0011130140046589077
0.001377110995235853
0.001223926999955438
0.0013742949959123507
0.0013730030041188002
0.001389723998727277
0.001336852990789339
0.0012649359996430576
0.0013484660012181848
0.00131433000206016
0.0013718999980483204
0.001388192002195865
0.0026796179881785065
0.0026368160033598542
0.002680949997738935
0.0026791779964696616
0.0024478830018779263
0.0026328090025344864
0.0026224190078210086
0.002465628000209108
0.002421212993795052
0.0012583929928950965
0.001700641994830221
0.003766573005123064
0.00439489699783735
0.0031493889982812107
0.010463713988428935
0.012085092996130697
0.010509241008548997
0.010852901003090665
0.0013133979955455288
0.0013124469987815246
0.0013822210021317005
0.013177367000025697
0.004074452997883782
0.009379844996146858
0.0029240670119179413
0.0029835309978807345
0.0028469990065786988
0.008810493993223645
0.002988780994201079
0.0020142119901720434
0.0013422640040516853
0.012286038007005118
0.010416713994345628
0.008279174988274463
0.013742901996010914
0.013575030010542832
0.015223141002934426
0.015541961998678744
0.014968312010751106
0.013458335990435444
0.01406045100884512
0.012674734010943212
0.013871228002244607
0.014176443000906147
0.013578436992247589
0.012582826995640062
0.012419292994309217
0.013615959003800526
0.01394747500307858
0.014090898999711499
0.012999466009205207
0.012546348007163033
0.012933379999594763
0.014557222995790653
0.014332872990053147
0.0127937520010164
0.00492046499857679
0.00945637299446389
0.005362130992580205
0.009766005998244509
0.005216442994424142
0.00949923400185071
0.012854107000748627
0.013157178997062147
0.011531782991369255
0.0021876949904253706
0.0018080869922414422
0.001581493008416146
0.0018067150085698813
0.0016501339996466413
0.008542509996914305
0.010158739998587407
0.00862680199497845
0.012748675988405012
0.012798732001101598
0.012772531001246534
0.012932448007632047
0.012180606005131267
0.00984965699899476
0.008462657002382912
0.009301816011429764
0.001967973992577754
0.010678947000997141
0.010560950002400205
0.009299160999944434
0.008523683995008469
0.010148799992748536
0.008622342997114174
0.008766188999288715
0.009069560997886583
0.010294870007783175
0.01051272799668368
0.00849774399830494
0.009754143000463955
0.009797837003134191
0.010746145999291912
0.009528030001092702
0.009875525996903889
0.009590680012479424
0.011016803997335956
0.011551831004908308
0.009192176003125496
0.010153929993975908
0.009670172992628068
0.008763894002186134
0.008760166994761676
0.008637161998194642
0.010188236003159545
0.010106508998433128
0.008246312994742766
0.009256518998881802
0.009800813000765629
0.00951164799334947
0.009361670992802829
0.011472708996734582
0.011684384997352026
0.0093049319984857
0.01062726799864322
0.0021160980104468763
0.001735778001602739
0.0018947130010928959
0.0017689320084173232
0.008432610004092567
0.008842925992212258
0.010381205996964127
0.009678307993453927
0.007864610000979155
0.008706715001608245
0.002007468996453099
0.0017747029924066737
0.001713495992589742
0.0017501560068922117
0.0016230420005740598
0.001595540001289919
0.0016671359917381778
0.001567456012708135
0.0017438939976273105
0.0015742280083941296
0.0016193150077015162
0.0015558829909423366
0.001598595001269132
0.010192633999395184
0.0016059000045061111
0.008086334986728616
0.010981607003486715
0.009721561000333168
0.00776047000545077
0.009062466997420415
0.009550441987812519
0.009955720001016743
0.008567216995288618
0.009433699000510387
0.00371357100084424
0.003129149990854785
0.0034288749884581193
0.0021494919928954914
0.002341159008210525
0.0023746440128888935
0.014285151002695784
0.0035414710000623018
0.0032786569936433807
0.0021735580085078254
0.002201841998612508
0.012052701000357047
0.009336954011814669
0.01078371900075581
0.002088023000396788
0.0017779799964046106
0.001730457996018231
0.0018736519996309653
0.0020073589985258877
0.0017634410032769665
0.0015803400019649416
0.0016126720001921058
0.001543689999380149
0.001802967002731748
0.0017368810076732188
0.0017217919958056882
0.002088654990075156
0.0018609390099300072
0.0017949419998330995
0.002366858010645956
0.0030875009979354218
0.001987290001125075
0.0017710660031298175
0.0020887749997200444
0.001913950007292442
0.0017883190012071282
0.0016143259999807924
0.001571562999743037
0.001608664999366738
0.0016510760033270344
0.0017704849888104945
0.001818928009015508
0.00181554100709036
0.0018303600081708282
0.0018647660035640001
0.0018933899991679937
0.001946682998095639
0.010407184992800467
0.010906953990343027
0.014418597987969406
0.013388642997597344
0.0020702799956779927
0.0016236829978879541
0.0016609150043223053
0.0017395260074408725
0.0016881970077520236
0.0015883559972280636
0.0015050160000100732
0.0015919230063445866
0.001541346005978994
0.0018042700103251263
0.001668067998252809
0.0015992870030459017
0.001567063998663798
0.001565811995533295
0.00159976800205186
0.0017147180042229593
0.0017499060049885884
0.0017309589893557131
0.0017159500130219385
0.0015599820035276935
0.0015801200061105192
0.001800501995603554
0.0022543530067196116
0.0017987789906328544
0.0020081300026504323
0.002939546000561677
0.008504677010932937
0.0034599749924382195
0.003632595995441079
0.0021457949915202335
0.0016195460048038512
0.0017760350019671023
0.002122960999258794
0.00157549099822063
0.0017761159979272634
0.0022088960104156286
0.001957193002454005
0.013686924998182803
0.015514019003603607
0.013266789013869129
0.013442616007523611
0.0152865519921761
0.013839316001394764
0.0137044379953295
0.0022337630070978776
0.0017135350062744692
0.01392412900167983
0.01394492998952046
0.008424404004472308
0.001765735010849312
0.012423502004821785
0.00880735799728427
0.0032321680046152323
0.002346017994568683
0.00162159999308642
0.008348939009010792
0.009462484013056383
0.002078345001791604
0.003460865991655737
0.002015274003497325
0.00967543300066609
0.01156850199913606
0.002113281996571459
0.013718916001380421
0.03142872400349006
0.014100797998253256
0.0018627419922268018
0.002108122003846802
0.022137859006761573
0.012726072003715672
0.0017686009960016236
0.0019239389948779717
0.008700161997694522
0.0032140929979505017
0.001780253995093517
0.00236484500055667
0.002016837999690324
0.0018779010133584961
0.0017106400046031922
0.0018764379929052666
0.0018127560033462942
0.0017296260048169643
0.0017174730019178241
0.0015624359948560596
0.0017300370091106743
0.0018418419931549579
0.0038322990003507584
0.0024222950014518574
0.0016395440034102648
0.0017139569972641766
0.0017508169985376298
0.001754323995555751
0.0017828080017352477
0.0017860349908005446
0.0018231959984404966
0.002075750002404675
0.0017560869891894981
0.001594738001585938
0.0016278620023513213
0.0015956499992171302
0.0015930249937810004
0.0017576610116520897
0.0016761639999458566
0.00231407699175179
0.0018726710113696754
0.0023668490030104294
0.0027873439976247028
1.6182006220333278e-05
0.0025201930111506954
0.001478024001698941
0.0013673619978362694
0.0017794419982237741
0.0021984149934723973
0.009932385000865906
1.738300488796085e-05
0.0024020459968596697
0.003115443993010558
0.0030993630061857402
0.0025304320006398484
0.004407001004437916
0.003430989003391005
1.614099892321974e-05
0.001977481006179005
1.28250103443861e-05
0.012914694991195574
0.002561301997047849
0.0017008819995680824
0.0020513429917627946
0.010825617995578796
0.006556723004905507
0.012539694987935945
0.0027430100017227232
1.688199699856341e-05
0.002573254008893855
0.00715192299685441
1.932699524331838e-05
0.0036377549986355007
0.002607880989671685
0.001959678003913723
0.010621566994814202
3.0548995709978044e-05
0.0027072110096924007
0.002485896009602584
0.0038593399949604645
0.00189604600018356
0.0027461660065455362
1.3787008356302977e-05
0.00316503900103271
0.002877627994166687
0.0037482570041902363
2.0799998310394585e-05
0.0016641909896861762
0.007212038995930925
0.0012584229989442974
0.0017730899999151006
0.002408136992016807
0.0029871370061300695
0.005009877000702545
0.0031621030066162348
0.012497193005401641
0.0016522379883099347
0.007591475994559005
0.002329687005840242
0.002490494996891357
0.003059326991206035
0.010482380006578751
2.472799678798765e-05
0.0023044889967422932
0.010417986995889805
0.002120225995895453
0.002200068993261084
0.0014851379964966327
0.0019361820013727993
0.001367553006275557
0.0088703289948171
0.0023456279886886477
0.0030285569955594838
0.01093559899891261
0.0026991159975295886
0.012330503988778219
2.1261002984829247e-05
0.010649560004821979
0.015623978004441597
1.953700848389417e-05
1.3004988431930542e-05
1.3665994629263878e-05
0.015278296006727032
0.003055178007343784
0.010334085003705695
0.008190976004698314
0.00183407700387761
0.002531553996959701
0.0014966799935791641
0.0018542449979577214
0.0018760079983621836
1.9055994926020503e-05
0.004398003002279438
1.720301224850118e-05
9.028008207678795e-06
0.010477470990736037
1.9847997464239597e-05
1.3716009561903775e-05
0.002502007002476603
0.001142449997132644
0.0027596220024861395
0.0017956130031961948
0.002192614003433846
0.002224364987341687
0.002566952010965906
1.7293001292273402e-05
0.0017623290041228756
1.2093005352653563e-05
0.003526291999150999
0.002769680999335833
1.9376995624043047e-05
0.013062236001132987
0.002328444999875501
0.002425782004138455
1.7523998394608498e-05
0.0033203560014953837
0.001956981999683194
0.00187189900316298
0.004359118000138551
0.014756545002455823
0.0037441790045704693
0.0026575360097922385
0.002041034007561393
1.8165010260418057e-05
0.0016760540020186454
0.0024414719955530018
0.0021859520056750625
0.0024294379982165992
1.9437007722444832e-05
0.0030218850006349385
0.0026255749980919063
1.3657001545652747e-05
0.0017505569994682446
0.002013300996623002
0.0025444489874644205
0.0025165249971905723
0.00146095099626109
0.0022149169963086024
0.003163846005918458
0.003976625012001023
0.0020324969955254346
1.2643999070860445e-05
0.002347471992834471
0.0024033079971559346
0.002764350996585563
0.001827094005420804
0.0014162360021146014
0.002139582997187972
0.0019527449912857264
0.0025121469952864572
0.010478481999598444
0.002171533997170627
0.002516043998184614
0.0018786720029311255
0.003205196000635624
0.0021837380045326427
0.0031477559969061986
0.0025211140018654987
2.327498805243522e-05
0.013843313994584605
0.0027052479999838397
0.010297175002051517
0.002290642005391419
0.002503540992620401
0.014026685996213928
0.0035007120022783056
0.0027155569987371564
0.0018224850064143538
0.0017959630058612674
0.001690983001026325
0.0020262049947632477
0.01122518400370609
0.0034617680066730827
0.0038282010063994676
0.0018434450030326843
0.0018897830013884231
0.0013955560134490952
1.7102996935136616e-05
0.0017586430039955303
0.005641135998303071
0.001521327008958906
0.0026015290059149265
0.0019699580006999895
0.00941404199693352
0.00267960800556466
0.002614833996631205
0.008145739004248753
0.0039001690020086244
0.0022296260140137747
0.011910989007446915
0.0021750209998572245
0.0023483320110244676
0.0030764789989916608
3.67800093954429e-05
0.004553191000013612
0.0023978079989319667
0.0024956150009529665
0.002579364998382516
1.4488003216683865e-05
0.002927604000433348
0.0016357669956050813
0.0018741730018518865
0.004551778009044938
1.7633996321819723e-05
0.00226536400441546
0.0025010760000441223
0.0031338289991253987
0.0018226249958388507
0.0036003440036438406
0.0028899010067107156
1.6933001461438835e-05
0.0020442500099306926
0.008229900995502248
0.0027943280001636595
0.003040259995032102
0.007225986002595164
0.005285114006255753
0.012256202011485584
0.004946444998495281
0.002809557001455687
0.003169837989844382
2.4626991944387555e-05
0.011643356003332883
1.9045997760258615e-05
0.002928485002485104
0.009014435010612942
0.0030132479878375307
0.003993346996139735
0.005421725989435799
0.0028149279969511554
0.011079574003815651
0.00807500300288666
0.0026689779915614054
0.0017476709908805788
1.3015000149607658e-05
0.0024838530080160126
0.0025367549969814718
0.0030833920027362183
0.0021921529987594113
0.007349403007538058
0.011013537994585931
0.013617310993140563
0.0022585810074815527
0.0021616849990095943
0.002557093001087196
0.01647299699834548
0.0019887230009771883
0.004570283999782987
0.013651496992679313
0.003899998002452776
0.010570067999651656
0.002606527996249497
0.0019039909966522828
0.0028038559976266697
0.0023350670089712366
0.0028483420028351247
0.008904033005819656
0.002580738000688143
0.012876479988335632
2.1059997379779816e-05
1.4157005352899432e-05
0.002495776003343053
0.0023838909983169287
0.0020542390120681375
0.0028226830036146566
0.0018016239919234067
0.014003781994688325
2.147100167348981e-05
0.002967901004012674
0.01034615900425706
0.002239043009467423
0.0015106070059118792
0.0021668550034519285
0.0024421729904133826
0.0019275259983260185
0.0031599590001860633
1.3997007044963539e-05
0.0028024130006087944
0.0031568129925290123
0.0021982350008329377
0.0021505430049728602
0.0037192919990047812
1.858599716797471e-05
0.0014344299997901544
0.00303947800421156
0.009800482002901845
0.0034531910059740767
0.003017976996488869
0.0018613190040923655
0.00161060800019186
0.0018370829930063337
0.003110463992925361
0.002618660990265198
0.002301412998349406
0.004541678994428366
0.0025849060039035976
0.0022528600093210116
0.0024696559994481504
0.002646725013619289
0.015160719995037653
0.0027377899968996644
0.015078362004715018
0.0027265879907645285
0.0025897760060615838
0.01612809600192122
0.0025417639990337193
0.0026293519913451746
1.463800435885787e-05
0.0037504409992834553
1.4076998922973871e-05
0.01027172600151971
0.004553912003757432
0.012550545987323858
2.619098813738674e-05
1.554000482428819e-05
0.004556828003842384
0.0022678879904560745
0.0017401770019205287
0.0028075629961676896
0.0019562909874366596
2.721200871746987e-05
0.0034541240020189434
0.002048187001491897
0.0018345779972150922
0.012806265003746375
0.010334537000744604
0.002702380996197462
0.001806895001209341
0.0025748470070539042
0.004341544990893453
0.002885273002902977
0.0025653790071373805
2.553900412749499e-05
0.002066571993054822
1.6763005987741053e-05
0.003156423001200892
0.0028142960072727874
0.007728269003564492
0.0019388469954719767
0.0015735470078652725
0.0017981779965339229
0.002914127995609306
0.00960952699824702
0.010221951000858098
0.00398680500802584
0.013476762003847398
0.011572199000511318
0.0020875129994237795
1.6281002899631858e-05
0.002481388990418054
0.0021539909939747304
0.001747340997098945
0.004776139001478441
0.002385444997344166
0.009225289992173202
2.2141990484669805e-05
0.002276425002492033
0.0032826539973029867
0.0013385269994614646
0.002051503994152881
0.005651918007060885
0.002740755007835105
0.0026215669931843877
0.0019547190022422
0.0019396389980101958
0.0021615839941659942
0.012774645001627505
0.0017558270046720281
0.002763518990832381
0.0032098349911393598
0.002204748001531698
0.012860860995715484
0.004627082002116367
0.0025011060060933232
0.016696856007911265
0.021732080989750102
0.0061918529972899705
0.005270225999993272
0.006448604995966889
0.0054861889948369935
0.005617942995741032
0.006369442999130115
0.00578231799590867
0.005782146996352822
0.0059456909948494285
0.006176192997372709
0.005831652000779286
0.00545398800750263
0.006312334007816389
0.005493133008712903
0.005684799994924106
0.005197206002776511
0.006107480003265664
0.005771876996732317
0.005462995002744719
0.006130815003416501
0.005607241997495294
0.0060770630079787225
0.005356040011974983
0.005392850987846032
0.0051379119977355
0.005640855990350246
0.005138542997883633
0.005358694994356483
0.008445414001471363
0.007887433996074833
0.019886631998815574
0.006457220995798707
0.006860234003397636
0.015000202998635359
0.01568044700252358
0.017002131004119292
0.017417598006431945
0.016492023001774214
0.019082569997408427
0.019240112000261433
0.018805840009008534
0.0199205270037055
0.021964717001537792
0.011160840003867634
0.008318119987961836
0.008252143001300283
0.008342005996382795
0.007870942004956305
0.008306105999508873
0.008178071002475917
0.008354048011824489
0.008212076994823292
0.008216354995965958
0.00789766400703229
0.008044015004998073
0.007997726002940908
0.007974681997438893
0.008017252999707125
0.008088108996162191
0.0076224250078666955
0.00803625000116881
0.00773163499252405
0.008015448998776264
0.007630300999153405
0.016440153995063156
0.011321789002977312
0.0104992919950746
0.010496536997379735
0.01029008100158535
0.010344235008233227
0.010716189004597254
0.010300401001586579
0.01095078801154159
0.010543517011683434
0.00959402701118961
0.009775583996088244
0.009201062988722697
0.009769673008122481
0.009554169999319129
0.009479316009674221
0.00967054300417658
0.00950667800498195
0.009426104996236973
0.00954727700445801
0.009260537000955082
0.009165846000541933
0.009516007005004212
0.010030171994003467
0.009607793006580323
0.00995845599391032
0.010135624994290993
0.010148450004635379
0.005602532997727394
0.00988405199314002
0.009996549008064903
0.00998286200047005
0.009526277004624717
0.009983964002458379
0.00985008801217191
0.010128000998520292
0.009949448009137996
0.010130916009075008
0.010018319997470826
0.007083813005010597
0.006862688998808153
0.005519704005564563
0.004834109990042634
0.005062587006250396
0.0055946070060599595
0.006511956991744228
0.010141516002477147
0.018467060988768935
0.005839197008754127
0.005601610988378525
0.0062830670067342
0.0057627499918453395
0.005633150998619385
0.005757780003477819
0.005557196011068299
0.005676183995092288
0.005377270994358696
0.006109344991273247
0.005642639007419348
0.00798528098675888
0.008132243005093187
0.008052801000303589
0.007694864005316049
0.005784302004030906
0.004880227992543951
0.005288300002575852
0.005360177994589321
0.005261348997009918
0.005267088999971747
0.005211613999563269
0.0052496459975373
0.005409432997112162
0.005620046998956241
0.00562027700652834
0.005890985004953109
0.005819598998641595
0.01307169400388375
0.002328826012671925
0.0022418190055759624
0.0022351360094035044
0.002203334996011108
0.002248100994620472
0.002313556004082784
0.002300319989444688
0.0022238240053411573
0.00217129300290253
0.0021422879945021123
0.0023326419905060902
0.002259642002172768
0.0021175900037633255
0.002052374999038875
0.0021079819998703897
0.0022255469957599416
0.0021049260103609413
0.002195599998231046
0.0022918649920029566
0.002033649987424724
0.00218684300489258
0.0024245990061899647
0.0024784120032563806
0.002483502001268789
0.0026388400001451373
0.002557133004302159
0.002585387002909556
0.0024078570131678134
0.002211620012531057
0.0024130370002239943
0.002594935998786241
0.0025226279976777732
0.002222472001449205
0.002252638994832523
0.0023409590066876262
0.002167165992432274
0.002241157999378629
0.0022486310044769198
0.0022224919957807288
0.002208785997936502
0.0022488020040327683
0.0022331819927785546
0.0018323130061617121
0.0020079499954590574
0.0018201899947598577
0.0019226970034651458
0.0018170839903177693
0.0019150519947288558
0.0020757799939019606
0.0018726209964370355
0.00195078099204693
0.0019968989945482463
0.0018595560104586184
0.0019175570050720125
0.0020159359992248937
0.0020475060009630397
0.0020215959957567975
0.002089405999868177
0.002210378006566316
0.002143129997421056
0.001896025991300121
0.0018482039886293933
0.001917617002618499
0.0021492609957931563
0.0022585810074815527
0.0021042849984951317
0.002013321005506441
0.002200649003498256
0.0021739790099672973
0.002097552001941949
0.0019336880068294704
0.0019548290001694113
0.00217726499249693
0.0022489219991257414
0.002058897996903397
0.002031515003181994
0.0020058770023752004
0.0022297959949355572
0.0021779560047434643
0.002155292997485958
0.0021549719967879355
0.0021875839884160087
0.0021859510015929118
0.002210357997682877
0.004277020998415537
0.0046933689882280305
0.004323619999922812
0.004386710992548615
0.004206345998682082
0.004373777002911083
0.004236513006617315
0.004204371987725608
0.004343348991824314
0.004376330995000899
0.004764736004290171
0.004148314998019487
0.004272773003322072
0.004496972993365489
0.004875958999036811
0.004590072014252655
0.004510187995037995
0.00447512099344749
0.00418942300893832
0.004428511005244218
0.004225451993988827
0.004309672993258573
0.003983768998296
0.004107455999474041
0.0045194359991000965
0.004014187012217008
0.004317318001994863
0.004197289003059268
0.009962632990209386
0.010068296003737487
0.009578727011103183
0.010298716995748691
0.010144482002942823
0.010098352999193594
0.009774651989573613
0.00990444200579077
0.010120485996594653
0.010264501994242892
0.010037657004431821
0.009904200996970758
0.010027046999312006
0.010046744995634072
0.010107701004017144
0.009850257003563456
0.010095438003190793
0.009741800007759593
0.010205778991803527
0.009854376010480337
0.010189538006670773
0.009746298004756682
0.009949038008926436
0.010051132994703948
0.009876979005639441
0.010126688008313067
0.010049961012555286
0.009955439003533684
0.01001334999455139
0.010225355988950469
0.01033182100218255
0.0102418390015373
0.01005137400352396
0.009571463000611402
0.01010594800754916
0.01011022699822206
0.010383951012045145
0.010169661007239483
0.010111518000485376
0.010136527009308338
0.010027518001152202
0.009937655995599926
0.009770033997483552
0.010133281000889838
0.009785312999156304
0.010241027004667558
0.010084857000038028
0.010355737002100796
0.009538960992358625
0.010013831008109264
0.01015154599735979
0.009603294005501084
0.010008381010266021
0.009962133000954054
0.00991526199504733
0.010093553995830007
0.010481457997229882
0.009840919999987818
0.009778920997632667
0.010133019997738302
0.010095117992023006
0.009786315000383183
0.010292174993082881
0.009792126002139412
0.009932975997799076
0.010151014997973107
0.00958035999792628
0.010108892995049246
0.010110045986948535
0.010033668993855827
0.009875998002826236
0.010149510999326594
0.010152125993045047
0.009835971010033973
0.010095477002323605
0.009860958001809195
0.00976487399020698
0.009993924002628773
0.009739996006828733
0.009659211005782709
0.010150734000490047
0.009979896000004373
0.010158788994885981
0.010073235011077486
0.010125215005245991
0.009783730012713932
0.010017238004365936
0.010174388997256756
0.010249895000015385
0.010555560002103448
0.009793969002203085
0.009833725998760201
0.009592402988346294
0.009732652004458942
0.009103595992201008
0.009109697988606058
0.009110448998399079
0.009845788998063654
0.010051913995994255
0.009752559999469668
0.010106708999956027
0.010103373002493754
0.009992710998631082
0.009364015990286134
0.00945124299323652
0.009427636992768385
0.009947063008439727
0.010073675992316566
0.009431704005692154
0.00942161600687541
0.0099812389962608
0.009588214990799315
0.00995346599665936
0.009310412002378143
0.009271678005461581
0.009672186002717353
0.009453195991227403
0.009833654999965802
0.009627460996853188
0.009534541997709312
0.009072496002772823
0.009503292007138953
0.009231201009242795
0.009040716002346016
0.00898942700587213
0.008712867012945935
0.00940606600488536
0.009208346993546002
0.0037456319987541065
0.0034782299917424098
0.003356075001647696
0.003291209999588318
0.003326348989503458
0.0034884289925685152
0.0031861500028753653
0.0033504549937788397
0.003186190006090328
0.0033685489906929433
0.0031993739976314828
0.003280310003901832
0.0032435889879707247
0.0032705110061215237
0.0032398019975516945
0.0031874519918346778
0.0032719839946366847
0.003246955995564349
0.0034219509980175644
0.0031925619987305254
0.0032134420034708455
0.0031291999912355095
0.003272104004281573
0.0034827180061256513
0.003236185002606362
0.0031130090064834803
0.003316539994557388
0.0033421389962313697
0.005079961003502831
0.00829442500253208
0.006727590996888466
0.0086348570039263
0.008920594991650432
0.0059682640130631626
0.008688329995493405
0.004810002996237017
0.010697172008804046
0.012585742995725013
0.010959403996821493
0.012018586014164612
0.00923063899972476
0.006716268006130122
0.0049320270045427606
0.010174519004067406
0.010457933007273823
0.010797353999805637
0.0007701870054006577
0.009660854004323483
0.0006461189914261922
0.01119233098870609
0.009395886998390779
0.012845101009588689
0.0049518250016262755
0.008048513001995161
0.010610675002681091
0.012093158991774544
0.00662323999858927
0.010748419997980818
0.008933099001296796
0.0077212350006448105
0.008870628997101448
0.013586822999059223
0.002239124005427584
0.014530671993270516
0.009687165002105758
0.008701635990291834
0.011145982003654353
0.006281494002905674
0.007641762989806011
0.0005794110038550571
0.007824693995644338
0.014487339009065181
0.010737139004049823
0.010674357996322215
0.005197716993279755
0.003997004998382181
0.004392151997308247
0.01048041599278804
0.010278668996761553
0.010485737002454698
0.0021987859945511445
0.015702609991421923
0.01376383200113196
0.005446733994176611
0.003522885002894327
0.003745331006939523
0.014583133000996895
0.011727667995728552
0.007181360007962212
0.01371798399486579
0.013846260000718758
0.011427382007241249
0.004463518998818472
0.009538670012261719
0.004073401010828093
0.015326617998653091
0.011642254001344554
0.012224841004353948
0.0004972540045855567
0.004718608004623093
0.005751177988713607
0.0021196949965087697
0.010873249993892387
0.014935047991457395
0.007862195008783601
0.006016526996972971
0.008776048009167425
0.009927936000167392
0.006449146007071249
0.004706834995886311
0.009010387002490461
0.010468193009728566
0.002421804005280137
0.007703501993091777
0.010153429000638425
0.0031996449979487807
0.004918460996123031
0.010767075989861041
0.012963938002940267
0.008841843999107368
0.010680469989893027
0.008573650004109368
0.01754619499843102
0.0005211700045038015
0.012503645994002
0.00874721301079262
0.0021582289919024333
0.008405407003010623
0.008845721007674001
0.005708124997909181
0.008412130002398044
0.0059497990005183965
0.010036995998234488
0.0031782139994902536
0.0037547800020547584
0.013647799991304055
0.00967896899965126
0.0031902670016279444
0.012274537002667785
0.0074571689910953864
0.005764353001723066
0.004530817997874692
0.008341905995621346
0.0052125749934930354
0.009035414987010881
0.002655271004186943
0.009694750013295561
0.010535751993302256
0.0035394370061112568
0.00324206700315699
0.010060391010483727
0.0035914369946112856
0.015288605995010585
0.00497705300222151
0.004917600002954714
0.01444789400557056
0.009485568996751681
0.009644624005886726
0.008417481003561988
0.00959570899431128
0.009534102006000467
0.008886038005584851
0.01141886600817088
0.020479079001233913
0.0061889159987913445
0.008998785007861443
0.008970020004198886
0.01028838800266385
0.00973058798990678
0.018445959998643957
0.009571073009283282
0.007710634992690757
0.013642670004628599
0.00456950199441053
0.0058755359932547435
0.008178752003004774
0.011226336006075144
0.01869691099273041
0.009763951995410025
0.01735048901173286
0.0094800579972798
0.004225441996823065
0.0004598119994625449
0.011086557002272457
0.005979064997518435
0.013814268007990904
0.008675764998770319
0.0025338289997307584
0.009466061004786752
0.008637412000098266
0.016997451995848678
0.008921165994252078
0.016563119992497377
0.010051905002910644
0.010212752007646486
0.016787298998679034
0.015386433005915023
0.009192926998366602
0.01070198099478148
0.005189540999708697
0.010275142005411908
0.003972065998823382
0.010844675009138882
0.009534080993034877
0.00769994399161078
0.011402653995901346
0.009776595994480886
0.005167298993910663
0.003754999997909181
0.010213223999016918
0.008936665995861404
0.004458298004465178
0.005695971995010041
0.007511813993914984
0.010205047990893945
0.01137391899828799
0.009732691993121989
0.009950660009053536
0.004890016993158497
0.000737925001885742
0.004484839999349788
0.003394389001186937
0.009551795010338537
0.0007365319906966761
0.009153231003438123
0.007691809005336836
0.010507678001886234
0.009653731001890264
0.007727847987553105
0.008899894994101487
0.002443895995384082
0.020180615989374928
0.006751697001163848
0.006808866004575975
0.0023298669984797016
0.008874847000697628
0.01784329400106799
0.013712222993490286
0.0045469180040527135
0.002154781002900563
0.005388923003920354
0.010636885999701917
0.002534459999878891
2.4416003725491464e-05
0.017174362001242116
0.004148494990658946
0.007812299998477101
0.005550362999201752
0.00737688499793876
0.008948207992943935
0.007568553002784029
0.01734744300483726
0.014108532996033318
0.010724503998062573
0.005019185002311133
0.008872121994500048
0.004516019005677663
0.005049942992627621
0.008539214002666995
0.009284122992539778
0.01185002300189808
0.0048072770005092025
0.006932121992576867
0.009006168998894282
0.009979705995647237
0.016014728011214174
0.0021965210034977645
0.019986173007055186
0.009486189999734052
0.0021108279906911775
0.002180149997002445
0.004204673008644022
0.0077950669947313145
0.015592478011967614
0.003902433003531769
0.013227803996414877
0.0005975759995635599
0.014001406991155818
0.005081543989945203
0.004413161994307302
0.008155357994837686
0.0004756220005219802
0.010311673002433963
0.005848624990903772
0.004714659997262061
0.016410295997047797
0.004533122002612799
0.003463601999101229
0.008982935003587045
0.015063504004501738
0.009227272996213287
0.008351011987542734
0.007836184988263994
0.009604846985894255
0.009370767991640605
0.0022890289983479306
0.01618358099949546
0.014221127989003435
0.015994248999049887
0.012608025994268246
0.004034856989164837
0.005408570999861695
0.015002676998847164
0.007232226998894475
0.005210171002545394
0.008506850994308479
0.00877107800624799
0.00947297400853131
0.009250187998986803
0.01075651501014363
0.010863370000151917
0.0056649220059625804
0.005377991998102516
0.009233104006852955
0.011427963007008657
0.013098605995764956
0.009778249004739337
0.0075756959995487705
0.009438517998205498
0.010358892992371693
0.00693337399570737
0.013714147004066035
0.016050206002546474
0.018067894998239353
0.014453764000791125
0.008614327001851052
0.01058204099535942
0.000736561996745877
0.0004538509965641424
0.002463444005115889
0.021088125999085605
0.004662851002649404
0.0033153270051116124
0.008722305006813258
0.010289028999977745
0.0046607469994341955
0.010610194993205369
0.00589657700038515
0.009664369994425215
0.008848786994349211
0.0057783299998845905
0.008573518993216567
0.0004854809958487749
0.0004542009992292151
0.006165722996229306
0.004048243004945107
0.014623980998294428
0.009213958008331247
0.004117074000532739
0.007487146998755634
0.009322546000475995
0.00913754099747166
0.013145746997906826
0.010556691995589063
0.013324660001671873
0.0005186640046304092
0.01102704399090726
0.011373547997209243
0.011026862994185649
0.014646213996456936
0.005051195010310039
0.009990065998863429
0.0033763640094548464
0.0023973470088094473
0.00737912900513038
0.008943819993874058
0.006787224003346637
0.01500415000191424
0.009827164001762867
0.010944576002657413
0.016664344002492726
0.00875218299916014
0.009971780003979802
0.007793664000928402
0.017875256002298556
0.006226669007446617
0.01099710700509604
0.02072087199485395
0.009571954011335038
0.009910974011290818
0.013180584006477147
0.009553938987664878
0.007253067000419833
0.004531207989202812
0.016671928999130614
0.005752299999585375
0.0052529919921653345
0.009884754006634466
0.010381205996964127
0.005941233001067303
0.011521200998686254
0.0106188520003343
0.008299784996779636
0.0033417879894841462
0.009171995989163406
0.009264624008210376
0.013680973002919927
0.0007117049972293898
0.007219504012027755
0.005825740998261608
0.0081209819909418
0.010142246988834813
0.0033244640071643516
0.015834092002478428
0.0034875479905167595
0.01049020400387235
0.00934165199578274
0.006334246005280875
0.0006764270074199885
0.010051432996988297
0.004977894990588538
0.0021455440000863746
0.008752091991482303
0.006113202005508356
0.008676176003064029
0.006024521993822418
0.004613585988408886
0.011858739002491347
0.0022138150088721886
0.0030054929957259446
0.002064468993921764
0.00517181699979119
0.007014831004198641
0.00930133499787189
0.009942314005456865
0.005807485998957418
0.012480811987188645
0.01443383700097911
0.015746684002806433
0.00937138900917489
0.006990082998527214
0.008352546006790362
0.00760720600374043
0.006765012003597803
0.0023410089925164357
0.00879353100026492
0.008708439010661095
0.012603366005350836
0.01197033301286865
0.009669521998148412
0.008321455999976024
0.015818692991160788
0.00860033099888824
0.014290521998191252
0.03159488199162297
0.006206712001585402
0.01065083299181424
0.010190900007728487
0.01119972500600852
0.009781204993487336
0.011567430003196932
0.009374615998240188
0.01094893399567809
0.010070150005049072
0.009926523998728953
0.011676980007905513
0.00948850400163792
0.011425629010773264
0.009554789998219348
0.009668118000263348
0.0108098280034028
0.014775511997868307
0.014547645012498833
0.014944274997105822
0.014740525002707727
0.004075814998941496
0.0037052139959996566
0.00377996799943503
0.0037370649952208623
0.007999238994671032
0.008687358000315726
0.008574880994274281
0.007877415002440102
0.012223719008034095
0.010328504999051802
0.011774988990509883
0.009979775990359485
0.011966535996180028
0.010874241997953504
0.011955905007198453
0.01019619099679403
0.011455325002316386
0.010426421999000013
0.011761362999095581
0.010699395992560312
0.012135950004449114
0.01080844500393141
0.011903634993359447
0.010394972006906755
0.012278213005629368
0.010469043991179205
0.011772682992159389
0.01190707199566532
0.012837675007176585
0.011472889003925957
0.01301379399956204
0.012884665993624367
0.01285342600021977
0.012385498994262889
0.012162080995040014
0.01206366099359002
0.012415246004820801
0.011722366994945332
0.011832008007331751
0.012155707998317666
0.013096561990096234
0.011994257991318591
0.011992665997240692
0.012843116986914538
0.012952356002642773
0.012153453004430048
0.009929649997502565
0.012061387009453028
0.010883367998758331
0.012178001998108812
0.01216432498767972
0.012138826001319103
0.010581099006230943
0.011818282000604086
0.010620254004606977
0.012600061003468
0.01103075098944828
0.012142332008806989
0.010334286009310745
0.012601333000930026
0.01090328699501697
0.01215034699998796
0.01198243600083515
0.013675602996954694
0.012067178991856053
0.010775431990623474
0.011761621994082816
0.013870306007447653
0.012398374004988
0.01071467500878498
0.011834010991151445
0.013887108012568206
0.011830213989014737
0.011066159000620246
0.01186910799879115
0.013852051997673698
0.011928462001378648
0.010969563998514786
0.011568001005798578
0.011850964001496322
0.011346986997523345
0.010926440998446196
0.010916302009718493
0.010562752999248914
0.01090331700106617
0.010791723005240783
0.010672734002582729
0.011232969001866877
0.01136009200126864
0.011506242997711524
0.01158628601115197
0.011402694988646545
0.01554346400371287
0.015441388997714967
0.015183754003373906
0.004658421996282414
0.004334622004535049
0.004256371001247317
0.008235101005993783
0.008507873993949033
0.008650107003632002
0.01221414000610821
0.010606889001792297
0.011658493996947072
0.009840198996243998
0.011613477996434085
0.010894018996623345
0.01228460599668324
0.010782104000099935
0.012409966002451256
0.010886204006965272
0.011718089997884817
0.010589233992504887
0.011611534995608963
0.010348152994993143
0.011867123990668915
0.014261376010836102
0.012711072995443828
0.011815025005489588
0.01207210800203029
0.012585222008056007
0.01302445400506258
0.011775379010941833
0.011488708987599239
0.012716854005702771
0.012843478005379438
0.012239830000908114
0.011605913998209871
0.012387321999995038
0.012497914998675697
0.01563625200651586
0.012121713007218204
0.01102689300023485
0.013293478987179697
0.011239542000112124
0.011550337992957793
0.010194787988439202
0.012496430994360708
0.010634873004164547
0.011427100995206274
0.010170691995881498
0.012623585003893822
0.01117008799337782
0.01205655800004024
0.011938010997255333
0.01361315201211255
0.01243872100894805
0.01124884899763856
0.011595914998906665
0.013773240003501996
0.012317247994360514
0.011142675997689366
0.011992706000455655
0.013907415996072814
0.011978840004303493
0.010963352004182525
0.011534397010109387
0.00998118800634984
0.011504048001370393
0.00984206100110896
0.011137856999994256
0.009677466005086899
0.009854585994617082
0.011268146990914829
0.009934349000104703
0.011390090003260411
0.010006817989051342
0.009913950008922257
0.010933925994322635
0.011134219996165484
0.011483858994324692
0.011592718990868889
0.011339763994328678
0.011592637994908728
0.011396381989470683
0.011437720997491851
0.011442611008533277
0.010744872997747734
0.011411371000576764
0.011574814998311922
0.01141389599069953
0.01554024800134357
0.015384359008749016
0.004484238990698941
0.004049323993967846
0.011787112001911737
0.010539579001488164
0.011586487002205104
0.010105276989634149
0.011924385005841032
0.010719493991928175
0.011815466001280583
0.010368030008976348
0.012194171998999082
0.010640483000315726
0.011774226994020864
0.012231544009409845
0.01288921499508433
0.012249388004420325
0.01176066100015305
0.012571094004670158
0.013794671001960523
0.012450883994461037
0.011559776001377031
0.012431366994860582
0.012697607002337463
0.012009527999907732
0.01075177600432653
0.012106984999263659
0.010800710006151348
0.012373496007057838
0.010751064997748472
0.012583828996866941
0.011420338996686041
0.012442206993000582
0.011759157991036773
0.02093799799331464
0.011950935993809253
0.010069557989481837
0.010973120995913632
0.013553999000578187
0.01190390600822866
0.010480716999154538
0.010656162994564511
0.009222594002494588
0.011444033996667713
0.009826661989791319
0.009577914999681525
0.011625561004620977
0.010133862000657246
0.01132659800350666
0.009567455010255799
0.009366769998450764
0.010983750995364971
0.014829835999989882
0.011411910993047059
0.010640483000315726
0.011044507991755381
0.011056089992052875
0.010838501999387518
0.010971167008392513
0.011423745003412478
0.010900471999775618
0.011442579998401925
0.011437841996666975
0.004670745998737402
0.011921188997803256
0.010340156994061545
0.011138437999761663
0.010377147002145648
0.01213981700129807
0.010915491002378985
0.01193961400713306
0.012777149997418746
0.012800313998013735
0.012128436006605625
0.011750871999538504
0.01260519000061322
0.012865127995610237
0.011979239992797375
0.01014464300533291
0.012745568994432688
0.01062364099198021
0.01154650999524165
0.011203001005924307
0.013774582999758422
0.012993102995096706
0.010770863009383902
0.011606795000261627
0.009587884007487446
0.010058986998046748
0.010934125995845534
0.009786876005819067
0.011440397007390857
0.009942043994669802
0.010086220005177893
0.011253078002482653
0.011520830987137742
0.01134052500128746
0.011153776998980902
0.01161365900770761
0.011372435998055153
0.01153476799663622
0.011397363996366039
0.010998919999110512
0.008419353995122947
0.008735940995393321
0.012229750005644746
0.010743300008471124
0.011912591988220811
0.012237916002050042
0.01264373400772456
0.01226900500478223
0.001090821999241598
0.0008759600023040548
0.0008601389999967068
0.0008840750087983906
0.0008716209995327517
0.0008606600022176281
0.009819307990255766
0.011429535006755032
0.009809719995246269
0.011375342000974342
0.009846489992924035
0.010049087999504991
0.011185797993675806
0.008402510997257195
0.01088956100284122
0.009583947001374327
0.010880222005653195
0.00957727400236763
0.009739094006363302
0.011054426999180578
0.010768647989607416
0.010723903003963642
0.011512594996020198
0.011140151007566601
0.011267775989836082
0.01108764999662526
0.010128460999112576
0.009908259002259001
0.011668553997878917
0.011529347000760026
0.011408756006858312
0.011336417999700643
0.010040351990028284
0.011475263003376313
0.011467087009805255
0.0070040599966887385
0.011441720009315759
0.0055665940017206594
0.010911873003351502
0.0012124049972044304
0.018529530003434047
0.018201330996816978
0.014038527995580807
0.012199992997921072
0.012597634995472617
0.002454266999848187
0.012435394004569389
0.01490435800224077
0.011585444997763261
0.011211959004867822
0.00960162100091111
0.011614750997978263
0.021730817999923602
0.01202985699637793
0.008614076999947429
0.004828618999454193
0.028678069007582963
0.003715343991643749
0.013958544994238764
0.003965083000366576
0.011789486001362093
0.012075874998117797
0.00390444700315129
0.01865572200040333
0.0016081229987321422
0.011544676002813503
0.01515228400239721
0.009024252998642623
0.002418798001599498
0.0035529730084817857
0.0015581670013489202
0.010042345995316282
0.011114261011243798
0.015977888004272245
0.009869965011603199
0.001690721997874789
0.003483159001916647
0.011992204003036022
0.011457209009677172
0.01036070600093808
0.015848328999709338
0.009868822991847992
0.015781641006469727
0.007552903000032529
0.004713408008683473
0.011734158993931487
0.016675785009283572
0.004277220999938436
0.020107806005398743
0.0021054170065326616
0.017601840998395346
0.011416540990467183
0.010192292989813723
0.01663782200193964
0.012079821986844763
0.02947315399069339
0.015318051999201998
0.012007194003672339
0.016343568000593223
0.010669167997548357
0.010785651000333019
0.011013627998181619
0.008408813999267295
0.015016493009170517
0.015239821004797705
0.01330330800556112
0.011837227997602895
0.012378355007967912
0.004814611005713232
0.010977849990013056
0.0012646239920286462
0.0015501120069529861
0.00879180799529422
0.012412640993716195
0.03038929999456741
0.01058102899696678
0.007575326002552174
0.014739061007276177
0.014363160997163504
0.01265536600840278
0.0052664979884866625
0.014938633990823291
0.004014317004475743
0.0031920400069793686
0.005564129009144381
0.009489054995356128
0.0136116000066977
0.004050056013511494
0.01146657699428033
0.012679913997999392
0.012131722003687173
0.012738826000713743
0.004329061004682444
0.010697101010009646
0.012541798991151154
0.011476596002466977
0.013844927991158329
0.015183794996119104
0.009202044995618053
0.011752114005503245
0.01118627900723368
0.011353800990036689
0.0024167340015992522
0.003419246000703424
0.01036621700040996
0.019835954997688532
0.008740218996535987
0.0038942669925745577
0.011612496004090644
0.004868476011324674
0.005080733011709526
0.012401710002450272
0.00230007000209298
0.008848826997564174
0.014545609999913722
0.016625838994514197
0.029023661991232075
0.00400668200745713
0.013589356996817514
0.013256658989121206
0.014488159999018535
0.014220768003724515
0.013787175994366407
0.013094166992232203
0.002399279997916892
0.0031062970083439723
0.009183329006191343
0.012639786000363529
0.014473281989921816
0.004333308999775909
0.002099214994814247
0.01976563999778591
0.00722988200141117
0.012592946004588157
0.00977002400031779
0.0024043499870458618
0.013026428001467139
0.007754639009363018
0.02065135899465531
0.0047979600058170035
0.0036014359939144924
0.011489431009977125
0.002270122990012169
0.01445340400096029
0.01193647799664177
0.00859919899085071
0.0018360300018684939
0.01492420700378716
0.014486366999335587
0.01211582199903205
0.0017128050094470382
0.010562794006546028
0.003394749990548007
0.020844970000325702
0.013940830991487019
0.005823785992106423
0.019932880997657776
0.013693647008039989
0.0023361399944406003
0.014702371001476422
0.006561090005561709
0.012896729007479735
0.011670767999021336
0.020159234991297126
0.008836644003167748
0.002295782003784552
0.005417317996034399
0.003924474003724754
0.018739691993687302
0.013458717003231868
0.012785685990820639
0.015013789001386613
0.010636215010890737
0.012210253000375815
0.015984469995601103
0.0075569599866867065
0.013733373998547904
0.023629048009752296
0.011633296991931275
0.006786172001739033
0.011472047001007013
0.001808817993151024
0.0122850159968948
0.010052805999293923
0.010904458991717547
0.015101707002031617
0.014222300989786163
0.014040522000868805
0.005239927995717153
0.010601336995023303
0.004441886994754896
0.004314001998864114
0.0014049029996385798
0.008289856006740592
0.0020958579989382997
0.01293388100748416
0.008916125996620394
0.014394450990948826
0.014946009003324434
0.008014477003598586
0.016188551002414897
0.014985184010583907
0.019026592999580316
0.010744963001343422
0.0057323710061609745
0.011607987995375879
0.0017070030007744208
0.01135005299875047
0.012193511007353663
0.011899657009053044
0.01336715099751018
0.0050751109956763685
0.013921003002906218
0.005183019005926326
0.011393435997888446
0.0128495179960737
0.006234764994587749
0.0040903140034060925
0.011303223989671096
0.004188941995380446
0.01292953199299518
0.011834281001938507
0.0038099649973446503
0.001348476012935862
0.012949479991220869
0.009567004002747126
0.012836804002290592
0.005749735006247647
0.011839020997285843
0.0101876650005579
0.015169776990660466
0.005102212991914712
0.012473797993152402
0.01515143299184274
0.006504261007648893
0.009983623996959068
0.013861548999557272
0.013216673003626056
0.01540420699166134
0.0038339309976436198
0.012537210001028143
0.014324706993647851
0.009486169001320377
0.02891629599616863
0.004625679008313455
0.0109695040009683
0.008760227006860077
0.006314558006124571
0.019618487000116147
0.011266974004684016
0.00506172601308208
0.014973470999393612
0.012392211996484548
0.00970875599887222
0.015236104998621158
0.01310205199115444
0.012282381008844823
0.01236467799753882
0.01602335399365984
0.01218667700595688
0.00182725400372874
0.015646521002054214
0.012375940001220442
0.02922123100142926
0.0088658500026213
0.018107199008227326
0.00782122700184118
0.0101254239998525
0.007569684006739408
0.003746493996004574
0.0100108460028423
0.012427669003955089
0.01646280600107275
0.014211770001566038
0.01378219699836336
0.014261685995734297
0.00860018000821583
0.0012934800033690408
0.009599286990123801
0.011807300004875287
0.019711436005309224
0.015032805007649586
0.004852655009017326
0.008330112003022805
0.01503398698696401
0.0073564159974921495
0.013083077006740496
0.007352767992415465
0.01200674200663343
0.0016663749993313104
0.011728899989975616
0.014917804001015611
0.01167892399826087
0.008712164999451488
0.018837130002793856
0.013206443007220514
0.008536878987797536
0.015094863003469072
0.015536421007709578
0.016550173997529782
0.016439583007013425
0.002013870995142497
0.00903940200805664
0.011698401009198278
0.013409642007900402
0.008585984003730118
0.010387407994130626
0.01218234900443349
0.014018901012605056
0.008861901995260268
0.009486911003477871
0.011122878000605851
0.002193025007727556
0.0037356429966166615
0.0038097850047051907
0.004117015007068403
0.01459374300611671
0.006664007989456877
0.014709825001773424
0.004172108994680457
0.009629284002585337
0.011542352003743872
0.00935971700528171
0.010416834003990516
0.010565809003310278
0.002215918997535482
0.015342287995736115
0.013874503987608477
0.013622019003378227
0.008595873005106114
0.014446911998675205
0.009433337996597402
0.01626170100644231
0.011697809997713193
0.020178602004307322
0.010871165010030381
0.009034403003170155
0.01483945400104858
0.013606549997348338
0.010063656998681836
0.0053021269995952025
0.0015777149965288118
0.0018142889894079417
0.014514561000396498
0.0023096590011846274
0.009819908998906612
0.012694410994299687
0.016438159000244923
0.019610823001130484