0.01679054499254562
0.016436766993138008
0.016250129003310576
0.01334390600095503
0.011465335002867505
0.011552672003745101
0.011213040997972712
0.011788975010858849
0.011501644010422751
0.012158694007666782
0.013087464991258457
0.012380419007968158
0.013676674992893822
0.017114606001996435
0.01575547999527771
0.011692319007124752
0.01134070599800907
0.012063471003784798
0.012163313003838994
0.012142132996814325
0.011870690999785438
0.011843348998809233
0.011894287003087811
0.0122431060008239
0.014852419000817463
0.013385886995820329
0.01296838599955663
0.01371752300474327
0.013660773998708464
0.01301191899983678
0.012836964000598527
0.013537106991861947
0.013928397005656734
0.013390706008067355
0.013477562999469228
0.012641509994864464
0.01256345999718178
0.012293202002183534
0.011623607002547942
0.01213698199717328
0.012252383006853051
0.01273358600155916
0.015042614002595656
0.01524157500534784
0.016025368007831275
0.013431815008516423
0.012057298998115584
0.012299244001042098
0.017606189008802176
0.017304551001871005
0.017876878002425656
0.015998535993276164
0.01878650300204754
0.020024174998980016
0.01793220500985626
0.017015315999742597
0.01713795198884327
0.01671874799649231
0.016848084997036494
0.01125502098875586
0.011912942005437799
0.011968990002060309
0.012202578000142239
0.012306666991207749
0.012650226010009646
0.011736364001990296
0.012163733001216315
0.01283905899617821
0.011725012998795137
0.012340421992121264
0.012131611991208047
0.011869850000948645
0.012027101998683065
0.012930933997267857
0.012461815000278875
0.012297640001634136
0.013209508004365489
0.013290413990034722
0.013788798998575658
0.014044729992747307
0.014517165996949188
0.015911078997305594
0.014952290002838708
0.015316338001866825
0.01552587999321986
0.016087075986433774
0.015390040003694594
0.019549696007743478
0.01673911599209532
0.014488552013062872
0.017051825998350978
0.019142724995617755
0.019712648005224764
0.020777009005541913
0.005453766993014142
0.005334799992851913
0.0051158799906261265
0.004155396993155591
0.005385166004998609
0.023332048003794625
0.029099677005433477
0.03579066600650549
0.044325151000521146
0.03141967600095086
0.03513299601036124
0.036044933993252926
0.033542264995048754
0.03683883699704893
0.0031126690009841695
0.002566790994023904
0.0025930429983418435
0.0027452130016172305
0.004898381987004541
0.0036275250022299588
0.005044702993473038
0.015097338997293264
0.015639988996554166
0.017255776998354122
0.0027175610011909157
0.003063313997699879
0.0028610660083359107
0.0022854630078654736
0.002215918997535482
0.002628489994094707
0.007120323003618978
0.01795055900583975
0.004979919001925737
0.0035903739917557687
0.0030560099985450506
0.0038885859976289794
0.003432932004216127
0.00347004400100559
0.003379801011760719
0.004273494007065892
0.0041359210008522496
0.0035779509926214814
0.003537102005793713
0.003490011004032567
0.004085553999175318
0.0035686729970620945
0.0033593719999771565
0.00308643800963182
0.004232897001202218
0.0035121749970130622
0.003313173001515679
0.003270861998316832
0.003245302999857813
0.005233434989349917
0.004468086990527809
0.0043437389977043495
0.005547937995288521
0.004423953010700643
0.004258514993125573
0.005990255987853743
0.0036500790010904893
0.003212630996131338
0.0032777750020613894
0.0031361439905595034
0.0038970219902694225
0.0032259050058200955
0.0030149109952617437
0.004358927995781414
0.004955743002938107
0.004338949991506524
0.004258436005329713
0.004760337003972381
0.004526449003606103
0.004660716993384995
0.0042301710054744035
0.004520978996879421
0.0041594750073272735
0.0039321100048255175
0.0042944250017171726
0.004662309002014808
0.004593557998305187
0.004586505005136132
0.00456523300090339
0.0044143239938421175
0.004158503012149595
0.0044906310067744926
0.004577678002533503
0.004785746001289226
0.002233802995760925
0.015563873006612994
0.01259216500329785
0.01563477898889687
0.0024826300068525597
0.011986563011305407
0.006239353999262676
0.0037112660065758973
0.01747400499880314
0.0023798129986971617
0.0023931589967105538
0.011712767998687923
0.0025813690008362755
0.012507973005995154
0.011972045991569757
0.005084158998215571
0.0040738509997026995
0.004813017993001267
0.006695859003229998
0.012830031002522446
0.011229693001951091
0.0045923159923404455
0.004779755006893538
0.012958376988535747
0.005894363013794646
0.006959353995625861
0.009326543993665837
0.004568058997392654
0.022432172001572326
0.013547106005717069
0.01622406899696216
0.01454040000680834
0.004821934999199584
0.010730624999268912
0.007272243994520977
0.0019212339975638315
0.0022221209947019815
0.011818161001428962
0.013192925995099358
0.005301355005940422
0.0033786190033424646
0.010598672000924125
0.00495437000063248
0.011859639998874627
0.002342621999559924
0.01886960100091528
0.009988562000216916
0.015816426996025257
0.0035946519928984344
0.010000145004596561
0.01317416099482216
0.015034437994472682
0.019556689003366046
0.0035383040085434914
0.0033731479925336316
0.011329904999001883
0.002225468007964082
0.011968038001214154
0.016284844998153858
0.0083477970038075
0.004213869993691333
0.002210178005043417
0.009884282990242355
0.0024160030006896704
0.016716423007892445
0.004701544996351004
0.0031062560010468587
0.003763996995985508
0.0028451149992179126
0.00513131900515873
0.008683270003530197
0.0021324289991753176
0.005801264007459395
0.0023304089991142973
0.010201151002547704
0.005265997999231331
0.0024418020038865507
0.0031330869969679043
0.012598528002854437
0.008720230995095335
0.011439936002716422
0.003276992996688932
0.007005301988101564
0.010658407001756132
0.006837800989160314
0.013821781991282478
0.004982032987754792
0.002375844997004606
0.010968652000883594
0.0062439019966404885
0.012541827993118204
0.0025701680133352056
0.007064184988848865
0.001968844997463748
0.002239153007394634
0.022780820989282802
0.0039234230061993
0.0020251530077075586
0.0021520669979508966
0.015817708990653045
0.004871199998888187
0.011243608998483978
0.015012445990578271
0.0032252140081254765
0.0019811289967037737
0.0095006770134205
0.003851105007925071
0.002309198011062108
0.001932504994329065
0.003618438000557944
0.0030110639927443117
0.006407996988855302
0.006422254009521566
0.013063719001365826
0.004666167005780153
0.010309047007467598
0.005345861005480401
0.0028215899947099388
0.0028832889947807416
0.00608461799856741
0.0018724300025496632
0.0020782350038643926
0.0020426059927558526
0.03060065499448683
0.017501727998023853
0.01643082500959281
0.003643546995590441
0.002218574009020813
0.0019670819892780855
0.011977396003203467
0.003712017001817003
0.0071752490039216354
0.003407903990591876
0.0125053280062275
0.0025956969911931083
0.016852994987857528
0.010320308996597305
0.009528491005767137
0.00657775200670585
0.003087639997829683
0.005310471999109723
0.0025675930082798004
0.010864612006116658
0.01400018400454428
0.02034827700117603
0.010274571002810262
0.0060841459926450625
0.002307545000803657
0.006568954995600507
0.007350504005444236
0.003452600009040907
0.008127274006255902
0.0034241450048284605
0.009998121007811278
0.0065854379936354235
0.0034181039955001324
0.006969142996240407
0.007596144991111942
0.014538938004989177
0.01174483000067994
0.003195737997884862
0.004710240988060832
0.01846788100374397
0.01400115599972196
0.004244768992066383
0.012938619998749346
0.007043885998427868
0.0024119150039041415
0.0032971220061881468
0.006770552005036734
0.0067135630088159814
0.00997119999374263
0.0037595490139210597
0.003079325004364364
0.004762401993502863
0.0031036910077091306
0.009969566002837382
0.009966711004381068
0.010171572997933254
0.01401678699767217
0.00816897400363814
0.016593367006862536
0.0012358899984974414
0.002949465997517109
0.0014609409990953282
0.0014690069947391748
0.0027395429933676496
0.003090515994699672
0.0029692029929719865
1.5650002751499414e-05
0.0019257329986430705
0.013500446992111392
0.007431678997818381
0.004114539013244212
0.003091077000135556
0.005593003996182233
0.0021932450035819784
0.0019735949899768457
0.002072883988148533
0.0020848370040766895
0.0028135850006947294
0.002844864997314289
0.002946759996120818
0.0030070360080571845
0.0028624890110222623
0.002724082994973287
0.0028220499953022227
0.002525091011193581
0.0028337830008240417
0.0029132460040273145
0.003000021999469027
0.012651679004193284
0.0018666489922907203
0.002935447992058471
0.0025722119899000973
0.004387142005725764
0.002207382000051439
0.0025520430062897503
0.0023366999957943335
0.002388068998698145
0.002424698992399499
0.0019989229913335294
0.0016109190037241206
0.001468725997256115
0.0022060500050429255
0.0028210790042066947
0.0031344400049420074
0.002889840994612314
0.00311617499392014
0.002934777003247291
0.003152945006149821
0.004630929004633799
0.002117860989528708
0.0014983740111347288
0.0016285720048472285
0.0014653090038336813
0.001463416003389284
0.001411685996572487
0.0014956779923522845
0.0017344859952572733
0.0017749639955582097
0.0017076250078389421
0.001534953000373207
0.0017019240040099248
0.0016482200007885695
0.003405980998650193
0.0031336789979832247
0.0026177999970968813
0.002935548996902071
0.0029951530013931915
0.0028286430024309084
0.002819145011017099
0.0031412329990416765
0.003231606009649113
0.0021327189897419885
0.002538257002015598
0.0042084589949809015
0.005917877002502792
0.004563419992337003
0.011893415008671582
0.012889075005659834
0.012034736006171443
0.01143182000669185
0.0015001869905972853
0.001385326002491638
0.0016054680017987266
0.011109040991868824
0.003447821000008844
0.007935134999570437
0.00413468798797112
0.004231864004395902
0.004263455004547723
0.009946952006430365
0.003518245997838676
0.0025913190038409084
0.001516777992947027
0.01324065899825655
0.011331738001899794
0.009292057002312504
0.015624359002686106
0.014955856997403316
0.016559491996304132
0.016979146996163763
0.016587235004408285
0.015081638004630804
0.016006903009838425
0.01462952200381551
0.016714498997316696
0.017216181993717328
0.0153594909934327
0.014133118995232508
0.014664799004094675
0.016008685997803695
0.015272232994902879
0.015337749005993828
0.014654539001639932
0.019009811003343202
0.019337118006660603
0.017983072000788525
0.01417149300687015
0.0126138159976108
0.005201823994866572
0.010449225999764167
0.0051697219896595925
0.0101148140092846
0.00504213800013531
0.010268279002048075
0.012662670007557608
0.012728405999951065
0.011307661989121698
0.0021254760067677125
0.0019222260016249493
0.0018948429933516309
0.0019374849944142625
0.0017848830029834062
0.00902008599950932
0.010497688999748789
0.009355178000987507
0.010571189995971508
0.00964201799069997
0.00928706799459178
0.009537677993648686
0.010803996003232896
0.01078156300354749
0.008843045987305231
0.010124444001121446
0.0021294530015438795
0.010685127999749966
0.011025209998479113
0.00982162200671155
0.008786067002802156
0.009698627007310279
0.00854680901102256
0.008426476997556165
0.00878652700339444
0.010124813998118043
0.01022330300475005
0.008361152009456418
0.00957356700382661
0.009613273010472767
0.011095936002675444
0.00987614699988626
0.009750736004207283
0.00992120300361421
0.011449133002315648
0.011413725005695596
0.009408450001501478
0.010981465995428152
0.010041172994533554
0.00900822298717685
0.008667749993037432
0.008826605000649579
0.010284749994752929
0.010142508006538264
0.008273493993328884
0.009396637004101649
0.010151976006454788
0.009775954007636756
0.010172505004447885
0.011546811001608148
0.01149538200115785
0.009447604999877512
0.010715074997278862
0.0021605429938063025
0.00176703798933886
0.0018820690020220354
0.0017916560027515516
0.008953969008871354
0.009264153995900415
0.010274521002429537
0.010451659996761009
0.008351142998435535
0.009519283004919998
0.002073826006380841
0.0017258589941775426
0.0017252779944101349
0.0016964730020845309
0.0017063120030798018
0.0016604940028628334
0.0016772860108176246
0.0016914729931158945
0.0017937089869519696
0.0017932280024979264
0.0017206689954036847
0.0017084059945773333
0.0016909620026126504
0.010833271997398697
0.0017532019992358983
0.00875277299201116
0.010034491002443247
0.010172205002163537
0.008330872995429672
0.009514502991805784
0.010285131007549353
0.010311923004337586
0.008332397002959624
0.009309360000770539
0.0034238550142617896
0.0030116749985609204
0.0030481639987556264
0.002253069993457757
0.002527216012822464
0.0022763449960621074
0.014295811008196324
0.0034503260103520006
0.0030059540004003793
0.002343432992347516
0.0022035850124666467
0.011390170999220572
0.010131777002243325
0.011306219006655738
0.002039450002484955
0.0017400060023646802
0.0017159199924208224
0.0017788310069590807
0.001766537010553293
0.0017080660036299378
0.0017025850102072582
0.0017588320042705163
0.001701392000541091
0.0016967239935183898
0.001719757987302728
0.0017090670007746667
0.0017272819968638942
0.0020339300099294633
0.0017787099932320416
0.0017896820063469931
0.001735076992190443
0.0017453470063628629
0.0017966239975066856
0.0017297470039920881
0.0017017030040733516
0.0017219020082848147
0.0017349669942632318
0.0016969040007097647
0.001706452007056214
0.0019121869991067797
0.001732171993353404
0.0016858020098879933
0.001708836993202567
0.0017272319964831695
0.0017312600102741271
0.0017105899896705523
0.0016997500060824677
0.00944918900495395
0.011203361995285377
0.014312553001218475
0.0126730000047246
0.0020740769978147
0.00171461800346151
0.0017034359916578978
0.0017561970016686246
0.002028991002589464
0.0017310289986198768
0.001657407992752269
0.0017245060007553548
0.0016865940124262124
0.0017073240014724433
0.0017593230004422367
0.0017786399985197932
0.0017143869918072596
0.001801192993298173
0.001849645996117033
0.0017543639987707138
0.001737842001602985
0.0016974950121948496
0.0016995190089801326
0.0016970339929684997
0.0017157599941128865
0.0017252980032935739
0.0016857519949553534
0.0016787689964985475
0.0019115159957436845
0.0021956599957775325
0.008252324012573808
0.003452339005889371
0.003550627996446565
0.0021398319950094447
0.0016965130052994937
0.001737550992402248
0.002263000002130866
0.0016916430031415075
0.0018181560008088127
0.0019213339983252808
0.0017879890074254945
0.01533672699588351
0.01615226099966094
0.01448699799948372
0.014456689998041838
0.01588487799745053
0.014330037010950036
0.014255974994739518
0.0021460749994730577
0.0019212340121157467
0.014291943996795453
0.014167774992529303
0.008972914991318248
0.0020414239988895133
0.013214086997322738
0.008979418009403162
0.00314348800748121
0.00248471500526648
0.0020228390058036894
0.00847055199847091
0.009159882989479229
0.0022466570080723614
0.003275661001680419
0.0016931459977058694
0.009286165004596114
0.010383529996033758
0.0020346909877844155
0.01331000099889934
0.029543958997237496
0.01335232199926395
0.0018138979939976707
0.0026790970005095005
0.023890519005362876
0.013777026004390791
0.001975507999304682
0.0020742070046253502
0.009719937996123917
0.00431380100781098
0.00192894900101237
0.0019042219937546179
0.0020599299896275625
0.0020983529975637794
0.0018581530021037906
0.0019679730030475184
0.0017565169982844964
0.0018848239997169003
0.001909851998789236
0.0018873289955081418
0.00182833599683363
0.0016953109879978001
0.003401783003937453
0.0025836740096565336
0.002140003998647444
0.0016957409970927984
0.0018245789979118854
0.0019097420008620247
0.001719396997941658
0.0017148580081993714
0.0017351059941574931
0.0018446570029482245
0.0018567900115158409
0.001825190003728494
0.00169562098744791
0.0018963969923788682
0.0017989490006584674
0.0017182139999931678
0.0017417100025340915
0.002194116997998208
0.0018241879879496992
0.002484844997525215
0.0024436050007352605
1.5148994862101972e-05
0.0025729040062287822
0.0016147360001923516
0.0014699180028401315
0.0017683409969322383
0.001880476003861986
0.010468052001670003
1.593100023455918e-05
0.002249212993774563
0.002750945001025684
0.002653488001669757
0.0018903549935203046
0.004222677001962438
0.003481615989585407
1.5590005205012858e-05
0.0020008470019092783
1.4136996469460428e-05
0.013586330998805352
0.002572272001998499
0.0017793120059650391
0.0020154049998382106
0.011216516999411397
0.006951349001610652
0.012765616993419826
0.0023041980020934716
1.5169003745540977e-05
0.002539098000852391
0.008207708000554703
1.9937986508011818e-05
0.0033682590001262724
0.002364895000937395
0.001851280001574196
0.011779045991715975
1.9396989955566823e-05
0.0030265329987742007
0.0029218429990578443
0.0036294289893703535
0.001613012995221652
0.0026524860004428774
1.515899202786386e-05
0.0042114349926123396
0.0029528120066970587
0.0033886779856402427
1.863599754869938e-05
0.001697555009741336
0.008499667994328775
0.0014300420007202774
0.0019792950042756274
0.0026126189914066344
0.0031693269993411377
0.0051875469944207
0.0030815790087217465
0.013115649009705521
0.0019107339903712273
0.00809603299421724
0.0024410810001427308
0.00269212199782487
0.0037324360018828884
0.01122618600493297
2.429600863251835e-05
0.0026899990043602884
0.011045498991734348
0.002426582999760285
0.0024131669924827293
0.0016064199880929664
0.0021273799939081073
0.0015522559988312423
0.0089528170065023
0.00241921900305897
0.0035007230035262182
0.01097189799475018
0.002710979009862058
0.01264625800831709
2.1993007976561785e-05
0.01084935299877543
0.016329610996763222
2.2032007109373808e-05
1.2814998626708984e-05
1.3455995940603316e-05
0.018293857996468432
0.003800688005867414
0.01135751701076515
0.009073056993656792
0.002216720997239463
0.002761594994808547
0.0017585919995326549
0.002114724993589334
0.001758041005814448
1.5298996004275978e-05
0.004304052999941632
1.866600359790027e-05
9.337993105873466e-06
0.012295085994992405
1.974799670279026e-05
1.3074997696094215e-05
0.002632065996294841
0.0014218559954315424
0.002694987997529097
0.0019796359993051738
0.0023524300049757585
0.0022265289881033823
0.0030680430063512176
1.9686995074152946e-05
0.00216019299114123
1.2303993571549654e-05
0.004426598010468297
0.0029560789989773184
1.7382990336045623e-05
0.01392070199653972
0.0026063069963129237
0.0023537530069006607
1.6923004295676947e-05
0.003436298997257836
0.002094687006319873
0.0021926840126980096
0.003942440001992509
0.015345955005614087
0.0034542740031611174
0.0028071819979231805
0.0023044590052450076
1.8776001525111496e-05
0.001933166990056634
0.002591259006294422
0.0020125589944655076
0.002242179005406797
1.5769997844472528e-05
0.003104703006101772
0.0026250139926560223
1.5309997252188623e-05
0.001970637997146696
0.0022224410058697686
0.002732680004555732
0.002638329009641893
0.001480218008509837
0.0021507439960259944
0.003080227004829794
0.0034930769907077774
0.0022897500020917505
1.4246994396671653e-05
0.002366107000852935
0.003237988014006987
0.0028186940035084262
0.002371918992139399
0.0016196450014831498
0.0020496400102274492
0.0019376850104890764
0.002187654987210408
0.011050569009967148
0.002389732006122358
0.0025008149968925864
0.0016854619898367673
0.0037320060073398054
0.002245165000203997
0.0027741189987864345
0.0024453590012853965
2.2423002519644797e-05
0.014294148000772111
0.0028325410094112158
0.010589775003609248
0.002548938005929813
0.0025335679965792224
0.013721659997827373
0.003814343988779001
0.0029133359930710867
0.0021533289982471615
0.0023423210077453405
0.002236778993392363
0.001935922002303414
0.012139676997321658
0.003220334998331964
0.0037524750077864155
0.0016429200040875003
0.0019634750060504302
0.0016740099963499233
1.8856007955037057e-05
0.0019612399919424206
0.006011726989527233
0.0017267109942622483
0.0023498859954997897
0.0021389909961726516
0.010267497986205854
0.00273565600218717
0.0026059759984491393
0.008976130993687548
0.0037682960100937635
0.0021720750082749873
0.013376358998357318
0.002195861001382582
0.0026288600056432188
0.003206989000318572
2.1992003894411027e-05
0.003697909996844828
0.002336228993954137
0.0026395410095574334
0.0025739849952515215
1.4607998309656978e-05
0.0023341260093729943
0.0017049989983206615
0.002066652989014983
0.004607915005180985
1.592999615240842e-05
0.002135865011950955
0.0024789930030237883
0.0029917360079707578
0.002053367003099993
0.003800698003033176
0.002824274997692555
1.593100023455918e-05
0.0021071800001664087
0.009206362999975681
0.0036471729981712997
0.003678813998703845
0.007164787995861843
0.006696559998090379
0.011776540995924734
0.0052680310036521405
0.0029390159907052293
0.0035353489947738126
2.164099714718759e-05
0.01188576100685168
2.1150000975467265e-05
0.003077932007727213
0.009515184996416792
0.002949905989225954
0.004422119993250817
0.004524596006376669
0.0025919800100382417
0.011639869000646286
0.008632573008071631
0.0033074719976866618
0.002212362000136636
1.7023005057126284e-05
0.0031095330050447956
0.002758450005785562
0.0031479260069318116
0.0023182949953479692
0.0070745150005677715
0.012999034996028058
0.015163144998950884
0.0023118530079955235
0.0023683509934926406
0.0026953780034091324
0.01564107100421097
0.002151776003302075
0.004494387991144322
0.01156376299331896
0.0036009949981234968
0.009629042993765324
0.0026525959983700886
0.002136185998097062
0.0030914180097170174
0.0021661540085915476
0.0023716279974905774
0.008377833990380168
0.002715485999942757
0.014243120996979997
1.996800710912794e-05
1.472799340263009e-05
0.002481076997355558
0.002504823001800105
0.002027538008405827
0.002582351997261867
0.0019124870013911277
0.01386022599763237
2.1019994164817035e-05
0.0030399190000025555
0.010418186997412704
0.0023283640039153397
0.0018029170023510233
0.002209075988503173
0.002437914998154156
0.0020629659993574023
0.004105282001546584
1.708300260361284e-05
0.003607837003073655
0.0025983930099755526
0.0024039799900492653
0.0020332889980636537
0.0038463950040750206
1.970700395759195e-05
0.0018310609884792939
0.004359047990874387
0.010092471988173202
0.003181218999088742
0.0029483329999493435
0.002072162998956628
0.0017619980062590912
0.0019907169917132705
0.0030004830041434616
0.002338224003324285
0.0026519149978412315
0.004743424986372702
0.0027403940039221197
0.002218783993157558
0.0026742170011857525
0.0033185740030603483
0.014066802003071643
0.0026110570033779368
0.015431278996402398
0.0027200860058655962
0.002431130997138098
0.01600737300759647
0.002453193999826908
0.002437834002193995
1.373600389342755e-05
0.003964832008932717
1.4117002137936652e-05
0.01064359898737166
0.0043006260093534365
0.01285481799277477
2.0278996089473367e-05
1.0789997759275138e-05
0.003016122995177284
0.0019193000043742359
0.0018625009979587048
0.002580437998403795
0.002162646997021511
2.1921994630247355e-05
0.003515500997309573
0.002118331001838669
0.0019513409934006631
0.012580251990584657
0.009617551011615433
0.0025008450029417872
0.001920933005749248
0.0036559800064424053
0.003921338997315615
0.0026665229961508885
0.0026581260026432574
2.532900543883443e-05
0.0023675300035392866
1.7494006897322834e-05
0.003134901009616442
0.0030094610119704157
0.00862260400026571
0.0020973519858671352
0.0018049209902528673
0.00209608901059255
0.0024624320067232475
0.009752418991411105
0.011029638990294188
0.003962438000598922
0.013481198999215849
0.01219859000411816
0.002352019990212284
1.7404003301635385e-05
0.002786493001622148
0.002587372000562027
0.0018849240004783496
0.004660156002501026
0.0025014670100063086
0.009794590005185455
2.0118997781537473e-05
0.0024486350012011826
0.0033226810046471655
0.0017951920017367229
0.002209776997915469
0.0055946070060599595
0.003154318008455448
0.0022322800068650395
0.0025970099959522486
0.002274530997965485
0.002213793995906599
0.013659871998243034
0.0019074769952567294
0.0032713319960748777
0.0036809480079682544
0.001998342006118037
0.01290095699368976
0.005508572008693591
0.002672653994522989
0.016560154006583616
0.020131390992901288
0.006726598003297113
0.006308366006123833
0.0060549299960257486
0.00615827800356783
0.006061823005438782
0.006328183997538872
0.006417725991923362
0.006450297994888388
0.006505964993266389
0.006499102004454471
0.006503218988655135
0.006793314998503774
0.006462812001700513
0.006354474011459388
0.006458734002080746
0.006364422995829955
0.006451819994254038
0.006504751989268698
0.0063748530083103105
0.00670052801433485
0.00642945799336303
0.006164699996588752
0.0066022600076394156
0.006442542988224886
0.006719063007039949
0.0066952970082638785
0.006526073004351929
0.0061038340063532814
0.009589026987669058
0.009302427002694458
0.019894555996870622
0.006899018990225159
0.0064877099939621985
0.016305785000440665
0.0174569730006624
0.01871552600641735
0.01990265199856367
0.018191751005360857
0.020260559002053924
0.02156881699920632
0.020884946003207006
0.021845849012606777
0.024837264005327597
0.008901227003661916
0.009605307001038454
0.00944025100034196
0.009433589002583176
0.00952351100568194
0.009385035999002866
0.009464567992836237
0.009344837992102839
0.009406587007106282
0.009328436004579999
0.009483293993980624
0.009134615000220947
0.00921740299963858
0.009131959988735616
0.009139415007666685
0.009309670000220649
0.008901477995095775
0.009205009992001578
0.009205680995364673
0.009232252006768249
0.009507880997261964
0.01800783901126124
0.013075310998829082
0.011659004987450317
0.010849131998838857
0.010782034005387686
0.011363740006345324
0.011529306997545063
0.010775011003715917
0.010676402001990937
0.011190908000571653
0.010577110995654948
0.01026312900648918
0.010346098002628423
0.011217529012355953
0.010690829003578983
0.010531063002417795
0.010662985994713381
0.01029412800562568
0.009975127002689987
0.010211960005108267
0.01062278900644742
0.010601899004541337
0.01033352299418766
0.010079617000883445
0.010436131007736549
0.010633368990966119
0.010113862997968681
0.009975808003218845
0.005385637006838806
0.010150222995434888
0.010701099003199488
0.011407664002035744
0.011028074994101189
0.010819766001077369
0.011075365997385234
0.010912683996139094
0.01091546899988316
0.011101907002739608
0.011314785006106831
0.008164265003870241
0.007113829997251742
0.006574858009116724
0.005875024988199584
0.0062124010000843555
0.005965047996141948
0.006619954001507722
0.011401210998883471
0.017731499989167787
0.006320018001133576
0.007664396005566232
0.006805619996157475
0.007438482993165962
0.0074676889926195145
0.006966328000999056
0.006151013993076049
0.006765402999008074
0.006577681997441687
0.007340134994592518
0.007364420001977123
0.006643960005021654
0.006641504995059222
0.006282005007960834
0.007772804005071521
0.007520699989981949
0.006736437004292384
0.006643578002694994
0.006827260003774427
0.007416811000439338
0.0061411049973685294
0.006471317989053205
0.0073606629885034636
0.006632958000409417
0.006582241010619327
0.006620404004934244
0.0066755499865394086
0.00687822799955029
0.014699405001010746
0.0029907450079917908
0.002952983006252907
0.0028183740068925545
0.0029714980046264827
0.0029531219915952533
0.0028257189987925813
0.002950427995529026
0.003056400004425086
0.0029136369994375855
0.0029359100008150563
0.0029895420011598617
0.0028262790001463145
0.002826519004884176
0.003014629997778684
0.002970205998281017
0.0029607269971165806
0.0029381140047917143
0.0033416570076951757
0.002995363000081852
0.0029622599977301434
0.0029309700039448217
0.0031667519942857325
0.003484621993266046
0.0033596919965930283
0.0032756910077296197
0.0032034920004662126
0.0031667319999542087
0.003086658995016478
0.003139099004329182
0.0031891649996396154
0.003124511000351049
0.0031009359954623505
0.0031714310025563464
0.003208451991667971
0.0032600710110273212
0.003180448999046348
0.0031873419939074665
0.0031296310044126585
0.003152504999889061
0.002841908994014375
0.0028067620005458593
0.002814335995935835
0.002653889008797705
0.002839884997229092
0.002739764007856138
0.0027088439965154976
0.002698723998037167
0.0026923420082312077
0.0027332899917382747
0.0029548759921453893
0.003020742005901411
0.0031557110050925985
0.002947982997284271
0.00298320000001695
0.002917142992373556
0.002997267001774162
0.0032255749974865466
0.002705227001570165
0.002794207990518771
0.0028679289971478283
0.0027387409936636686
0.002692522990400903
0.0027573069965001196
0.0028732390055665746
0.002919748003478162
0.002943143990705721
0.002866996990633197
0.0029558480018749833
0.0030351099994732067
0.002910020004492253
0.0027684179949574172
0.0025870109966490418
0.002609974006190896
0.002881886000977829
0.002857268991647288
0.00292756300768815
0.002936280012363568
0.0029869669961044565
0.0028639820084208623
0.0028459070017561316
0.0028287239983910695
0.0033346639975206926
0.002962449987535365
0.0028743319999193773
0.004976732001523487
0.004920414998196065
0.004965530999470502
0.005258793011307716
0.005238223995547742
0.004808028999832459
0.004886338996584527
0.004994417002308182
0.004908661998342723
0.004557319000014104
0.004929652001010254
0.004919953003991395
0.004742384000564925
0.005038710994995199
0.005032881002989598
0.004478037008084357
0.0045052189962007105
0.005311214001267217
0.004972694005118683
0.005014814989408478
0.00503449299139902
0.005081814000732265
0.004879125001025386
0.005204599001444876
0.004813008999917656
0.004819521011086181
0.004790334991412237
0.004932378011289984
0.01109653701132629
0.01114833699830342
0.011146803008159623
0.01129428599961102
0.011167632997967303
0.01334710199444089
0.011884337989613414
0.011234341000090353
0.01213335499051027
0.011111504994914867
0.011335966002661735
0.010483903010026552
0.011074555004597642
0.0112441300007049
0.011162534006871283
0.010694816999603063
0.010614662998705171
0.01108335200115107
0.011214612997719087
0.010460448000230826
0.01100112400308717
0.010732169001130387
0.011102988995844498
0.011076378999860026
0.01111123499867972
0.010942902998067439
0.011294677009573206
0.010440489000757225
0.010405692009953782
0.01041487899783533
0.010206270002527162
0.010893447994021699
0.011292362003587186
0.011144888994749635
0.011069094995036721
0.011411330997361802
0.011231124997721054
0.010987898000166751
0.010944885987555608
0.011036412004614249
0.011183283000718802
0.011055018010665663
0.01157552500080783
0.011071188011555932
0.011264929999015294
0.011015291005605832
0.010894649996771477
0.011336937997839414
0.011538284001289867
0.011209503005375154
0.011105514000519179
0.011412602994823828
0.011204673995962366
0.01097050600219518
0.010807181999552995
0.01122021398623474
0.011640309996437281
0.011139820009702817
0.011040869998396374
0.011182382004335523
0.01119194999046158
0.0106357929907972
0.011012926988769323
0.011142424991703592
0.010699564998503774
0.010973951997584663
0.011086147002060898
0.011383846998796798
0.011182411995832808
0.011136714005260728
0.011152815000968985
0.011150220001582056
0.010393478005426005
0.010933644996839575
0.011297883000224829
0.011150540987728164
0.011028305991203524
0.01124936000269372
0.011284197011264041
0.011773394988267682
0.011133357998915017
0.011170329002197832
0.011458149994723499
0.011043545993743464
0.01131895299477037
0.01107933399907779
0.011595101997954771
0.010891414000070654
0.011274327000137419
0.011047011998016387
0.011772111989557743
0.011355834998539649
0.01122500300698448
0.011142975999973714
0.011117937989183702
0.01059367299603764
0.010800318996189162
0.010869721008930355
0.010894228995312005
0.010685037996154279
0.011301488993922248
0.011490171993500553
0.011484681002912112
0.010722218998125754
0.01131195000198204
0.010130865004612133
0.011291079994407482
0.010885481999139301
0.0110096199932741
0.011128598009236157
0.010878419008804485
0.011021774000255391
0.011182120986632071
0.01085967299877666
0.011058884992962703
0.01123988199105952
0.011551859992323443
0.010933433994068764
0.011432210012571886
0.010954123994451948
0.0104327139997622
0.010110877003171481
0.010409580005216412
0.009788149007363245
0.010080036998260766
0.009748932992806658
0.010117660000105388
0.009731158992508426
0.004400307996547781
0.003925185999833047
0.0037374660023488104
0.0038352039991877973
0.0038023600063752383
0.003908273996785283
0.004583818998071365
0.0038168879982549697
0.0038960609963396564
0.00386964000063017
0.004259146997355856
0.004266581003321335
0.003742807006346993
0.004403213009936735
0.003837138006929308
0.004013294994365424
0.004093228999408893
0.0037783750012749806
0.0046266020071925595
0.0039047570026014
0.004120710989809595
0.004121563004446216
0.004179262992693111
0.004635247998521663
0.003873606998240575
0.004230953010846861
0.003934084001230076
0.004032251992612146
0.006385654007317498
0.008662528998684138
0.008132964008837007
0.009265696004149504
0.01025226799538359
0.006405210995581001
0.010238382004899904
0.005997830012347549
0.011963659999310039
0.013296295001055114
0.011703050011419691
0.012695051002083346
0.01082054799189791
0.007481394990463741
0.006975655996939167
0.011389709005015902
0.010930438002105802
0.011662972989142872
0.001035094988765195
0.009908046995406039
0.0011213899997528642
0.013213506012107246
0.009604296006727964
0.012185294996015728
0.005011989997001365
0.007983728995895945
0.011034869006834924
0.012000389993772842
0.006756104005035013
0.010425530999782495
0.00933366701065097
0.008665986999403685
0.010586749005597085
0.01376373200037051
0.002915099001256749
0.01326537600834854
0.01095197899849154
0.009044823003932834
0.012625798990484327
0.007410990001517348
0.009212605000357144
0.0013848560047335923
0.011129048987641
0.013523109999368899
0.010341008004616015
0.011121514995465986
0.0047924989921739325
0.004180657007964328
0.004406369000207633
0.010780009994050488
0.00965280800301116
0.010808384002302773
0.0029884600080549717
0.014343622999149375
0.014425750996451825
0.005399994013714604
0.0036315929901320487
0.0039069820049917325
0.014667483992525376
0.010962179003399797
0.007114291001926176
0.012276609006221406
0.0144350479968125
0.012093958997866139
0.004766931000631303
0.010191371009568684
0.0039027530001476407
0.014450818998739123
0.011591517002671026
0.011419515998568386
0.0006678799982182682
0.004810894999536686
0.005797146004624665
0.003041852993192151
0.011244772002100945
0.015959410986397415
0.009475427999859676
0.006152507005026564
0.009566141990944743
0.010494883987121284
0.0060059560055378824
0.004844218987273052
0.009299801007728092
0.010642487002769485
0.0027908009942620993
0.007522162995883264
0.010144450992811471
0.003534898001817055
0.005247922003036365
0.011366424994776025
0.01265495500410907
0.00885678299528081
0.010538546994212084
0.01021977599884849
0.017489445002865978
0.0007294690003618598
0.012247624006704427
0.008325923990923911
0.0028250269970158115
0.008931956006563269
0.00952382100513205
0.006058848011889495
0.00948592800705228
0.006337913000606932
0.01047941399156116
0.003542431993992068
0.0038528979930561036
0.013379142998019233
0.01000469399150461
0.003510611000820063
0.013312765993759967
0.007648394996067509
0.006358090991852805
0.005305193000822328
0.009588825996615924
0.005571071989834309
0.010922873989329673
0.003323020995594561
0.01034973499190528
0.011205846996745095
0.004132864996790886
0.004084011001395993
0.011503376998007298
0.004148514999542385
0.01200436799263116
0.005618021998088807
0.0045553739910246804
0.015364309991127811
0.01005896799324546
0.009996658001909964
0.009141959002590738
0.010006406999309547
0.009882929996820167
0.010583723997115158
0.011529356997925788
0.019473409003694542
0.0060485369904199615
0.010422965002362616
0.010053386999061331
0.00969402700138744
0.010502186996745877
0.01797140900453087
0.011103861004812643
0.009320741999545135
0.013089277999824844
0.004728365995106287
0.006755823997082189
0.009146437994786538
0.011931728004128672
0.019754247012315318
0.010578804998658597
0.020081384005607106
0.010440598998684436
0.0050929860008182
0.0006926979986019433
0.012375909005641006
0.006760323012713343
0.012745959000312723
0.0104002520092763
0.0031840760057093576
0.010206018996541388
0.010935067999525927
0.018020382995018736
0.010620713990647346
0.017619122998439707
0.010702551997383125
0.011134058993775398
0.01543164900795091
0.014067073003388941
0.010125194996362552
0.012192608992336318
0.005428247997770086
0.011085045000072569
0.004228707999573089
0.011273115000221878
0.010574696003459394
0.008434982999460772
0.011834171993541531
0.010407396010123193
0.005281587000354193
0.004362896012025885
0.010979843005770817
0.009866848005913198
0.0046592540020355955
0.00600988398946356
0.008982412997283973
0.010641835004207678
0.012911266996525228
0.01058582701080013
0.010506816004635766
0.00531153500196524
0.0009651510044932365
0.004526579999946989
0.003882764998706989
0.009278611003537662
0.0008879929955583066
0.009048539999639615
0.00914750900119543
0.010566811004537158
0.010198364994721487
0.009638681003707461
0.009433418003027327
0.002960357000119984
0.01781119199586101
0.006594874997972511
0.007148506992962211
0.0026992050115950406
0.009811562995309941
0.01678857099614106
0.011605694002355449
0.004854928003624082
0.002845415991032496
0.0052780100086238235
0.010401484003523365
0.0029213819943834096
2.3304994101636112e-05
0.016629625999485143
0.00412812500144355
0.008181527999113314
0.006042414999683388
0.006510282997624017
0.009064058991498314
0.007296199997654185
0.018409969998174347
0.011992154002655298
0.011579914003959857
0.005624985002214089
0.011167493008542806
0.005152409998117946
0.00581586200860329
0.010233803011942655
0.009828095004195347
0.012218527990626171
0.004865800001425669
0.006329145995550789
0.009356569993542507
0.011851874995045364
0.015972055989550427
0.002872186989407055
0.0194162999978289
0.01056342400261201
0.0029967060108901933
0.0030336769996210933
0.004606782997143455
0.009501198001089506
0.015011884999694303
0.003792661998886615
0.012249457999132574
0.0006859759887447581
0.015027294008177705
0.0052214720053598285
0.004965111002093181
0.009069500010809861
0.0006267810094868764
0.009492441997281276
0.006430941008147784
0.005137720989296213
0.015615572003298439
0.0050895689928438514
0.0035457589983707294
0.009797735998290591
0.01491506899765227
0.010147437002160586
0.009524512002826668
0.006907855000463314
0.009814628007006831
0.009515284997178242
0.0027705230022547767
0.01415171500411816
0.014009502992848866
0.015360612989752553
0.013706330995773897
0.004729948996100575
0.005613082990748808
0.01716778799891472
0.006805048004025593
0.005989365003188141
0.00952473199868109
0.00962230000004638
0.012553580003441311
0.00995789299486205
0.011452449005446397
0.010985803994117305
0.005553028007852845
0.006152998001198284
0.01018741400912404
0.012098717998014763
0.01411853100580629
0.010437052987981588
0.00946201299666427
0.010826760000782087
0.011471535995951854
0.007973988991579972
0.01334068999858573
0.017913907999172807
0.018938834007713012
0.012805634003598243
0.010220907992334105
0.011520679996465333
0.0010510050051379949
0.000709400002961047
0.002849434007657692
0.020131580997258425
0.005133062004460953
0.003986544004874304
0.009519272993202321
0.011987374993623234
0.005009325002902187
0.011206477996893227
0.0061788879975210875
0.010776413007988594
0.009669380000559613
0.006003360991599038
0.009378673013998196
0.0007409310055663809
0.0006574709987035021
0.006496948000858538
0.00513687999045942
0.013577424004324712
0.010480065000592731
0.004800283990334719
0.007982737006386742
0.010687401998438872
0.0101890569931129
0.013415082998108119
0.01126048099831678
0.012143633997766301
0.0007104129908839241
0.011549996008398011
0.012123045002226718
0.010940758002107032
0.01521948300069198
0.004987161999451928
0.011448261997429654
0.00401507799688261
0.0031013069965410978
0.007361423995462246
0.010449816996697336
0.006424147999496199
0.01497605600161478
0.010658846993464977
0.011982626005192287
0.015088450993061997
0.010014811996370554
0.011417713001719676
0.008776358008617535
0.016894835003768094
0.0060129290068289265
0.012828859005821869
0.021081883009173907
0.010626185001456179
0.01076230600301642
0.012807717997930013
0.008035877996007912
0.007277333992533386
0.005211062001762912
0.015543043002253398
0.005765245005022734
0.006508168997243047
0.009343776007881388
0.009686944002169184
0.006316601997241378
0.01131073699798435
0.012689601004240103
0.007323882993659936
0.003787441994063556
0.009841660998063162
0.010732248003478162
0.013086200997349806
0.0009020199941005558
0.007812930998625234
0.006121868995251134
0.009222382999723777
0.01176758400106337
0.004195435001747683
0.016123294990393333
0.0042319049971411005
0.011672862005070783
0.011003909006831236
0.0071850769891170785
0.0010152169998036698
0.010068535993923433
0.005645615005050786
0.003348640995682217
0.010766354011138901
0.006476298003690317
0.010601576999761164
0.006973812007345259
0.005645344004733488
0.015040578990010545
0.0031741160055389628
0.004270358011126518
0.00304475799202919
0.00756969500798732
0.007618628995260224
0.010404770000604913
0.011670157007756643
0.006667114008450881
0.012448790002963506
0.015473599996767007
0.017120246004196815
0.010874511004658416
0.007528414993430488
0.009116159999393858
0.009417507011676207
0.007161882007494569
0.0029289969970704988
0.010655792008037679
0.009778769992408343
0.014141874999040738
0.013123964992701076
0.01043080999806989
0.009292246992117725
0.01798377200611867
0.00969541999802459
0.01530717000423465
0.032175314001506194
0.0067756520002149045
0.01182858100219164
0.00998592701216694
0.011644066995359026
0.010652746001142077
0.01148670501424931
0.010036543986643665
0.012326726005994715
0.011182881993590854
0.010250445004203357
0.012093728000763804
0.009770663993549533
0.011560847007785924
0.009976829998777248
0.00974935399426613
0.012039373992593028
0.015533154000877403
0.01586554100504145
0.016427748996648006
0.01630791999923531
0.0051941589917987585
0.004395418000058271
0.004700953999417834
0.004860310000367463
0.008930333002354018
0.009042268997291103
0.009957542992196977
0.009538489000988193
0.01327104598749429
0.011225764988921583
0.011826686997665092
0.01015381900651846
0.012018144014291465
0.010605996008962393
0.011462038004538044
0.010476608003955334
0.012031669990392402
0.010816299996804446
0.012122754007577896
0.010528898012125865
0.012775545998010784
0.01070002700726036
0.012529333995189518
0.01123918998928275
0.013247611990664154
0.01158456300618127
0.012697456011665054
0.014068374992348254
0.014192303002346307
0.012355901999399066
0.013137208996340632
0.013630386005388573
0.013903268001740798
0.013301875005709007
0.013283820997457951
0.012940232001710683
0.013138370995875448
0.01254914200399071
0.013349607004784048
0.013461932991049252
0.013531245000194758
0.013334057002793998
0.013069180000456981
0.013896104996092618
0.013511026001651771
0.013450058992020786
0.011399958006222732
0.012585111006046645
0.011921939003514126
0.012955380996572785
0.011932909997995012
0.012850169005105272
0.011845743007143028
0.012673610995989293
0.011453871993580833
0.012507571998867206
0.011604650993831456
0.012981340012629516
0.01129351400595624
0.012486402003560215
0.011128287995234132
0.012711513001704589
0.012604046991327778
0.014847118000034243
0.012950079995789565
0.012092827004380524
0.012721492996206507
0.014458903999184258
0.013115488007315435
0.01178285300557036
0.012581314003909938
0.0147162370121805
0.01312583799881395
0.012102736000088044
0.012721713006612845
0.014626145013608038
0.013036456002737395
0.011877584009198472
0.01247013000829611
0.012198008000268601
0.012855610009864904
0.012311145997955464
0.01232716599770356
0.012147772999014705
0.012320663998252712
0.012585462012793869
0.012102945998776704
0.012404515000525862
0.012068661002558656
0.011968147999141365
0.012384747009491548
0.01217429299140349
0.01683292500092648
0.016605388998868875
0.016693138008122332
0.005172147008124739
0.004793842002982274
0.004946966000716202
0.009059721996891312
0.009500957006821409
0.009018341996124946
0.013406615995336324
0.010981917002936825
0.01266358100110665
0.010611356992740184
0.01206878099765163
0.010633729005348869
0.011714901993400417
0.010079918007249944
0.012054081991664134
0.010491237000678666
0.011787452007411048
0.010894197999732569
0.012336494008195587
0.011522473010700196
0.012359678003122099
0.0136549320013728
0.01285504800034687
0.012513602996477857
0.012696453995886259
0.012981631007278338
0.013776203995803371
0.012440503996913321
0.013617509990581311
0.014030051999725401
0.01412761899700854
0.013431773986667395
0.013149182006600313
0.014105416004895233
0.016317426998284645
0.022813853996922262
0.017401395001797937
0.01560885900107678
0.018388889002380893
0.016179162004846148
0.01794211300148163
0.015610722010023892
0.018447080001351424
0.01607152599899564
0.017531133999000303
0.01576721300079953
0.018467550005880184
0.01638937600364443
0.013530754004023038
0.012275817993213423
0.014332392005599104
0.013744714990025386
0.011969040002441034
0.012317286993493326
0.01435410299745854
0.012460882993764244
0.011429274003603496
0.012336244006291963
0.013544480010750704
0.01232134499878157
0.011073982997913845
0.011599682009546086
0.009982902003685012
0.011452339007519186
0.010487760009709746
0.012162250000983477
0.010674017001292668
0.010823132994119078
0.012336885993136093
0.011053804992116056
0.012397672006045468
0.011083742007031105
0.010965674999170005
0.012363094996544532
0.012358385996776633
0.012103316999855451
0.012504166006692685
0.011687560006976128
0.011388707003789023
0.011748056000215001
0.010972459000186063
0.011730662008631043
0.01182698699994944
0.012403032000293024
0.01138328600791283
0.01134613499743864
0.01551254399237223
0.015569344002869911
0.004777800990268588
0.004247595003107563
0.012029536010231823
0.011117968009784818
0.011296359996777028
0.01042257399240043
0.011848437992739491
0.010925348004093394
0.011388986997189932
0.010998708996339701
0.013132560008671135
0.011699893002514727
0.012595812004292384
0.012987221998628229
0.014009662001626566
0.013218275009421632
0.012291007005842403
0.013114657005644403
0.012303520998102613
0.012329450997640379
0.012312467995798215
0.012213679001433775
0.0127551570039941
0.012209801003336906
0.010456799995154142
0.013545551992137916
0.011208531999727711
0.011899125995114446
0.01103894600237254
0.0123037120065419
0.0112347120011691
0.011811987991677597
0.012095010999473743
0.012830502004362643
0.012031209000269882
0.01115093199769035
0.011283614992862567
0.012564121003379114
0.012565704004373401
0.011242336011491716
0.011860851998790167
0.00967839700751938
0.011664945996017195
0.010065280002891086
0.010080838997964747
0.011968619000981562
0.009726891003083438
0.01172232699173037
0.009653799992520362
0.009887779000564478
0.01111872999172192
0.015491532991291024
0.011507363989949226
0.010995733013260178
0.011837628000648692
0.011108539998531342
0.011493837999296375
0.011263467007665895
0.01159648600150831
0.011394348010071553
0.011169387013069354
0.011534096003742889
0.004932416995870881
0.012499126009061001
0.010710115995607339
0.01180981499783229
0.010364151996327564
0.012391849988489412
0.011237687009270303
0.012399415005347691
0.013553658005548641
0.017724764999002218
0.013372440997045487
0.01252141899021808
0.013697172995307483
0.013901776008424349
0.013056645009783097
0.011538834005477838
0.01336357300169766
0.012171177004347555
0.013076913994154893
0.01236148200405296
0.01352126600977499
0.012724257001536898
0.011823771012132056
0.012283112009754404
0.010562652998487465
0.01041276499745436
0.012250519008375704
0.010787423991132528
0.012375999998766929
0.010466507999808528
0.010658155995770358
0.012517922004917637
0.01238375500543043
0.012333007995039225
0.012143504005507566
0.012597223991178907
0.012209881009766832
0.01208943099481985
0.012763413003995083
0.012269345999811776
0.00958237299346365
0.009338896998087876
0.013236060010967776
0.011774918006267399
0.012886298005469143
0.0132620389922522
0.013876596989575773
0.013213676007580943
0.0016828469961183146
0.0013660089898621663
0.0013482560025295243
0.00140052501228638
0.0013866590015823022
0.0013647370069520548
0.010483341000508517
0.012412180003593676
0.010684898006729782
0.012636669998755679
0.01079914600995835
0.01080734199786093
0.012368334995699115
0.009608273991034366
0.012200092009152286
0.010503219004021958
0.01244925000355579
0.01066282500687521
0.010764690989162773
0.012451444999896921
0.012305575000937097
0.01223592100723181
0.012302528994041495
0.012472545000491664
0.012540064009954222
0.012546186000690795
0.010579986002994701
0.010633849000441842
0.012473897993913852
0.01232937999884598
0.0123781440051971
0.012250229003257118
0.010942050008452497
0.012402922002365813
0.012464369996450841
0.007486343994969502
0.013158891000784934
0.005380798000260256
0.012096363003365695
0.0015677460032748058
0.019701395998708904
0.01889865699922666
0.0147624259989243
0.012547759004519321
0.012798630006727763
0.0027319380023982376
0.01309033999859821
0.016877000001841225
0.011924705002456903
0.012524834994110279
0.010267135992762633
0.01292886000010185
0.019203720992663875
0.013601519996882416
0.008926615992095321
0.005123483992065303
0.023927628993988037
0.004703487997176126
0.014695988997118548
0.0042617209983291104
0.012686476009548642
0.012885396005003713
0.004311937998863868
0.017821400993852876
0.002031926007475704
0.013289110996993259
0.016351322003174573
0.010052445009932853
0.0026501420070417225
0.0037755489902338013
0.0017700739990686998
0.01082640900858678
0.012676976999500766
0.016371481004171073
0.011331556990626268
0.002228622994152829
0.004398283010232262
0.01378178599406965
0.013114065004629083
0.011095604000729509
0.015305116001400165
0.010615234001306817
0.016147992995684035
0.006305450006038882
0.004612142991391011
0.012553720996947959
0.015601373990648426
0.004446885999641381
0.017091831992729567
0.0036878810060443357
0.01886074399226345
0.012442538005416282
0.011316147996694781
0.01764243800425902
0.012838766997447237
0.021204126998782158
0.01579020600183867
0.012261640003998764
0.01617799000814557
0.011107768004876561
0.01073679699038621
0.011551859002793208
0.008422579994658008
0.014306842000223696
0.013480617999448441
0.014280572009738535
0.013343024998903275
0.01273811400460545
0.005215299999690615
0.012157200995716266
0.0015354039933299646
0.0018406899907859042
0.010071652010083199
0.013578093989053741
0.022032574997865595
0.01146449199586641
0.007413404993712902
0.015097148003405891
0.013755374995525926
0.013297026001964696
0.005137831001775339
0.014816028997302055
0.00424181399284862
0.003623939002864063
0.005390915990574285
0.01077471999451518
0.01489274601044599
0.004669713001931086
0.011908434011274949
0.013163240000721999
0.01302100699103903
0.011829521987237968
0.004339580991654657
0.010298616994987242
0.01240883200080134
0.011755861007259227
0.014615965003031306
0.015558222003164701
0.009660262992838398
0.011976523994235322
0.011243467990425415
0.011309465000522323
0.0026792169956024736
0.004257974986103363
0.011376484006177634
0.017318397003691643
0.009537828009342775
0.0043307940068189055
0.013244544999906793
0.005109577003167942
0.005095019994769245
0.012867643003119156
0.0026465849950909615
0.009320290992036462
0.015418283001054078
0.018064817995764315
0.023084012005710974
0.004454851004993543
0.013495206003426574
0.014184327010298148
0.015420979005284607
0.014635603001806885
0.014264079989516176
0.013037537995842285
0.002689275992452167
0.003648655998404138
0.009097112997551449
0.013360758006456308
0.013841520005371422
0.004610750998836011
0.0023656960111111403
0.01732749400252942
0.006215437999344431
0.012982893997104838
0.010107670008437708
0.0026255550037603825
0.013792074998491444
0.007339964009588584
0.017678927004453726
0.005074420012533665
0.0041247790068155155
0.0111198609956773
0.0026478069921722636
0.015201197005808353
0.012877961999038234
0.009294942006818019
0.002112019996275194
0.014880802991683595
0.014780309997149743
0.011306658998364583
0.001976619998458773
0.012118696991819888
0.00377914599084761
0.018344313008128665
0.01492943600169383
0.006201961004990153
0.018511654998292215
0.014910860001691617
0.0026378780021332204
0.014777214004425332
0.005995275991153903
0.012430464004864916
0.01234995000413619
0.01830150200112257
0.009225969988619909
0.003124501003185287
0.005265346000669524
0.00421735699637793
0.01908716800971888
0.01446985499933362
0.013581931998487562
0.015869088005274534
0.011137845998746343
0.012949509007739834
0.0166365390032297
0.006389190995832905
0.013995916000567377
0.019317379003041424
0.012094760008039884
0.005341351992683485
0.009890132991131395
0.0019892050040652975
0.013762098009465262
0.01113544100371655
0.01146572400466539
0.015990599989891052
0.015393456007586792
0.014994149998528883
0.005544471991015598
0.011095755005953833
0.005211423005675897
0.004837815999053419
0.001726069996948354
0.009432385995751247
0.0025528940022923052
0.014325838987133466
0.010937933009699918
0.01667360999272205
0.01627363299485296
0.008633224002551287
0.017354775991407223
0.015100844000698999
0.017993360001128167
0.011601744990912266
0.0053629030007869005
0.012468045999412425
0.00199727900326252
0.01238627900602296
0.013519582003937103
0.01285134100180585
0.012516810005763546
0.005080130998976529
0.01472308998927474
0.005328416998963803
0.012246882994077168
0.013128021004376933
0.006465957994805649
0.0039016609953250736
0.010453584007336758
0.004249968988006003
0.012409303992171772
0.013113765002344735
0.004552679994958453
0.0017417990020476282
0.013222092005889863
0.01028668400249444
0.014041382994037122
0.006794478002120741
0.012662629000260495
0.011401702009607106
0.015005691995611414
0.005121399997733533
0.010807511993334629
0.01538976801384706
0.0066643890022533014
0.010723682004027069
0.013556143007008359
0.013576753000961617
0.015990521002095193
0.004078440004377626
0.012966081005288288
0.015149066995945759
0.00976511399494484
0.02127181699324865
0.004600701009621844
0.011032905007596128
0.00904939099564217
0.006482400000095367
0.017829666001489386
0.012255198002094403
0.004438800999196246
0.014025511991349049
0.013229086005594581
0.00991989100293722
0.01465200399979949
0.013293087991769426
0.012399414990795776
0.011334882990922779
0.014911019999999553
0.011725222007953562
0.0019006039947271347
0.013948766005341895
0.01192275200446602
0.020556305011268705
0.00872378698841203
0.016589127990300767
0.007344493002165109
0.009702743991510943
0.005959998001344502
0.0036937630065949634
0.010554186999797821
0.011805034999269992
0.015378446987597272
0.013875283999368548
0.012855118999141268
0.013327815002412535
0.008185073995264247
0.0014395699981832877
0.009837071993388236
0.012549102000775747
0.017469516998971812
0.01432992699847091
0.005085180004243739
0.007194916004664265
0.015267925002262928
0.00638205700670369
0.01405700299073942
0.00752814399311319
0.01405421800154727
0.0019934519950766116
0.010236407004413195
0.016603957003098913
0.010983088999637403
0.009527037007501349
0.018437221995554864
0.014318966001155786
0.009153411010629497
0.015918461998808198
0.015950533997965977
0.01733447799051646
0.020259435012121685
0.002354373995331116
0.00962237999192439
0.01098565399297513
0.014501765996101312
0.009437225002329797
0.01153927599079907
0.013141687988536432
0.013830698997480795
0.009286005006288178
0.01104605000000447
0.011185035997186787
0.0026830549904843792
0.004067398986080661
0.0046525710058631375
0.005153070989763364
0.015475982989300974
0.006055131001630798
0.014465496002230793
0.004827936994843185
0.009668960003182292
0.012733706011204049
0.009806393005419523
0.011717938003130257
0.010878027009312063
0.002062464991468005
0.01545670699852053
0.014869620994431898
0.014365684997756034
0.009673979002400301
0.015611224007443525
0.01058230000489857
0.01688224999816157
0.012802908997400664
0.018797541997628286
0.010650681011611596
0.009481529996264726
0.014862927986541763
0.01363757900253404
0.011760219000279903
0.005170424003154039
0.001629022997803986
0.0021997580042807385
0.0156838120019529
0.0023907239956315607
0.010613581005600281
0.012088589006452821
0.012700641993433237
0.015434984990861267