0.006197534006787464
0.0057781799987424165
0.006316711995168589
0.00641452000127174
0.005616098002064973
0.005769873998360708
0.005328507992089726
0.005471883006975986
0.005882980010937899
0.005654974011122249
0.006294038001215085
0.006023099995218217
0.0055134319991339
0.00568383900099434
0.005703487011487596
0.005563639002502896
0.0054227990040089935
0.006038288003765047
0.005848114000400528
0.005666124998242594
0.006586018993402831
0.005562605991144665
0.005477393002365716
0.005333587003406137
0.006377327998052351
0.005722582995076664
0.005959697999060154
0.005902407996472903
0.005855096998857334
0.005843405000632629
0.006033739002305083
0.0067729069996858016
0.006529791004140861
0.005778020000434481
0.005973053994239308
0.005346642996300943
0.005359957998734899
0.00540097699558828
0.005704758004867472
0.005444290000014007
0.005292739006108604
0.005481261003296822
0.0054627949866699055
0.005633774009766057
0.005908810009714216
0.0005910030013183132
0.0005662149924319237
0.000553341000340879
0.005945671000517905
0.005932154002948664
0.006020443994202651
0.006014512007823214
0.006008431999362074
0.00582034100079909
0.006113232011557557
0.0058954839914804325
0.00627493200590834
0.00588486400374677
0.0058044100005645305
0.005973976003588177
0.006037846993422136
0.005891166001674719
0.0059054239973193035
0.00641081300273072
0.005913768996833824
0.005712023004889488
0.0057654760021250695
0.006073826996725984
0.005722222005715594
0.005725208000512794
0.005750967000494711
0.00560431600024458
0.005978724002488889
0.005992179998429492
0.0063526519952574745
0.006244643998797983
0.005843033999553882
0.006190670988871716
0.0059499289927771315
0.005895916008739732
0.006455488008214161
0.00608325500797946
0.006344616005662829
0.006353433011099696
0.005916103997151367
0.006216769994352944
0.006168288004118949
0.005902397999307141
0.006387208006344736
0.006116758988355286
0.005964046009466983
0.006154682007036172
0.006325980008114129
0.007355584995821118
0.00026535899087321013
0.00036514000385068357
0.0005504659930011258
0.0005461569962790236
0.000474169006338343
0.001191054005175829
0.010124713997356594
0.010416122997412458
0.020576416005496867
0.012054334001732059
0.020084723000763915
0.018472372001269832
0.013764653995167464
0.01431167300324887
0.0003464839974185452
0.000255880004260689
0.000316858000587672
0.0003023489989573136
0.0002611310046631843
0.00032014399766921997
0.0007500479987356812
0.0060856400086777285
0.006066713001928292
0.005916975991567597
0.00039486700552515686
0.00035812699934467673
0.00038141100958455354
0.00037463800981640816
0.00032795898732729256
0.00033330899896100163
0.0007724010065430775
0.006071222000173293
0.0002477550006005913
0.00028680999821517617
0.00022392900427803397
0.0002210240054409951
0.0002851570025086403
0.00023225600307341665
0.000255580001976341
0.00024292600573971868
0.0002625640045152977
0.00027504800527822226
0.0002657489967532456
0.00024220500199589878
0.0002566519979154691
0.00024931799271143973
0.0002685649960767478
0.00026966699806507677
0.00022931899002287537
0.00025387699133716524
0.00025408799410797656
0.00027590899844653904
0.0002055140066659078
0.00035401899367570877
0.0003488889924483374
0.00033463200088590384
0.0002981510042445734
0.00034641400270629674
0.0003606609971029684
0.0003556220035534352
0.0002117060066666454
0.00020848900021519512
0.00021589398966170847
0.0001829899993026629
0.0002126280014635995
0.00020795900491066277
0.00022816700220573694
0.00039820399251766503
0.00038507899444084615
0.00034755699743982404
0.00035125299473293126
0.0003601200005505234
0.0003974330029450357
0.00041414400038775057
0.0003915209963452071
0.000464060009107925
0.0004275399987818673
0.0004576270002871752
0.0004969830042682588
0.0005381009978009388
0.0006385439919540659
0.0005147570045664907
0.00032586499582976103
0.00033296900801360607
0.00037973799044266343
0.0003627149999374524
0.0003344420110806823
0.00034028300433419645
0.000367245011148043
0.006487799997557886
0.007036543000140227
0.005546565997065045
0.000364648993127048
0.004832907012314536
0.0008286789961857721
0.0008861189999151975
0.010647487011738122
0.00036921800347045064
0.00040173101297114044
0.006803686002967879
0.0007558590004919097
0.0055878950079204515
0.006413608003640547
0.0003112370031885803
0.0012503379984991625
0.00031288000172935426
0.00033071399957407266
0.006115547002991661
0.00567501199839171
0.001023422009893693
0.001912527994136326
0.005258673001662828
0.00035569199826568365
0.0017924569983733818
0.0055999890028033406
0.0010510849970160052
0.008496923997881822
0.005449518997920677
0.007002057012869045
0.007205046000308357
0.0012202499929117039
0.005433869999251328
0.0027524070028448477
0.00035340800241101533
0.0005787599948234856
0.005908429011469707
0.0049109870014945045
0.0012728810106636956
0.00011673399421852082
0.005329039006028324
0.00027666099776979536
0.005117523003718816
0.00028455498977564275
0.00588514500122983
0.005434389997390099
0.005408241006080061
0.00026872499438468367
0.005225129003520124
0.004918731006910093
0.005937945999903604
0.006780190989957191
0.00046615400060545653
0.00042390300950501114
0.0030177160078892484
0.0003532679984346032
0.005863814003532752
0.006388128997059539
0.0007158730004448444
0.000901979990885593
0.0003874730027746409
0.005890245010959916
0.00037023999902885407
0.005939117996604182
0.0012039389985147864
0.0005839700024807826
0.0002585360052762553
0.00010518199997022748
0.001311204003286548
0.002059057995211333
0.0003316060028737411
0.00036265599192120135
0.00034745599259622395
0.005632601008983329
0.00037875700218137354
0.0005406970012700185
0.0003600100026233122
0.005331684005795978
0.0007319030119106174
0.005181765998713672
0.0001695849932730198
0.0034267500013811514
0.005271137997624464
0.0005321299977367744
0.004867253010161221
0.0002479450049577281
0.00040876399725675583
0.006244884003535844
0.00036630299291573465
0.006537745997775346
0.0004193939967080951
0.0003980939945904538
0.0003151440032524988
0.00039273301081266254
0.009926344006089494
0.0011204779875697568
0.0003222980012651533
0.00038607999158557504
0.006328064002445899
0.0007365320052485913
0.006126919004600495
0.006554797990247607
0.0005197069986024871
0.00022634401102550328
0.005087996003567241
0.0004123010003240779
0.00036899799306411296
0.00024966899945866317
0.00041220099956262857
0.00011080199328716844
0.00041112900362350047
0.0004163980047451332
0.006258701003389433
0.0009098250011447817
0.008975901000667363
0.0016120310028782114
0.0005793409945908934
0.0003845169994747266
0.0013804570044158027
0.0003378879919182509
0.00037538999458774924
0.0003164770023431629
0.018042397001408972
0.009172377991490066
0.009385837998706847
0.0006161120109027252
0.0003596400056267157
0.00032381099299527705
0.007353401000727899
0.00036895700031891465
0.0036366830026963726
0.0007792140095261857
0.010789609994390048
0.0005110999918542802
0.007668714999454096
0.00595046000671573
0.0018561089964350685
0.0005669170059263706
0.00045129499631002545
0.0004261169960955158
0.0006772789929527789
0.006500134011730552
0.007974500986165367
0.009058540003024973
0.000850812008138746
0.00085544100147672
0.00032950199965853244
0.00042421399848535657
0.00043534499127417803
0.00014583900338038802
0.0007972190069267526
0.00013274500088300556
0.007447230993420817
0.0012432039948180318
0.00048166399938054383
0.0031992840085877106
0.0028388439968694
0.010492528992472216
0.006140534998849034
0.00041215999226551503
0.0008321649947902188
0.010108472997671925
0.006219104994670488
0.0007677819958189502
0.006246548000490293
0.0005680900067090988
0.00041982499533332884
0.00016894399595912546
0.0004690990026574582
0.0014634959952672943
0.005875155999092385
0.00018260999058838934
0.0004947990091750398
0.0008158249984262511
0.00028280199330765754
0.0010762440069811419
0.0006260610098252073
0.006399620993761346
0.006569136996404268
0.0028779380081687123
0.006142288009868935
0.00017478498921263963
0.0002657589939190075
0.00014105999434832484
0.00012682299711741507
0.0007589149900013581
0.00020613499509636313
0.00022781699954066426
1.2273012544028461e-05
0.00017859299259725958
0.005537058008485474
0.0004172000044491142
0.000644906991510652
0.00029469501168932766
0.00048288601101376116
0.00025090099370572716
0.00022958999034017324
0.00024125199706759304
0.00023358700855169445
0.000411879998864606
0.0004567760042846203
0.000657892000162974
0.0004634590004570782
0.0004410149995237589
0.00042434300121385604
0.00042158800351899117
0.0004278999986127019
0.00042714900337159634
0.00042439400567673147
0.0004385710053611547
0.00721180799882859
0.00019049599359277636
0.0003259350050939247
0.00027226199745200574
0.00021003199799451977
0.00032460301008541137
0.0003738169907592237
0.0003968410019297153
0.0004736679984489456
0.0006163220095913857
0.0004035239981021732
0.0001214219955727458
0.00011621300654951483
0.0003035120025742799
0.00027211199630983174
0.00024119300360325724
0.00030722899828106165
0.0003308549930807203
0.0004040549974888563
0.0003879939904436469
0.0008297409949591383
0.0004949889989802614
0.00014198198914527893
0.00020900000527035445
0.00019809999503195286
0.00023421901278197765
0.0002247809898108244
0.00022437999723479152
0.00025292600912507623
0.00017565699818078429
0.00017776100139599293
0.00020606500038411468
0.0002228279918199405
0.00010423999628983438
0.00040589900163467973
0.0004181409894954413
0.00042886199662461877
0.00042804099211934954
0.00042546600161585957
0.00043509399984031916
0.00043044598714914173
0.0004389420064399019
0.0004332910029916093
0.0001071760052582249
0.00022816700220573694
0.0011423910036683083
0.00043332100904081017
0.000519074994372204
0.006746126004145481
0.005754072990384884
0.0065664419962558895
0.005618363007670268
0.00023595200036652386
0.00025239400565624237
0.00025019999884534627
0.0067398339888313785
0.00047946999256964773
0.0004034440062241629
0.00032404199009761214
0.00029670899675693363
0.00030318100471049547
0.005159373002243228
0.00034641400270629674
0.00016559800133109093
0.00012212400906719267
0.00817265099612996
0.0066269870003452525
0.0049383190053049475
0.007484963003662415
0.006640583000262268
0.008629438001662493
0.00824829599878285
0.00903282999934163
0.007275210999068804
0.007890218999818899
0.006409831010387279
0.007134340004995465
0.008026782001252286
0.007318994990782812
0.007394729997031391
0.006460589007474482
0.008093440002994612
0.007606786006363109
0.009321543999249116
0.007415268992190249
0.007905719001428224
0.007196057995315641
0.008328290001372807
0.007530279995989986
0.0069578819966409355
0.0010897799947997555
0.005747079994762316
0.0007971379964146763
0.005436575011117384
0.0007869090040912852
0.005546525993850082
0.0065576240012887865
0.0071670329925836995
0.006123772996943444
0.00031221901008393615
0.0002756890025921166
0.0002363840030739084
0.00031030499667394906
0.0002756589965429157
0.005189600997255184
0.006638770006247796
0.0053480139904422686
0.006699666992062703
0.006257408997043967
0.0054313050059136
0.006537355002365075
0.00614973199844826
0.006198335002409294
0.006231069011846557
0.006357068996294402
0.00028322300931904465
0.0067001279967371374
0.00736815900017973
0.006380944992997684
0.005907718004891649
0.005887388993869536
0.00574331299867481
0.005546165004489012
0.00539459400170017
0.006395953998435289
0.005776496007456444
0.005194000012124889
0.005900493997614831
0.005568919004872441
0.006261888003791682
0.006156615010695532
0.005660323004121892
0.005643141004838981
0.0064180769986705855
0.006508089994895272
0.00625013500393834
0.006563696006196551
0.005648920996463858
0.005645975994411856
0.005384364994824864
0.005415063991677016
0.006524199998239055
0.006019221997121349
0.00546338599815499
0.006353563003358431
0.005512300005648285
0.006423778002499603
0.006166555001982488
0.006692973998724483
0.006959745005588047
0.0058793640055228025
0.006889400989166461
0.00031817000126466155
0.00023346798843704164
0.00022421000176109374
0.00018351200560573488
0.005300264005200006
0.004968356995959766
0.006755283000529744
0.005862341000465676
0.005397198998252861
0.00687948199629318
0.0003492800024105236
0.00030942300509195775
0.0003211860021110624
0.00029047699354123324
0.0002942950086435303
0.00028331299836281687
0.0002655790012795478
0.0002901560073951259
0.0003076699940720573
0.00029636899125762284
0.0002884829882532358
0.0002948360051959753
0.0003086020005866885
0.006647406000411138
0.00033071399957407266
0.005633812994346954
0.005703777002054267
0.005804198997793719
0.005091732993605547
0.00575255999865476
0.005714587998227216
0.0056378510053036734
0.004997973999707028
0.005402659997344017
0.000290387004497461
0.0007790439995005727
0.00027415600197855383
0.00036227499367669225
0.0003241619997425005
0.00035824699443764985
0.00780436499917414
0.0010480900091351941
0.00018013600492849946
0.00035396798921283334
0.00032573500357102603
0.0064266729896189645
0.0055015499965520576
0.006508329999633133
0.0003382379945833236
0.00029198000265751034
0.0002858380030374974
0.0003022799937753007
0.00029400399944279343
0.000290237003355287
0.00026499800151214004
0.00030265000532381237
0.00029007600096520036
0.0002668719971552491
0.0002793649910017848
0.00027334399055689573
0.0003015589900314808
0.0003000650031026453
0.0003071190003538504
0.0002978810080094263
0.0003069689992116764
0.0003013679961441085
0.0002866899885702878
0.0002989930071635172
0.00029874300525989383
0.00030667800456285477
0.0002967789914691821
0.00028683998971246183
0.00029897299828007817
0.0002919799881055951
0.0003082009934587404
0.00029370299307629466
0.0002994640090037137
0.0002673720009624958
0.00028551700233947486
0.0003243209939682856
0.00030943300225771964
0.005722132002119906
0.006169580010464415
0.007144629998947494
0.006229094011359848
0.00031545500678475946
0.0002709399996092543
0.0002731540007516742
0.0002642070030560717
0.00027857399254571646
0.00026607999461703
0.0002647479996085167
0.00030491501092910767
0.0002829220029525459
0.00028766201285179704
0.00029870300204493105
0.0003017890121554956
0.00030749000143259764
0.00029537599766626954
0.0003029109939234331
0.00027238199254497886
0.0002939040132332593
0.0003096040018135682
0.0002913389907917008
0.00029371299024205655
0.00028809200739488006
0.0002833239996107295
0.00028795200341846794
0.0002627740032039583
0.0002555700048105791
0.0005201269959798083
0.005303258993080817
0.00029686900961678475
0.00036028100294061005
0.0005236139986664057
0.0003901080053765327
0.0003350730112288147
0.0004959009966114536
0.0002583349996712059
0.0003952280094381422
0.0003503420011838898
0.0004227410099701956
0.007129069999791682
0.00805965501058381
0.007090034996508621
0.006975475000217557
0.00765923700237181
0.006884922011522576
0.006756304996088147
0.0004085340042365715
0.0002986530016642064
0.007528294998337515
0.007332509994739667
0.005130448000272736
0.00020139600383117795
0.00672053599555511
0.005004487000405788
0.0004848989919992164
0.0004016299935756251
0.00012293600593693554
0.005009454995160922
0.005113034989335574
0.0004275999963283539
0.0002681740006664768
0.00032010299037210643
0.00622001699230168
0.005909250990953296
0.00036422799166757613
0.00644843399641104
0.013037779994192533
0.00563608699303586
0.0002062860003206879
0.00024082200252451003
0.011600864992942661
0.004971803005901165
0.000244819006184116
0.000306076995912008
0.004870157994446345
0.00030341200181283057
0.0002315239980816841
0.00030942300509195775
0.00026334500580560416
0.0002542269940022379
0.00021536299027502537
0.0002250319957965985
0.0004092640010640025
0.00043035499402321875
0.00039835399365983903
0.0002897060039686039
0.0002939640107797459
0.00028163001115899533
0.0002654389973031357
0.000356203003320843
0.00029646800248883665
0.0002787039993563667
0.0002770309947663918
0.0002781140065053478
0.00027244299417361617
0.00029085800633765757
0.00027741200756281614
0.00028370399377308786
0.0002734339941525832
0.00026387600519228727
0.00027522799791768193
0.00026859500212594867
0.00028088899853173643
0.0002638660080265254
0.00026683199394028634
0.000492583989398554
0.00038715300615876913
0.0004540509980870411
0.00044803900527767837
1.1060998076573014e-05
0.0006118129967944697
0.0003196829929947853
0.00026356600574217737
0.00031878199661150575
0.0005653840053128079
0.004663100990001112
1.4577992260456085e-05
0.0006179540068842471
0.0009802900021895766
0.0007234170043375343
0.0003904890036210418
0.002030773990554735
0.00017490600293967873
1.2824995792470872e-05
0.0002326860121684149
1.077100750990212e-05
0.0068042880011489615
0.0006147990061435848
0.000265650000073947
0.0004571669996948913
0.00638463300128933
0.0016010899998946115
0.0074294660007581115
0.000574231002246961
1.2283999240025878e-05
0.0006398770055966452
0.004929953007376753
1.7704005585983396e-05
0.000845260001369752
0.0006577610038220882
0.00030545599292963743
0.005371018996811472
1.7714002751745284e-05
0.0008069870091276243
0.0007700959977228194
0.0013928810076322407
0.0001964169932762161
0.0007838729943614453
1.0179996024817228e-05
0.00016924399824347347
0.0005750319978687912
0.001049202008289285
1.2853997759521008e-05
0.00029197000549174845
0.0047410109982592985
0.00015175100998021662
0.0002692260022740811
0.0004651119961636141
0.0007523130043409765
0.0007680229900870472
0.0009487589995842427
0.008345221998752095
0.0002778430061880499
0.004781387993716635
0.00045185600174590945
0.0005824469990329817
0.0007710180070716888
0.006767697996110655
2.3975997464731336e-05
0.0003006269980687648
0.007111926999641582
0.0005094169900985435
0.00045849900925531983
0.00016387400683015585
0.0003165870002703741
0.00021832899074070156
0.005445132002932951
0.0006742130062775686
0.000184022996108979
0.006713762995786965
0.0005532610084628686
0.007446388000971638
2.1141007891856134e-05
0.005147129995748401
0.006145474995719269
1.9858009181916714e-05
1.3284996384754777e-05
1.889698614832014e-05
0.007447661002515815
0.0001896030007628724
0.00616044198977761
0.0058470120129641145
0.00042008599848486483
0.0005296749877743423
0.00026899600925389677
0.0003986550000263378
0.0003457429993432015
1.1732001439668238e-05
0.001528370994492434
1.4046992873772979e-05
8.806993719190359e-06
0.005058919996372424
1.8905993783846498e-05
1.4627992641180754e-05
0.0004831059923162684
0.00018062599701806903
0.00034291700285393745
0.00029467500280588865
0.0003553120041033253
0.0005304669903125614
0.00015971600078046322
1.4267003280110657e-05
0.00035576299706008285
1.0410003596916795e-05
0.00020052400941494852
0.0006989499961491674
1.2995005818083882e-05
0.0068710150080733
0.0002962480066344142
0.0005294659931678325
1.3766009942628443e-05
0.00017994499648921192
0.0004551530000753701
0.00039892501081340015
0.0015114580019144341
0.007555759002570994
0.001138082006946206
0.0007956459885463119
0.0007284169987542555
1.708300260361284e-05
0.0003747989976545796
0.0006659170030616224
0.0005976160027785227
0.000560013999347575
1.0781004675664008e-05
0.0001648860052227974
0.000788952995208092
9.948998922482133e-06
0.0003490689996397123
0.00029639899730682373
0.0005779780040029436
0.0006049910007277504
0.00022189599985722452
0.0004901000065729022
0.0005085559969302267
0.0009070689993677661
0.00038012900040484965
9.327995940111578e-06
0.0005539519916055724
0.00015070800145622343
0.0009346729930257425
0.0002638360019773245
0.0001750859955791384
0.00035045199911110103
0.0004151259927311912
0.0005095469969091937
0.0051711959968088195
0.0003827640030067414
0.000450624997029081
0.00028233199554961175
0.00013721401046495885
0.0005562769947573543
0.0007935210014693439
0.000827495998237282
2.527900505810976e-05
0.006441521007218398
0.00052051899547223
0.0059842859918717295
0.00039468699833378196
0.000655726995319128
0.006103302992414683
0.0002178370050387457
0.0004123210092075169
0.00041251099901273847
0.00044406100641936064
0.00046277699584607035
0.00033540299045853317
0.005901305994484574
0.0010017610038630664
0.0008656900026835501
0.00027651099662762135
0.0003634269960457459
0.00019260898989159614
1.6170990420505404e-05
0.00043219899816904217
0.000278503997833468
0.00029050798912066966
0.0005799220089102164
0.0004979350051144138
0.005946051998762414
0.0009241119987564161
0.00042803099495358765
0.005008524007280357
0.0009107170044444501
0.00045967100595589727
0.006725616010953672
0.0002980519930133596
0.0003854789974866435
0.000684942991938442
1.8174992874264717e-05
0.0014552609936799854
0.0006085969944251701
0.000601954001467675
0.0006705350097035989
1.5119003364816308e-05
0.0007815290009602904
0.00026333500863984227
0.00035223599115852267
0.00021520200243685395
1.0791001841425896e-05
0.0004050459974678233
0.0006052009994164109
0.0006095989956520498
0.0002778830094030127
0.00022066300152800977
0.0009730059973662719
9.759009117260575e-06
0.0003581569908419624
0.005088296995381825
0.0006056809943402186
0.0005530000053113326
0.0018724599940469489
0.0006527420046040788
0.006839745998149738
0.0003031009982805699
0.0006595250015379861
0.0008243109914474189
1.528998836874962e-05
0.006058376005967148
1.6160993254743516e-05
0.00019902200438082218
0.00559316499857232
0.0006270330050028861
0.0001929600111907348
0.0017023740074364468
0.000553361009224318
0.00662818001001142
0.004491062005399726
0.00036933799856342375
0.00036067199835088104
1.1611991794779897e-05
0.00016843299090396613
0.0004146550054429099
0.0005890390020795166
0.00040650900336913764
0.002066832996206358
0.005078397996840067
0.006954034004593268
0.0005141760047990829
0.0003930529928766191
0.0005175529950065538
0.007789025999954902
0.0003970709949498996
0.0008664209890412167
0.006160944001749158
0.000898843994946219
0.0051605850021587685
0.0005808440037071705
0.0003426269977353513
0.0001488150010118261
0.0005929969920543954
0.0005708649987354875
0.004955131997121498
0.0005391529994085431
0.007152404999942519
2.0399005734361708e-05
1.4848992577753961e-05
0.0006008619966451079
0.0005082439893158153
0.000380490004317835
0.0008473849884467199
0.00040764198638498783
0.009919281001202762
1.957800122909248e-05
0.0006971670081838965
0.0056100170040735975
0.0003741370019270107
0.00033692599390633404
0.0003751089971046895
0.00046592300350312144
0.00038230299833230674
0.00017500598914921284
1.0018993634730577e-05
0.00022694500512443483
0.0006553569983225316
0.00032543399720452726
0.000425947000621818
0.0001433549914509058
1.236399111803621e-05
0.00025665300199761987
0.00029061699751764536
0.0058765280118677765
0.0009451420046389103
0.0007701269933022559
0.0003084719937760383
0.00030156799766700715
0.00037773400254081935
0.0007199699903139845
0.0004941179940942675
0.00036930799251422286
0.00021088500216137618
0.00030867199529893696
0.000555796010303311
0.0005600140138994902
0.00019295999663881958
0.010057636012788862
0.0006893819954711944
0.008351153010153212
0.0004893889999948442
0.0005493929929798469
0.006499964001704939
0.0005583909951383248
0.0006905939953867346
1.0599993402138352e-05
0.00018094699771609157
1.0891002602875233e-05
0.005968183992081322
0.0015654320013709366
0.004651909999665804
1.913700543809682e-05
1.0579999070614576e-05
0.000686044993926771
0.00043235899647697806
0.0004206660087220371
0.0005131240031914786
0.000306097004795447
1.497899938840419e-05
0.0001733719982439652
0.000330945011228323
0.00031716900411993265
0.006777516013244167
0.006329197000013664
0.0006050100055290386
0.0004439210024429485
0.00017536600353196263
0.0010365079942857847
0.0005826779961353168
0.0004910110001219437
1.9917992176488042e-05
0.00027948599017690867
1.1391995940357447e-05
0.0005419990047812462
0.0001243779988726601
0.004669504007324576
0.00034631500602699816
0.00025189299776684493
0.0003289500018581748
0.0005851110036019236
0.005478094986756332
0.005970549012999982
0.0015929140063235536
0.007013948998064734
0.006485314996098168
0.00045179598964750767
1.6291000065393746e-05
0.00067169799876865
0.0005057689995737746
0.0003564129874575883
0.0003196929901605472
0.0006121839978732169
0.0061446030013030395
1.935700129251927e-05
0.0004890080017503351
0.0009674549946794286
0.0002955370000563562
0.00046702599502168596
0.0015482390008401126
0.0005694919964298606
0.00044572500337380916
0.0002852769976016134
0.00039379500958602875
0.000544583992450498
0.008175527007551864
0.0002479459944879636
0.0001324849872617051
0.00014930700126569718
0.0004936869954690337
0.007456327002728358
0.0006851840007584542
0.000594019002164714
0.0013084789970889688
0.01111545400635805
0.0003559519973350689
0.00032767899392638355
0.00031563499942421913
0.000305235997075215
0.0003040629962924868
0.0003055460110772401
0.000306226997054182
0.00031982301152311265
0.00031599600333720446
0.00031766900792717934
0.0003175290039507672
0.000324462991557084
0.00034640400554053485
0.00030789998709224164
0.00030586599314119667
0.0003137519961455837
0.00030721900111529976
0.0003340399998705834
0.0003089419915340841
0.00030903199512977153
0.00031480401230510324
0.0003094629937550053
0.00030433399660978466
0.00030374199559446424
0.0003039330040337518
0.00030358199728652835
0.000304995002807118
0.000307067995890975
0.005962923998595215
0.0051286039961269125
0.0010003690113080665
0.0003942659968743101
0.0003882849996443838
0.005450791999464855
0.0058532440016279
0.0058828510082094
0.0065624029957689345
0.005731650002417155
0.007557431992609054
0.007477368009858765
0.006482761004008353
0.006618871993850917
0.008087598005658947
0.004818469999008812
0.004619968996848911
0.005098505993373692
0.00471964999451302
0.00460516000748612
0.005047708997153677
0.0048844770062714815
0.00511051899229642
0.004633454998838715
0.00454445400100667
0.004486132995225489
0.004908952992991544
0.004476693997276016
0.004939150996506214
0.0048004250129451975
0.005403069997555576
0.004900125990388915
0.004859948996454477
0.004350140996393748
0.004756860987981781
0.004579892003675923
0.005342474003555253
0.00495637500716839
0.006112720991950482
0.005343647004337981
0.005731049008318223
0.005660855007590726
0.00579086400102824
0.00575474499783013
0.005473676006658934
0.006091098999604583
0.005022531011491083
0.00520834700728301
0.0051006499998038635
0.005455931997857988
0.005184882000321522
0.0050199260003864765
0.005082364994450472
0.0055059580045053735
0.005103464995045215
0.005154123005922884
0.004998664997401647
0.005389894999098033
0.005201573992962949
0.00558045000070706
0.005173030003788881
0.005299391996231861
0.005207226000493392
0.005593795998720452
0.0003907589998561889
0.005129536002641544
0.005160986998816952
0.005131489000632428
0.005556023999815807
0.005651666986523196
0.00562746099603828
0.005546846005017869
0.00517431199841667
0.005209729992202483
0.004844638999202289
0.0004950190050294623
0.0005411580059444532
0.00031124700035434216
0.000673211005050689
0.00041429500561207533
0.0005327919934643432
0.0003181899955961853
0.0006195080059114844
0.0011247270012972876
0.00033139500010292977
0.00034312800562474877
0.0003248430002713576
0.0003239109937567264
0.0003233500028727576
0.00032477300555910915
0.0003233699972042814
0.00035568200109992176
0.0003341910050949082
0.00033289799466729164
0.0003349530015839264
0.0003328080056235194
0.00033203700149897486
0.0003103950002696365
0.0003093730047112331
0.00031103601213544607
0.00033786801213864237
0.0003302429977338761
0.00033512299705762416
0.00033312899176962674
0.00034248598967678845
0.0003124799986835569
0.00030588700610678643
0.0003061769966734573
0.0003057870053453371
0.0003102149930782616
0.0003075889981118962
0.0003108160017291084
0.0051754239975707605
0.0003586879902286455
0.00034348899498581886
0.000343217994668521
0.0003358129906700924
0.00033814900962170213
0.0004917129990644753
0.00044601499394048005
0.0004096360062249005
0.00030542600143235177
0.00029870300204493105
0.00031874100386630744
0.00031543499790132046
0.00030054699163883924
0.0003098749875789508
0.0003113569982815534
0.0003044539917027578
0.0003122789930785075
0.00032778800232335925
0.00031086600210983306
0.00030262999644037336
0.0003105859941570088
0.0004078519996255636
0.0004160880052950233
0.0004255259991623461
0.00040253199404105544
0.0004268180055078119
0.00042036600643768907
0.00029844199889339507
0.0003015489928657189
0.00029707000066991895
0.0003130999975837767
0.00030063599115237594
0.00030958399293012917
0.0003085719945374876
0.0003246529959142208
0.00032597499375697225
0.0003063869953621179
0.0003016679984284565
0.00030619700555689633
0.00029978499514982104
0.00029316199652384967
0.0003005470061907545
0.0002755979949142784
0.00028599900542758405
0.00028574799944180995
0.00026817500474862754
0.00027738200151361525
0.00028381499578244984
0.00026151099882554263
0.0002615220000734553
0.00026050899759866297
0.00025496899615973234
0.0002627039939397946
0.0002765499957604334
0.00025765399914234877
0.00026676100969780236
0.00026788399554789066
0.00025728299806360155
0.0002628439979162067
0.0002668509987415746
0.0002757879992714152
0.00036554099642671645
0.00037816599069628865
0.00028609800210688263
0.00028753100195899606
0.0003019090072484687
0.0002584060130175203
0.0002669509995030239
0.00027317399508319795
0.0002554399979999289
0.0002547290059737861
0.000252014011493884
0.00024655299785081297
0.00026440699002705514
0.00026061999960802495
0.00024837598903104663
0.0002566819894127548
0.0002573039964772761
0.0002470239996910095
0.0002525939926272258
0.00025780500436667353
0.00025190300948452204
0.00024546099302824587
0.00025472800189163536
0.0007770800002617761
0.000698730000294745
0.0007172949990490451
0.0007077070040395483
0.0007703270093770698
0.0007408410019706935
0.0007114939944585785
0.0007012749993009493
0.0007070860010571778
0.0006892620003782213
0.0006881099980091676
0.0006835910025984049
0.0006998419994488358
0.0006986499938648194
0.000688230007654056
0.0006879090069560334
0.0006959140009712428
0.0008072280033957213
0.0010986570123350248
0.0007062140066409484
0.00069885999255348
0.0007208419992821291
0.0006903939938638359
0.0007029080006759614
0.0006954339914955199
0.0006851539947092533
0.0006800239934818819
0.0006814059888711199
0.0050098370120394975
0.004727564999484457
0.0052442460000747815
0.004909253999358043
0.004753715998958796
0.004677670003729872
0.005227522997302003
0.0048079289990710095
0.0050463060033507645
0.005022330005886033
0.005342996009858325
0.005180815001949668
0.005175965998205356
0.0055034929973771796
0.008862874994520098
0.008423471997957677
0.004879135987721384
0.004794754000613466
0.004745179001474753
0.004831504003959708
0.004749437008285895
0.004863907000981271
0.004847675998462364
0.005007170999306254
0.0049171680002473295
0.004854439001064748
0.004937277000863105
0.004881850996753201
0.004823909999686293
0.004809602003660984
0.004765748992213048
0.004799142989213578
0.004839229004574008
0.004860911009018309
0.004848668002523482
0.0048405319976154715
0.0048152729868888855
0.004868946998612955
0.004736593007692136
0.004824952004128136
0.004903102002572268
0.004951725000864826
0.004809531994396821
0.005216161996941082
0.005237782999756746
0.005200191997573711
0.00540270000055898
0.0048075380036607385
0.005000588993425481
0.005241940991254523
0.005193628006963991
0.005096492997836322
0.005340169998817146
0.004992622998543084
0.005165474998648278
0.004948287998558953
0.005266528009087779
0.004940935003105551
0.0051630300004035234
0.004938459998811595
0.005398210996645503
0.005237201999989338
0.0049076809955295175
0.004836274005356245
0.0049769530014600605
0.0047786740033188835
0.0048144519969355315
0.004878976003965363
0.005213687996729277
0.005108646000735462
0.0048489070031791925
0.00473208399489522
0.005271287998766638
0.005132360995048657
0.004782952004461549
0.004731042005005293
0.005080332004581578
0.0048200430028373376
0.004906066998955794
0.004752302003907971
0.00491603699629195
0.004841112997382879
0.004852875994401984
0.004824532006750815
0.004812468003365211
0.004735651004011743
0.004925455010379665
0.004708729000412859
0.004845301009481773
0.004751050000777468
0.0051124739984516054
0.004887332004727796
0.0048221159959211946
0.004916977995890193
0.004749938001623377
0.005063570002675988
0.004925264001940377
0.004785877012182027
0.004814401996554807
0.004900757005088963
0.004812739003682509
0.004783021999173798
0.004779003997100517
0.004706816005636938
0.00487391599745024
0.0047474530001636595
0.0047371840046253055
0.004757192000397481
0.004815714011783712
0.004756790993269533
0.004875328988418914
0.004775577996042557
0.004706195002654567
0.004846292998990975
0.0047954659967217594
0.004756260997965001
0.004889666000963189
0.004858086002059281
0.004792610998265445
0.004714610011433251
0.004628895010682754
0.004591934994095936
0.0045048079919070005
0.004466344005777501
0.0046980090119177476
0.004680866011767648
0.004628123992006294
0.0047086890117498115
0.00037718299427069724
0.00036918799742124975
0.00036607199581339955
0.00037541000347118825
0.0003710309974849224
0.0003717030049301684
0.00036008001188747585
0.0003607520047808066
0.0003538780001690611
0.000352115006535314
0.00035375899460632354
0.00037289501051418483
0.0003569639957277104
0.00035701500019058585
0.00035880799987353384
0.0003496510034892708
0.00036641200131271034
0.0003578569885576144
0.0003603410004870966
0.00037578098999802023
0.00039819400990381837
0.00038645099266432226
0.0003802190040005371
0.00040156999602913857
0.0003811009955825284
0.00039269299304578453
0.0003774030046770349
0.00039437699888367206
0.00028217199724167585
0.0005252670089248568
0.00039469699549954385
0.006015405000653118
0.006096019002143294
0.00113014699309133
0.00477381500240881
0.0008035010105231777
0.004655155993532389
0.004684612998971716
0.005020718002924696
0.005757288992754184
0.004665636995923705
0.0003429080097703263
0.00032459299836773425
0.005062016993178986
0.0052511989924823865
0.005611681001028046
9.202701039612293e-05
0.004411178990267217
6.822100840508938e-05
0.004565784998703748
0.0004099159996258095
0.003396303000045009
0.001047539000865072
0.004516580011113547
0.005082155010313727
0.006292265999945812
0.001898781003546901
0.005276948999380693
0.004682098006014712
0.004654014002881013
0.004895958001725376
0.0075049409933853894
0.0003674649924505502
0.008350742995389737
0.006100427999626845
0.005005557992262766
0.0057168720086338
0.0004445429949555546
0.004559533001156524
6.218899216037244e-05
0.004813730003661476
0.004718808006145991
0.005227032990660518
0.000804812996648252
0.0013804570044158027
0.0005953719955869019
0.000342697006999515
0.005432787991594523
0.006022847999702208
0.005219187994953245
0.00030697799229528755
0.008214090994442813
0.004903020992060192
0.0012884899915661663
0.0005806629924336448
0.0007583739934489131
0.006280613990384154
0.0007568620058009401
0.0005387230048654601
0.004366122011560947
0.005952634004643187
0.004616942998836748
0.0010934759920928627
0.006292826001299545
0.00027552800020202994
0.009492322002188303
0.006014012004015967
0.006376326011377387
5.558700649999082e-05
0.0010936769976979122
0.0012873880041297525
0.00031657700310461223
0.006957420991966501
0.00718049900024198
0.004562978996546008
0.0006048290088074282
0.004811055987374857
0.0006263809918891639
0.0018816780066117644
0.0010310670040780678
0.004813470004592091
0.004478246992221102
0.00034499200410209596
0.004672530005336739
0.005397680011810735
0.0005792010051663965
0.001289323001401499
0.006612689991015941
0.006199408002430573
0.0055682270030956715
0.006410561996744946
0.004550286001176573
0.0022183440014487132
5.075700755696744e-05
0.006251807993976399
0.0020869620057055727
0.00034256700018886477
0.004746872000396252
0.004677599004935473
0.0004886469978373498
0.004749136991449632
0.0016114799946080893
0.005476150996400975
0.000506492011481896
0.00023553200298920274
0.006625084002735093
0.00033039400295820087
0.0004376090073492378
0.006123070998000912
0.0007132969913072884
0.00150258099893108
0.0010926659888355061
0.005153862002771348
0.0012386149901431054
0.004522582006757148
0.0003489290102152154
0.004846042997087352
0.005326242986484431
0.0006534429994644597
0.0007075059984344989
0.0050786279898602515
0.000628805995802395
0.005260046003968455
0.0011088360042776912
0.0012394670047797263
0.008105611996143125
0.00526076799724251
0.005843474995344877
0.005902949007577263
0.005243102990789339
0.0003608010010793805
0.004991200999938883
0.005536055003176443
0.010614412996801548
0.0013967179984319955
0.004946183995343745
0.005077765992609784
0.00625706699793227
0.00526727999385912
0.008829680999042466
0.006030182994436473
0.004864807997364551
0.00683860300341621
0.001006770005915314
0.00038337499427143484
0.006301082990830764
0.005585660008364357
0.008745038998313248
0.004889525996986777
0.007172162993811071
0.004818700006580912
0.0008000140078365803
4.324299516156316e-05
0.005425121998996474
0.0005603949975920841
0.004373495990876108
0.004733195994049311
0.0003259249933762476
0.004525297990767285
0.005158782005310059
0.006202192002092488
0.005398471999797039
0.006818895009928383
0.005314089998137206
0.005496028999914415
0.005957443994702771
0.005136819992912933
0.005145135000930168
0.004554643994197249
0.0009611629939172417
0.005497991995071061
0.00019175799388904124
0.005279654011246748
0.005638240996631794
0.0004972940078005195
0.005692584993084893
0.004815092994249426
0.0012129060050938278
0.0006438550044549629
0.005102463997900486
0.004577917992719449
0.000914274001843296
0.001237173011759296
0.004813969993847422
0.005836671989527531
0.005915642992476933
0.005203458000323735
0.004868786010774784
0.0010457160096848384
8.6856001871638e-05
0.0010956909973174334
0.00020279899763409048
0.005339558993000537
9.023299207910895e-05
0.005882298995857127
0.004473126988159493
0.0053848560055484995
0.004446485996595584
0.00439906599058304
0.00037512899143621325
0.00034007200156338513
0.009890123998047784
0.0014175690012052655
0.0005623180040856823
0.00034085400693584234
0.004566446004901081
0.008056678998400457
0.0037223370018182322
0.0010760929872049019
0.0003385290037840605
0.0010326500050723553
0.00527441399754025
0.0003236699994886294
2.017899532802403e-05
0.007085817007464357
0.0002291290002176538
0.004605490990797989
0.0005147269985172898
0.002460869000060484
0.000301559004583396
0.0020752290001837537
0.006939446000615135
0.003935496002668515
0.005378924004617147
0.0006530219980049878
0.004873544996371493
0.0008705189975444227
0.0012097190046915784
0.0047081280063139275
0.005742250999901444
0.005339218012522906
0.00030596699798479676
0.0020202340092509985
0.00029706000350415707
0.004908571994747035
0.006821399991167709
0.00033866899320855737
0.0096476589969825
0.0046912050020182505
0.00030771100136917084
0.0003279980010120198
0.000618846999714151
0.004509297010372393
0.006315199003438465
0.0001802059996407479
0.00444736800272949
4.134899063501507e-05
0.006043949993909337
0.0011527699971338734
0.0008995249954750761
0.000743345997761935
4.025800444651395e-05
0.005223136002314277
0.0012864360032835975
0.000985189006314613
0.0032697200076654553
0.0010781169985421002
0.00016586801211815327
0.004797359011718072
0.006322172994259745
0.004810874990653247
0.004433670997968875
0.002482138996128924
0.004670916998293251
0.004805174001376145
0.0003255540068494156
0.00418586700106971
0.007066068996209651
0.009102844007429667
0.005101192000438459
0.0008780939970165491
0.0010484810045454651
0.008825021999655291
0.0027271590079180896
0.001194961994769983
0.004657751007471234
0.004761830990901217
0.00087021900981199
0.004755700007081032
0.00561481699696742
0.0004854010039707646
0.00048653299745637923
0.0004917229962302372
0.0052770580077776685
0.0054068280005594715
0.0066113679931731895
0.004761830990901217
0.004447577986866236
0.004508173995418474
0.0052730710012838244
0.0003361749986652285
0.004240381007548422
0.0064186179952230304
0.00881597500119824
0.004487335012527183
0.005027469989727251
0.005579087999649346
9.54730057856068e-05
4.340300802141428e-05
0.0003680259978864342
0.011347639010637067
0.0010864140058401972
0.0006693330069538206
0.005000759003451094
0.004875910002738237
0.0009192019933834672
0.00560933600354474
0.0014582970034098253
0.004812518993276171
0.0047796449944144115
0.001180263003334403
0.0051734909939114004
5.276199954096228e-05
4.434499714989215e-05
0.0005071729974588379
0.0008502099954057485
0.004257684006006457
0.005140045992447995
0.0006448560015996918
0.0004565249982988462
0.005413389997556806
0.004915845987852663
0.006826589989941567
0.005675061998772435
0.007396802990115248
5.318201147019863e-05
0.005967161996522918
0.005520916005480103
0.0069998219987610355
0.004363476997241378
0.0015527670038864017
0.005315893009537831
0.0005641520110657439
0.0003409240016480908
0.0019035500008612871
0.005164654008694924
0.0014469940069830045
0.007345054007600993
0.005351140993298031
0.005579497999860905
0.0015507230127695948
0.005019133997848257
0.00523483801225666
0.0045017629890935495
0.008829350001178682
0.0017317109886789694
0.005332515996997245
0.010083315006340854
0.004681065998738632
0.004996361007215455
0.006532915998832323
0.0006619499908993021
0.0021218990004854277
0.00106053298804909
0.0014453409967245534
0.0011443139956099913
0.00031801000295672566
0.004956595003022812
0.0003874930116580799
0.001393783008097671
0.005265877000056207
0.004336896003223956
0.002022629007115029
0.000563470006454736
0.004807988996617496
0.004591595003148541
0.004202227006317116
7.948301208671182e-05
0.0004280909925000742
0.0014430470037041232
0.004621261003194377
0.00516059499932453
0.0006612879951717332
0.006656083001871593
0.0005752930010203272
0.005378814006689936
0.005085711993160658
0.0014177590055624023
7.969299622345716e-05
0.0054234790004557
0.0010121700033778325
0.00034586299443617463
0.00485004999791272
0.0016487919929204509
0.004827436991035938
0.0016535409959033132
0.001253944996278733
0.004571024997858331
0.00035316700814291835
0.0005464480054797605
0.00034093399881385267
0.0004535100015345961
0.0006603060028282925
0.0049048549990402535
0.005034474001149647
0.0006919870065758005
0.00631764400168322
0.007342320008319803
0.008981712991953827
0.0050774160044966266
0.0005407569988165051
0.005823307001264766
0.00483331699797418
0.0017394250025972724
0.00031707799644209445
0.005104647992993705
0.004800194001290947
0.006381346000125632
0.004717204996268265
0.005413591003161855
0.0010241139971185476
0.009803909008041956
0.0004701120051322505
0.006520192997413687
0.006328314004349522
0.00038185300945769995
0.006228423007996753
0.005063078002422117
0.006118742006947286
0.005077506008092314
0.006293897997238673
0.004906178000965156
0.006163529003970325
0.005095130007248372
0.005021859004045837
0.006216850990313105
0.005142680995049886
0.006151124995085411
0.005063279997557402
0.004898182000033557
0.006149993001599796
0.0050292129890294746
0.005195202000322752
0.005341882992070168
0.005125958996359259
0.0004764940094901249
0.0005213200056459755
0.00048223399790003896
0.00047816699952818453
0.0047527830029139295
0.0048345199902541935
0.004779444992891513
0.004769496008520946
0.006659720005700365
0.005474657999002375
0.006554018007591367
0.005184670997550711
0.006626165006309748
0.00540290999924764
0.006538326997542754
0.0057337749894941226
0.006575619001523592
0.0057761460047913715
0.006723343001795001
0.005666264987667091
0.007279558005393483
0.00543076399480924
0.006478712995885871
0.005270976995234378
0.00645239299046807
0.005470780000905506
0.00637721800012514
0.006016788000124507
0.008245259989053011
0.006578675005584955
0.006117390003055334
0.007390151004074141
0.008244779994129203
0.006732559006195515
0.0064911069930531085
0.007036062001134269
0.007752656005322933
0.0065545589895918965
0.00607555900933221
0.006718652992276475
0.007913123990874738
0.006541192997246981
0.006035622995113954
0.006858421009383164
0.00811685499502346
0.006667505003861152
0.005955398999503814
0.0067222800134914
0.005729667012928985
0.007144389994209632
0.005855348004843108
0.007091677995049395
0.005474346995470114
0.006588282994925976
0.005466871996759437
0.006745656006387435
0.00563809099548962
0.006694077004794963
0.005618283001240343
0.007997615000931546
0.005746669005020522
0.007737216001260094
0.006550120000611059
0.0077874319977127016
0.006610925993300043
0.0056618670059833676
0.00644783400639426
0.007617748007760383
0.006487419988843612
0.005607632003375329
0.006352992000756785
0.007784557004924864
0.006620354994083755
0.005568237000261433
0.006483801989816129
0.007819253994966857
0.006411704001948237
0.005452534998767078
0.006295541999861598
0.005893210007343441
0.0066052949987351894
0.005372161002014764
0.006247900004382245
0.005579659002250992
0.006158578995382413
0.006087212008424103
0.005434951002825983
0.006132559996331111
0.005296877003274858
0.006237109992071055
0.006180159994983114
0.005419631997938268
0.0049908399960258976
0.004998764998163097
0.005090070000733249
0.0005296159943100065
0.00045749699347652495
0.00046151499554980546
0.004779194001457654
0.004757994000101462
0.004682749000494368
0.006763830009731464
0.006388950991095044
0.007307772990316153
0.005513372001587413
0.0069045189884491265
0.005485467991093174
0.0064959449955495074
0.005280665995087475
0.0066597400000318885
0.005554000003030524
0.006526515004225075
0.0053694359958171844
0.006561511996551417
0.005429621989605948
0.006274961997405626
0.006874951999634504
0.007819022997864522
0.0065323460003128275
0.006046804002835415
0.006745263992343098
0.007811407995177433
0.00646544799383264
0.006115145995863713
0.0072237120039062575
0.007926047997898422
0.0065468630054965615
0.0058964560012100264
0.006573384991497733
0.008237504996941425
0.0050093360041501
0.006867407995741814
0.005423650000011548
0.006736536990501918
0.005463647001306526
0.006442864003474824
0.005381028007832356
0.006850777004729025
0.00533602200448513
0.007016343995928764
0.005449358999612741
0.006866126001114026
0.0053540259978035465
0.006405362000805326
0.006377960002282634
0.008359297993592918
0.006678084988379851
0.005613354005618021
0.00674609599809628
0.007686067998292856
0.006528097001137212
0.005731799989007413
0.0063959639956010506
0.00814276399614755
0.007231005991343409
0.005733905010856688
0.006155494003905915
0.0049860709987115115
0.006109465000918135
0.004912929987767711
0.006470747001003474
0.005397949993493967
0.005437136002001353
0.006119262994616292
0.004927248999592848
0.006015444014337845
0.004956744989613071
0.005233966003288515
0.006157217008876614
0.006215968998731114
0.005440272012492642
0.006459776996052824
0.005396216991357505
0.006265755000640638
0.006312122990493663
0.005399724002927542
0.005960138005320914
0.005755146004958078
0.006723683007294312
0.006616287006181665
0.005476632009958848
0.005278130993247032
0.005001280005672015
0.0005117109976708889
0.00048341701040044427
0.006472722001490183
0.005375166991143487
0.006478884009993635
0.0052903750038240105
0.006872397992992774
0.005912457010708749
0.006653278003796004
0.00559368499671109
0.006711399008054286
0.005627179998555221
0.006396434997441247
0.006694907002383843
0.008185065002180636
0.006549177996930666
0.006319737993180752
0.006774239998776466
0.007774027006234974
0.0064941029995679855
0.00595769401115831
0.0071631250029895455
0.007674314998439513
0.00640126399230212
0.005434389997390099
0.006541051989188418
0.0056323799944948405
0.006712620990583673
0.005419783003162593
0.006855254992842674
0.005453136007417925
0.0065002449991879985
0.006353302000206895
0.006922562999534421
0.00664141500601545
0.005777138008852489
0.006487980994279496
0.007141303998650983
0.006998609998845495
0.005642249001539312
0.006129293004050851
0.004926456997054629
0.006116407996159978
0.004984198007150553
0.005032690009102225
0.006064367989893071
0.004890557000180706
0.006042195993359201
0.004806937009561807
0.004858997999690473
0.006111148002673872
0.004973507006070577
0.006121106998762116
0.005441564004286192
0.006072614996810444
0.00598632798937615
0.005459048014017753
0.006109274996560998
0.005390977006754838
0.006085008004447445
0.006257177999941632
0.005437236002762802
0.0005037859955336899
0.006522066003526561
0.005312706998665817
0.006381567000062205
0.005415463994722813
0.006569527002284303
0.005455410995637067
0.006383279993315227
0.00666857699980028
0.007731947000138462
0.006484543991973624
0.006016938001266681
0.0068076129973633215
0.007820635990356095
0.006560029010870494
0.005609615996945649
0.006724122999003157
0.005419442008133046
0.00724535298650153
0.007025120998150669
0.00692083100148011
0.006966137996641919
0.005702053997083567
0.006107189998147078
0.005016269002226181
0.0050021619972540066
0.006191983004100621
0.004901328997220844
0.0060799380007665604
0.004993626003852114
0.004935072996886447
0.0061484500038204715
0.0064104420016519725
0.006246798002393916
0.005372771993279457
0.006071062001865357
0.005398781999247149
0.0060828939895145595
0.006518649999634363
0.005405614996561781
0.004703288999735378
0.004713107002316974
0.007179387001087889
0.005509023001650348
0.0063851640006760135
0.006834084008005448
0.007671830011531711
0.006743179998011328
0.00010683499567676336
7.010399713180959e-05
6.624699744861573e-05
6.490500527434051e-05
6.396199751179665e-05
6.38430065009743e-05
0.005016850001993589
0.006167737010400742
0.004982313999789767
0.006143580001662485
0.004905837005935609
0.004939821999869309
0.006304629001533613
0.004800955997779965
0.0065308730117976665
0.005158521991688758
0.00651832899893634
0.005326493002939969
0.005252572009339929
0.006640973995672539
0.006463153011281975
0.005970058002276346
0.006781122996471822
0.006732699999702163
0.006060201005311683
0.006641474989010021
0.0053922500082990155
0.005257993005216122
0.006596459003048949
0.006679889003862627
0.006727389001753181
0.00599356199381873
0.005450701995869167
0.006677433993900195
0.006622739005251788
0.00035697400744538754
0.007544546999270096
0.0015612839924870059
0.006825958989793435
0.00011034100316464901
0.002863069996237755
0.01611030199273955
0.009802997999940999
0.008151008994900621
0.0096492529992247
0.0005279219913063571
0.011021443991921842
0.008977063989732414
0.005534342999453656
0.006242849995032884
0.005196263999096118
0.0047058330092113465
0.005199239996727556
0.007111657003406435
0.0049174089945154265
0.0002493379870429635
0.014621477006585337
0.00025997799821197987
0.007601375997182913
0.00021203700453042984
0.006638589999056421
0.006049989999155514
0.00019567499111872166
0.007849641988286749
0.00024768500588834286
0.006886525996378623
0.008925104004447348
0.0049661530065350235
0.0003826339961960912
0.00016181101091206074
0.0002181979943998158
0.005384825999499299
0.006802824995247647
0.008229359998949803
0.005651997998938896
0.00026468800206203014
0.00021458200353663415
0.007035850998363458
0.0060648799990303814
0.005995045998133719
0.005238275000010617
0.005390285004978068
0.007602237994433381
0.0024626020021969453
0.0006359499966492876
0.006746786995790899
0.009824798995396122
0.00026004899700637907
0.004807869991054758
0.00026049000734928995
0.0037289299943950027
0.005794230994069949
0.006123552011558786
0.007713169994531199
0.006469835992902517
0.014541583994287066
0.006797184003517032
0.006052475000615232
0.007742286004940979
0.005729857002734207
0.005777778991614468
0.006381045997841284
0.004883813991909847
0.007891340996138752
0.007954102009534836
0.00731319299666211
0.006820979993790388
0.006519000991829671
0.0004373090050648898
0.006583864000276662
0.00011994999658782035
0.00024321599630638957
0.005336542002623901
0.007351596999797039
0.014582261996110901
0.006770363004761748
0.0006767570012016222
0.008453609989373945
0.007629430008819327
0.005948677004198544
0.0013444079959299415
0.0075460489897523075
0.0004113489994779229
0.00013445699005387723
0.0013920890050940216
0.005401727990829386
0.007986263997736387
0.0002445089921820909
0.006347321002976969
0.006206851001479663
0.007336818001931533
0.007044297002721578
0.00021702599769923836
0.006315799997537397
0.0073658150067785755
0.006770052001229487
0.0063253990083467215
0.00842400400142651
0.005456442988361232
0.0070116140122991055
0.006740074008121155
0.006751356006134301
0.0003532980044838041
0.0001763680047588423
0.006469084008131176
0.004813280000234954
0.0051964539889013395
0.00040924499626271427
0.005129145007231273
0.0013255820085760206
0.0013771810045000166
0.0064101419993676245
0.0003681359958136454
0.005219067999860272
0.008300496003357694
0.0012248690036358312
0.0148708149936283
0.00021089400979690254
0.006902736000483856
0.006875894003314897
0.005921504998696037
0.005377189998398535
0.00750306699774228
0.006000726003549062
0.00034489099925849587
0.0002904069988289848
0.005112562997965142
0.00751107199175749
0.010332372999982908
0.0002844260015990585
0.00027670100098475814
0.005356611000024714
0.0024711580044822767
0.005088646998046897
0.00493375000951346
0.00034717599919531494
0.007386654004221782
0.0007782619941281155
0.004960482008755207
0.0006110319955041632
0.00016747100744396448
0.006760813994333148
0.0003017590061062947
0.006212452994077466
0.005654853011947125
0.0048568230122327805
0.00026984699070453644
0.007832429007976316
0.006877648993395269
0.006581380002899095
0.00025537000328768045
0.006443465987103991
0.00016828300431370735
0.005229087008046918
0.008278263994725421
0.0004890279960818589
0.005203386986977421
0.006715727999107912
0.00024765499983914196
0.008157442003721371
0.0022232030023587868
0.007382855998002924
0.00681972700112965
0.0050161480030510575
0.005197616992518306
0.0003011369990417734
0.001537809002911672
0.00022865900245960802
0.002755623994744383
0.008299013003124855
0.007619972006068565
0.00747358999797143
0.006322834000457078
0.006482921991846524
0.009235529010766186
0.002453353998134844
0.00701791699975729
0.005389163998188451
0.006711178008117713
0.0004364769993117079
0.005001461002393626
0.0002651390095707029
0.007924605000880547
0.00624542600417044
0.006521064002299681
0.005938577000051737
0.006250845995964482
0.0073312679887749255
0.0006505269993795082
0.006914237994351424
0.0002886040019802749
0.00023971899645403028
0.00024067200138233602
0.005482612003106624
0.00027229200350120664
0.0004233310028212145
0.005530655005713925
0.008621711996966042
0.007912342000054196
0.005143753995071165
0.006911502990988083
0.007617156006745063
0.005593344991211779
0.0062776069971732795
0.0015602519997628406
0.006926971997017972
0.00026913599867839366
0.006729392989655025
0.0069054319901624694
0.00650707799650263
0.0068620780075434595
0.0002632039977470413
0.008088560003670864
0.0007172349869506434
0.005311795001034625
0.007521672989241779
0.0006731809990014881
0.00023218498972710222
0.006543827999848872
0.00026791398704517633
0.006542835995787755
0.007157554005971178
0.00023564200091641396
0.0002490470069460571
0.008357205006177537
0.007949172999360599
0.006977049008128233
0.0005319999909261242
0.006911272997967899
0.005632419997709803
0.006738782001775689
0.0002523639996070415
0.006482610013335943
0.008055776997935027
0.0006558979948749766
0.005538490004255436
0.005383713010814972
0.006088615002227016
0.007818310987204313
0.00022144499234855175
0.00506018300075084
0.008157442003721371
0.004988325003068894
0.014394380996236578
0.00023169400810729712
0.0062520679930457845
0.004715852002846077
0.0006453880050685257
0.003077491986914538
0.006472210996435024
0.0009470160002820194
0.007793323005898856
0.0062908330000936985
0.005601311000646092
0.007972847000928596
0.007226657005958259
0.006796392000978813
0.005686734002665617
0.009262721010600217
0.006678485995507799
0.00027008799952454865
0.008246662997407839
0.007254520998685621
0.014645553004811518
0.005294592003338039
0.005589346998021938
0.0021191539999563247
0.0056393139966530725
0.0027336920029483736
0.0002029089955613017
0.006579685999895446
0.006965415988815948
0.007522123996750452
0.008644606001325883
0.0075527129956753924
0.006649310002103448
0.00547103000280913
0.00016587799473199993
0.005451563003589399
0.006618682004045695
0.0051630500092869624
0.0016461570048704743
0.0006652459996985272
0.002092673006700352
0.00859922899689991
0.0026608420012053102
0.007390061000478454
0.00040946500666905195
0.007603539997944608
0.00024404800205957144
0.0067982960026711226
0.00923141099337954
0.006855685991467908
0.005112832994200289
0.0032635880052112043
0.006307565010502003
0.0051155290129827335
0.00985362401115708
0.0096634400106268
0.008435064009972848
0.0016958220076048747
0.00034174500615336
0.005432445992482826
0.007019729993771762
0.007256023003719747
0.00522456799808424
0.006132078007794917
0.005252791990642436
0.007545858999947086
0.005209388997172937
0.005392551000113599
0.006608341995161027
0.00027670999406836927
0.00023396899632643908
0.0002524840092519298
0.00022882799385115504
0.00867561501218006
0.0023542839917354286
0.0016366979980375618
0.0002484459982952103
0.005760324987932108
0.0071513430011691526
0.0054367349948734045
0.00585839401173871
0.005502380998223089
0.00027285300893709064
0.007675408007344231
0.007215685996925458
0.00732933399558533
0.005365919001633301
0.009337424009572715
0.005382240007747896
0.006693875009659678
0.007199435000075027
0.005268223001621664
0.005641547002596781
0.005305723010678776
0.008132253002258949
0.0077537080069305375
0.0065365639893570915
0.000683731006574817
0.00024092200328595936
0.00023137401149142534
0.008996781005407684
0.00038132099143695086
0.005811423005070537
0.0065117170015582815
0.006593824000447057
0.006820849012001418