0.009608915002900176
0.00432013398676645
0.004140568998991512
0.00416280199715402
0.0043328280007699504
0.004112965994863771
0.003915157009032555
0.003930325998226181
0.00406515400391072
0.003941386996302754
0.004434542002854869
0.0042385969863971695
0.003954182000597939
0.003939082991564646
0.003919113994925283
0.004156369992415421
0.003957296998123638
0.0042727630061563104
0.004118547003599815
0.004194462002487853
0.0038616940000792965
0.0038966220017755404
0.004012243007309735
0.004220952992909588
0.0045601629972225055
0.004307359005906619
0.004216393994283862
0.0040271320031024516
0.004183851997368038
0.004404535997309722
0.004545465999399312
0.004153633999521844
0.004283032001694664
0.004312118995585479
0.004152933004661463
0.003885992002324201
0.00400135200470686
0.004115540999919176
0.004071747011039406
0.0038501819944940507
0.003957146996981464
0.004038814993691631
0.0038894080062163994
0.003872925997711718
0.0039019820105750114
0.003952779006795026
0.00398304799455218
0.0043035919952671975
0.0037756590027129278
0.003688903001602739
0.0037576750037260354
0.003996682993602008
0.003961947004427202
0.0038783460040576756
0.004168532992480323
0.004197878995910287
0.004204261000268161
0.0037633259926224127
0.004184634002740495
0.004217095993226394
0.004112725000595674
0.0038902189990039915
0.003952428000047803
0.004059733997564763
0.0038977730000624433
0.0037695479986723512
0.003991542995208874
0.003749228999367915
0.004084059997694567
0.004250280006090179
0.0041319930023746565
0.003773856005864218
0.0036959860008209944
0.004084801999852061
0.004032470998936333
0.003978528009611182
0.0038800290058134124
0.003952539002057165
0.003956325992476195
0.0038700300065102056
0.003957759006880224
0.004055876997881569
0.00389463800820522
0.003920065995771438
0.004023505010991357
0.004211834995658137
0.003983026996138506
0.003915316992788576
0.004208108992315829
0.003983638001955114
0.003893254994181916
0.0041927300044335425
0.004235360989696346
0.004177030001301318
0.0034316399978706613
0.003774237004108727
0.0033094060054281726
0.0032355940056731924
0.0031934130092849955
0.006465526996180415
0.006025923998095095
0.006228722995729186
0.008089180002571084
0.007904275000328198
0.007723349001025781
0.007236235003801994
0.007795607001753524
0.00763135300076101
0.0029880400106776506
0.0029166519962018356
0.0029699139995500445
0.003047934005735442
0.0029843520023860037
0.0029032860038569197
0.0033152160031022504
0.004656898992834613
0.004686034997575916
0.005064701006631367
0.0029812370048603043
0.002980845994898118
0.0030247700051404536
0.0028392539970809594
0.002694056005566381
0.0029540940013248473
0.0036854760110145435
0.005691201993613504
0.003755962010473013
0.0027963219908997416
0.003322198987007141
0.0030078470008447766
0.00298044498777017
0.003199975995812565
0.003589482992538251
0.0034201079979538918
0.003477146994555369
0.0034108810068573803
0.003163536006468348
0.003502505991491489
0.003333832006319426
0.0035593950015027076
0.0034709750034380704
0.003383948002010584
0.0034010320086963475
0.0034373410016996786
0.0044131120084784925
0.004266158997779712
0.003000252996571362
0.0033621369948377833
0.003874187998007983
0.0032409440027549863
0.003287915009423159
0.003314686007797718
0.0039572380046593025
0.0033348249999107793
0.0031167859997367486
0.0031444089981960133
0.0030676519963890314
0.003650509999715723
0.003303503995994106
0.003095826003118418
0.0030177870066836476
0.003040280003915541
0.003512355004204437
0.0036771099985344335
0.003469211995252408
0.0033626980002736673
0.003157555009238422
0.004159194999374449
0.0035227150074206293
0.0032996270019793883
0.003186479996656999
0.003819553996436298
0.003963278999435715
0.0034356069954810664
0.0034525100054452196
0.0034269809984834865
0.0037483269989024848
0.003846556006465107
0.0039037449896568432
0.003561788995284587
0.003623627999331802
0.003732506011147052
0.003922902003978379
0.006275943000218831
0.004280567009118386
0.00614564299758058
0.0032276389974867925
0.0039819750090828165
0.003743098000995815
0.003706375995534472
0.005413830003817566
0.0034293450007680804
0.0037066170043544844
0.004142303005210124
0.0034862640022765845
0.004206946003250778
0.0043809909984702244
0.004966663007508032
0.003407473996048793
0.003732436991413124
0.00489016599021852
0.0039313180022872984
0.0038849190023029223
0.003719642001669854
0.00500185000419151
0.00518347900651861
0.004701354002463631
0.004775437002535909
0.0033938779961317778
0.0031342500005848706
0.00601011399703566
0.00569259500480257
0.00451219201204367
0.005582545010838658
0.004336113997851498
0.003772652999032289
0.004545896998024546
0.0029315010033315048
0.003304204990854487
0.0038275690021691844
0.004011451004771516
0.005456521990709007
0.00369413300359156
0.003941026006941684
0.004589390009641647
0.0041527819994371384
0.003143316993373446
0.005924990997300483
0.004050125993671827
0.0059034290025010705
0.0032533580088056624
0.003586236998671666
0.00446409999858588
0.005449680000310764
0.0067793089983752
0.0035198390105506405
0.0037576350005110726
0.005155945997103117
0.0036819899978581816
0.0046363099972950295
0.005513831987627782
0.005336351998266764
0.004243506002239883
0.0028608349966816604
0.003727838004124351
0.0030314519972307608
0.006008080003084615
0.0037470950046554208
0.0030543260072590783
0.0034756340028252453
0.0036350599984871224
0.004619928004103713
0.007509980001486838
0.0029398970073089004
0.004900446001556702
0.0031695080106146634
0.006101991006289609
0.00507725500210654
0.0038293420075206086
0.006248510995646939
0.004856182000366971
0.007789886003592983
0.005762248998507857
0.003557981995982118
0.00745121699583251
0.005054831999586895
0.005362882002373226
0.008549042002414353
0.0041948230064008385
0.004080623999470845
0.007116876004147343
0.005169812997337431
0.007648716011317447
0.004487844998948276
0.006364644010318443
0.006030592994648032
0.005973032995825633
0.0067854000080842525
0.0067206459934823215
0.006385023007169366
0.00711340899579227
0.01186681400577072
0.00989955200930126
0.0072648400091566145
0.010004783005570062
0.006074638004065491
0.005252260991255753
0.006385613000020385
0.005838644996401854
0.005659340997226536
0.00363211399235297
0.004451936998520978
0.004794202002813108
0.006091601011576131
0.005401076006819494
0.006563004004419781
0.004583719011861831
0.004276309002307244
0.004386710992548615
0.004007833995274268
0.0041577919910196215
0.00536992700654082
0.003530008005327545
0.003678533001220785
0.004224379998049699
0.008767029998125508
0.007781841006362811
0.006831870006863028
0.004593817997374572
0.003784437009016983
0.0034224819974042475
0.0052049589867237955
0.004158413008553907
0.006285853000008501
0.004521650000242516
0.0050037239998346195
0.0035983300040243194
0.007391993000055663
0.0054459219973068684
0.009079940005904064
0.008099800004856661
0.004465512000024319
0.006303997011855245
0.004733907000627369
0.004480319999856874
0.004906547997961752
0.006936660996871069
0.005889842999749817
0.004250279002008028
0.004138775999308564
0.006427052998333238
0.006445007005822845
0.004718766998848878
0.005977531007374637
0.004607133989338763
0.004309662996092811
0.004651858995202929
0.004182870005024597
0.005857520998688415
0.00574944399704691
0.004813139006728306
0.00522379600442946
0.004627462985808961
0.004855459003010765
0.007219603008707054
0.006104565007262863
0.003881441996782087
0.004827726996154524
0.0059436870069475845
0.00394556499668397
0.004503064003074542
0.005325460995663889
0.005166946997633204
0.003989670003647916
0.004879546002484858
0.003999879001639783
0.0035180459963157773
0.003700114000821486
0.0067748599976766855
0.005754252997576259
0.004161588993156329
0.005107853998197243
0.005791674993815832
0.006518629001220688
0.0031855579873081297
0.0031897560111247003
0.002970265006297268
0.002847319992724806
0.003870211003231816
0.003819553996436298
0.0035837610048474744
0.0030924989987397566
0.0029828789993189275
0.005746217997511849
0.005676023007254116
0.003869929991196841
0.004159033996984363
0.005115869003930129
0.004099611003766768
0.003986613999586552
0.003706196992425248
0.002950037000118755
0.003199856000719592
0.0033082330046454445
0.003190888004610315
0.0037432270037243143
0.0034666970022954047
0.003586115999496542
0.00340946699725464
0.0037718519888585433
0.0035029669961659238
0.0033998389990301803
0.0031547190010314807
0.003929063997929916
0.0035105709976051003
0.0035335959983058274
0.00388197299616877
0.0039090750069590285
0.0035150699986843392
0.0034460879978723824
0.0029664780013263226
0.002858931999071501
0.0028792599914595485
0.003343610995216295
0.0033734979951987043
0.0028679289971478283
0.0029094390047248453
0.002834664992406033
0.003037012997083366
0.0035353990097064525
0.002839895008946769
0.002823022994562052
0.00304738299746532
0.0030600570025853813
0.004034495999803767
0.0029459590004989877
0.0029795929876854643
0.0029598559922305867
0.002929155991296284
0.0035460690123727545
0.003017857001395896
0.002767475991277024
0.0026494600024307147
0.0027775159978773445
0.003081768998526968
0.003647983990958892
0.0029605360032292083
0.0031753890070831403
0.0030886820022715256
0.003411361001781188
0.0033903909934451804
0.003050628991331905
0.003049967999686487
0.0029477719945134595
0.003110903999186121
0.002914808996138163
0.002541283000027761
0.002663617007783614
0.003002728000865318
0.0033222500060219318
0.0032267370115732774
0.003361955998116173
0.004225010998197831
0.003970261997892521
0.003951977996621281
0.002615824996610172
0.0026476959901629016
0.002613040996948257
0.0031843760079937056
0.0028291540074860677
0.00449025999114383
0.0031783640006324276
0.0029148489993531257
0.003284378006355837
0.0033694609883241355
0.0028506960079539567
0.0025700480036903173
0.0028760949935531244
0.0035880089999409392
0.0034768260084092617
0.0032769029930932447
0.0044857309985673055
0.004621831001713872
0.005016669005271979
0.004903913009911776
0.004616240999894217
0.004776408008183353
0.004560133995255455
0.004472335000173189
0.004748054008814506
0.004815302003407851
0.004592976009007543
0.004197597998427227
0.004373004994704388
0.0042584350012475625
0.004375047996290959
0.004402491991641
0.004218679008772597
0.0041887719999067485
0.0038771330000599846
0.0041442859946982935
0.0042175769922323525
0.004061067011207342
0.0035584430006565526
0.003682791008031927
0.0034332529903622344
0.0034398260031593964
0.0033995779958786443
0.003325326004414819
0.003896921989507973
0.003975482992245816
0.0037209150032140315
0.002566701004980132
0.0026377379981568083
0.0025901059998432174
0.002861656990717165
0.0028621880046557635
0.0034013020049314946
0.0032588789908913895
0.003055117995245382
0.0036423040000954643
0.0031961089989636093
0.0030909960041753948
0.0031426159985130653
0.003361095004947856
0.003355673994519748
0.0030545070039806888
0.0032534680067328736
0.002638938996824436
0.0033320889924652874
0.0034336740063736215
0.003160178996040486
0.002993970992974937
0.003186479996656999
0.0030025369924260303
0.0029514490015571937
0.0030240679916460067
0.003232878996641375
0.0032167870085686445
0.0029719779995502904
0.003113179001957178
0.003151972996420227
0.0034217909997096285
0.0032047639979282394
0.0031645580020267516
0.003217899997252971
0.0034853120014304295
0.003496974997688085
0.003119471002719365
0.003378468012670055
0.003154087986331433
0.003005211998242885
0.002940046993899159
0.0029487239953596145
0.0032717339927330613
0.003369180005392991
0.0028805130132241175
0.003130343000520952
0.0031954770092852414
0.003348379992530681
0.0033794799965107813
0.003487937996396795
0.0035462800005916506
0.0034956629970110953
0.0036827410076512024
0.0029392860014922917
0.00281989699578844
0.0028843809996033087
0.0028327920008450747
0.003294626993010752
0.003293834990472533
0.0036096910043852404
0.003573522000806406
0.0033864730066852644
0.00348662500618957
0.00293899500684347
0.0031586969998897985
0.0030057539988774806
0.0029460380028467625
0.0029444859974319115
0.0029662469896720722
0.0029021939990343526
0.0028878769953735173
0.003042873999220319
0.0030111029918771237
0.0028730689955409616
0.0028668470040429384
0.002921873005107045
0.003751433003344573
0.0027763240068452433
0.003297983988886699
0.0036305709945736453
0.003532643007929437
0.0032150750048458576
0.0033810729946708307
0.0034928170061903074
0.0035593850043369457
0.0031968500115908682
0.0033646109950495884
0.003415749000851065
0.0033331010054098442
0.0033295240136794746
0.0030424630094785243
0.0030224549991544336
0.003110334000666626
0.0042495480010984465
0.0034044580097543076
0.0033906909957295284
0.003016803995706141
0.0032392620050814003
0.003834101007669233
0.0034308479953324422
0.0036655989970313385
0.0029756750009255484
0.0030147100042086095
0.0029213610105216503
0.002872637996915728
0.002917785008321516
0.003065758995944634
0.0029042389942333102
0.0029222730081528425
0.0029786209925077856
0.002903626998886466
0.0029144479922251776
0.00299020299280528
0.002972219997900538
0.002939896992756985
0.002938032994279638
0.003004521000548266
0.0029196980030974373
0.0029159309924580157
0.003012136003235355
0.002913737000199035
0.0028782879962818697
0.0029172939975978807
0.002911111994762905
0.003034417997696437
0.002938984995125793
0.0029525520076276734
0.002915619988925755
0.0028875970019726083
0.0029961450054543093
0.002938303994596936
0.0029472509922925383
0.0029235859983600676
0.002915720993769355
0.0036289080017013475
0.0037248219887260348
0.004435794995515607
0.0042149619985139
0.002939395999419503
0.0029368510004132986
0.0029532329936046153
0.0028872760012745857
0.0029240360017865896
0.0029944409907329828
0.0031350819917861372
0.003093560997513123
0.0029797530005453154
0.0029417699988698587
0.003124782000668347
0.003003749006893486
0.00292014901060611
0.0029602260037790984
0.0028976760077057406
0.002974322997033596
0.00308829199639149
0.002939576006610878
0.0029200790013419464
0.002945838001323864
0.003061840994632803
0.002983110010973178
0.002929747002781369
0.0029755349969491363
0.002891354000894353
0.0031094520090846345
0.0033598220034036785
0.0032360649929614738
0.0032613929943181574
0.0031168769928626716
0.003199754995875992
0.0030801559914834797
0.0031212849862640724
0.0029652960074599832
0.0030366919963853434
0.003023087003384717
0.0029354889993555844
0.004931935996864922
0.005235848992015235
0.004896328013273887
0.004712474998086691
0.004870928998570889
0.0044240029965294525
0.00467977300286293
0.002735155008849688
0.0026940960087813437
0.004530586986220442
0.004461695003556088
0.0031578750058542937
0.0025585459952708334
0.004157702001975849
0.0031046920048538595
0.0029553770000347868
0.002727710991166532
0.0026112560008186847
0.003354331012815237
0.0030788440053584054
0.0029036680061835796
0.003088762008701451
0.0027156180003657937
0.003191388997947797
0.0038603109860559925
0.002638859994476661
0.004006782008218579
0.0069425410038093105
0.0046508579980582
0.0032661330042174086
0.002793725987430662
0.005270043999189511
0.0039775769982952625
0.0026486679998924956
0.0029237359995022416
0.0030976599955465645
0.002923937005107291
0.002839455002686009
0.0029155509982956573
0.002732840002863668
0.002697621996048838
0.002818844994180836
0.002886654998292215
0.0029395669989753515
0.002928515008534305
0.0027996480057481676
0.0026612419896991923
0.002765451994491741
0.002887566006393172
0.003273186011938378
0.002800098998704925
0.0028682189877144992
0.002879442006815225
0.0026531970070209354
0.002805309006362222
0.002902674998040311
0.0027639000036288053
0.0027045349997933954
0.0029419799975585192
0.0028789799980586395
0.0027566650096559897
0.002917975012678653
0.00296584700117819
0.002753018998191692
0.0027852200000779703
0.0028923259960720316
0.0030067350016906857
0.0027233809960307553
0.0031965890084393322
0.0029402679938357323
0.0030136279965518042
0.0030685639940202236
0.0028306369931669906
0.0029481929959729314
0.00277267700585071
0.00307879300089553
0.0037444199988385662
0.0027014889928977937
0.003267195002990775
0.0031203029939206317
0.0028528599941637367
0.002886354996007867
0.0034509870019974187
0.0036929310008417815
0.0029230649961391464
0.0028035959985572845
0.00258550800208468
0.00424925799597986
0.003435206992435269
0.0030314920004457235
0.002828372991643846
0.003999768989160657
0.003962377988500521
0.0041505289991619065
0.0031188599969027564
0.0030185180075932294
0.003398375993128866
0.0029611969948746264
0.003087560005951673
0.0032390599953942
0.00317709099908825
0.003060599003219977
0.003840343008050695
0.0031145619868766516
0.0031435880082426593
0.0030634939903393388
0.0036546880000969395
0.004843286995310336
0.003699433000292629
0.002962911006761715
0.003357537992997095
0.0034368100023129955
0.00341479700000491
0.003119460991001688
0.003207760993973352
0.0030165839998517185
0.003247517001000233
0.00305420599761419
0.0030772000027354807
0.0033723159867804497
0.004236663007759489
0.0039551840018248186
0.00406896200729534
0.0030557690042769536
0.0034792509977705777
0.00307549700664822
0.0033712639997247607
0.003962027010857128
0.003844250997644849
0.0032105959980981424
0.0027720360085368156
0.0035576320078689605
0.0034572790027596056
0.002750945001025684
0.0028658649971475825
0.0031579759961459786
0.0024171149998437613
0.003128358002868481
0.0030918080010451376
0.0032249729993054643
0.0034652540052775294
0.0027584389899857342
0.00361720600631088
0.002779659000225365
0.0037687159929191694
0.005094136999105103
0.0027267580007901415
0.002662865008460358
0.0030930009961593896
0.004750107997097075
0.003403454989893362
0.0037150440039113164
0.0033404249988961965
0.00287440100510139
0.0031967090035323054
0.0029023249953752384
0.0028042769990861416
0.002864552996470593
0.0030528330098604783
0.0036219650064595044
0.002925430002505891
0.0031336280080722645
0.004075143006048165
0.002939405996585265
0.003131714998744428
0.0030047209875192493
0.002900601990404539
0.003142775996821001
0.0032214870007010177
0.0030545870104106143
0.0029189369961386546
0.0033023120049620047
0.0033022420102497563
0.00286459201015532
0.0030831020121695474
0.003920867995475419
0.003167232993291691
0.0029218619893072173
0.004232235005474649
0.0032223779999185354
0.003557070012902841
0.0028842799947597086
0.003930466002202593
0.003042444004677236
0.0032827749964781106
0.004081444989424199
0.004245008996804245
0.0036643960047513247
0.0039059090049704537
0.0032924830011324957
0.0032915610063355416
0.0032552510092500597
0.003684274008264765
0.0032122090051416308
0.0033370680030202493
0.002919296995969489
0.003215454999008216
0.0033496929972898215
0.002995243004988879
0.0028856729913968593
0.0030718699999852106
0.003599772011511959
0.003619028997491114
0.0029019040084676817
0.002822752998326905
0.0030206910014385357
0.0034449759987182915
0.0032888660061871633
0.002980474993819371
0.0034106999955838546
0.0034086350060533732
0.003483428998151794
0.0027997479919577017
0.003040118986973539
0.00302786601241678
0.003322580989333801
0.0032765419891802594
0.0034937089949380606
0.0029790620028506964
0.002971748006530106
0.0028808640054194257
0.004223137002554722
0.0035312709951540455
0.0030897440010448918
0.0029924169939476997
0.003774075987166725
0.004471784006454982
0.003041921998374164
0.003342929994687438
0.0028347249899525195
0.0034025250060949475
0.00508860700938385
0.003219182006432675
0.0030137579888105392
0.002922162995673716
0.0029347870004130527
0.002788266006973572
0.003450807009357959
0.003943511008401401
0.003921909999917261
0.003778935002628714
0.002951639995444566
0.0032034120085882023
0.002993499001604505
0.003410498989978805
0.002756444999249652
0.004748453997308388
0.003154138001264073
0.003413534999708645
0.0028866049979114905
0.0034870460076490417
0.0031913390121189877
0.003023076002136804
0.003254359995480627
0.003682981987367384
0.002920138998888433
0.004504507000092417
0.0028929070103913546
0.003222338011255488
0.003186189991538413
0.003657683002529666
0.0037032300024293363
0.0029278940055519342
0.0035791830014204606
0.0031699279934400693
0.0031168970017461106
0.002967640000861138
0.003108970995526761
0.0029339050088310614
0.003680056004668586
0.0029920069937361404
0.0028913639980601147
0.0031944750080583617
0.0031889140082057565
0.002636835997691378
0.0036209730023983866
0.0030563500040443614
0.002860033986507915
0.0029063930123811588
0.0032595700031379238
0.003700936009408906
0.0037597999908030033
0.0048726329987403005
0.0037373550003394485
0.003651772000011988
0.004257323002093472
0.0035990510077681392
0.0030722910014446825
0.0031109249975997955
0.0037997149920556694
0.0027922230074182153
0.00289134299964644
0.003196749006747268
0.0030229060066631064
0.0038133319903863594
0.003381051996257156
0.0028269510075915605
0.0035357800079509616
0.0030973990069469437
0.0029733310075243935
0.0028801430016756058
0.0028742009890265763
0.002922734012827277
0.003220164988306351
0.003010021013324149
0.0029984290013089776
0.003852787005598657
0.0038159959949553013
0.004327949005528353
0.0030240289925131947
0.0031811190128792077
0.003231025009881705
0.004361672996310517
0.0030978499999037012
0.00388578099955339
0.0036403400008566678
0.0032818830077303573
0.0033248060062760487
0.002816649997839704
0.002847409006790258
0.0036050420021638274
0.002835487000993453
0.003194685996277258
0.0029293569969013333
0.0029503669939003885
0.004305315000237897
0.002896222998970188
0.003009138992638327
0.002858020001440309
0.0037196920020505786
0.0029733510018559173
0.003024027988431044
0.0028604149993043393
0.0045363980025285855
0.002999791002366692
0.003190187009749934
0.003793092997511849
0.003087379998760298
0.0033353449980495498
0.00335668699699454
0.002947151006083004
0.003452449993346818
0.004236692999256775
0.0030993230029707775
0.003855201997794211
0.0032754699932411313
0.003012887013028376
0.0033951799996430054
0.00391057800152339
0.0031818909919820726
0.0027849999896716326
0.003833230002783239
0.003581858007237315
0.003228168992791325
0.0036875100049655885
0.0029784609941998497
0.002858840991393663
0.002929277005023323
0.003111185011221096
0.0029881699883844703
0.0031234589987434447
0.003842227000859566
0.0033173410047311336
0.0033200860052602366
0.0034358179982518777
0.0034030039969366044
0.004540115987765603
0.0033476490061730146
0.004625329005648382
0.0029151890048524365
0.0029181349964346737
0.0050432999996701255
0.0031567529949825257
0.003503478001221083
0.0028315090021351352
0.0036903069994878024
0.0028990079881623387
0.0038595999940298498
0.0034674789931159467
0.004055376004544087
0.0030176559957908466
0.0028826670022681355
0.0032159660040633753
0.003486745001282543
0.0028183639951748773
0.003599540999857709
0.0028958019975107163
0.0034180539951194078
0.0035364409995963797
0.003728209005203098
0.002922162995673716
0.003945304008084349
0.00332340199383907
0.0031715910008642823
0.0027989569935016334
0.003653174004284665
0.0034317499957978725
0.003780519007705152
0.0032844579982338473
0.004190655003185384
0.002844283008016646
0.0029740520112682134
0.00305582900182344
0.003613588007283397
0.0033555029949638993
0.003027264989214018
0.002966839005239308
0.0032214460079558194
0.0035083669936284423
0.003948311001295224
0.0036353900068206713
0.0038775450084358454
0.004217016001348384
0.003857657007756643
0.002903757995227352
0.0029040579975117
0.0032363859936594963
0.003402474001632072
0.0030078080017119646
0.004227565994369797
0.0032360050099669024
0.003382526003406383
0.0029650149954250082
0.0031369150092359632
0.0034926170046674088
0.003254640003433451
0.0033563250035513192
0.003812619994278066
0.0030455289961537346
0.002906513007474132
0.003254509996622801
0.003174205994582735
0.003138568004942499
0.00407050499052275
0.0033421080006519333
0.003363419004017487
0.0039044169971020892
0.002642676990944892
0.0037525949883274734
0.003270710993092507
0.0029472210007952526
0.007086036988766864
0.005092143997899257
0.003265291001298465
0.003300067997770384
0.0032597410026937723
0.0032314660056727007
0.0033836679940577596
0.003223791005439125
0.003369591009686701
0.0033180820028064772
0.003225124004529789
0.003372275998117402
0.003419786997255869
0.003352236992213875
0.0033792089961934835
0.003424976996029727
0.00334989299881272
0.0033328400022583082
0.0033776859927456826
0.003267445004894398
0.003312361004645936
0.003297192000900395
0.0032836360041983426
0.003341186005854979
0.003304445999674499
0.003289848013082519
0.0032960399985313416
0.0033458050020271912
0.003298423995147459
0.003349463004269637
0.0032931449968600646
0.0030243289947975427
0.007801287996699102
0.004276710009435192
0.004387592998682521
0.005614836001768708
0.005606389997410588
0.006282675996772014
0.006345827001496218
0.006121276994235814
0.006417454002075829
0.006407786000636406
0.006364393004332669
0.006471688990131952
0.0068867749942000955
0.0028960530034964904
0.00315970899828244
0.0030493269878206775
0.003010763000929728
0.0031564420060021803
0.003256003008573316
0.003246303997002542
0.003169137009535916
0.003116816995316185
0.0031696079968241975
0.003244782012188807
0.0031891539983917028
0.0031621030066162348
0.0031005350028863177
0.0031042720074765384
0.003150550997816026
0.003081789007410407
0.003077650995692238
0.003033476008567959
0.003082880997681059
0.003150321004795842
0.005762618995504454
0.004054724995512515
0.0034560369967948645
0.003413925995118916
0.003446297996561043
0.003458981998846866
0.0035368709941394627
0.003567690000636503
0.003608639002777636
0.00366280299203936
0.0036023769935127348
0.0037139609921723604
0.003600462994654663
0.003548394000972621
0.003541149999364279
0.0035958850057795644
0.003560566998203285
0.003602646989747882
0.003539405995979905
0.0035438049962976947
0.0035692439996637404
0.0035976469953311607
0.003617965994635597
0.003583782003261149
0.003550367007846944
0.0034976669994648546
0.0034785900061251596
0.003657121997093782
0.004381711012683809
0.003504991007503122
0.0035295569978188723
0.0034634309995453805
0.003172623008140363
0.0031811490043764934
0.003468680995865725
0.0033352260070387274
0.0031730640039313585
0.0034616579941939563
0.0032501620007678866
0.004627703005098738
0.004186136007774621
0.0037343200092436746
0.0035934199986513704
0.0036248910037102178
0.0035883899981854483
0.003907061007339507
0.005084709002403542
0.00699222699040547
0.0033051880018319935
0.0033235120063181967
0.0032844870002008975
0.00325046299258247
0.003379399990080856
0.003492696996545419
0.0034941100020660087
0.003533435010467656
0.003313032997539267
0.0036049729969818145
0.0035457890044199303
0.0036832420009886846
0.0036491169885266572
0.0035897030029445887
0.0036833619960816577
0.0037323569995351136
0.003416631996515207
0.003369650003151037
0.0033555639965925366
0.003313473003800027
0.003302582001197152
0.003344833996379748
0.0032791179983178154
0.0033372489997418597
0.003336716996273026
0.003322520002257079
0.0033330409933114424
0.003279757991549559
0.004598056999384426
0.002891584997996688
0.0028556349861901253
0.0027922840090468526
0.002903888002038002
0.0028007200016872957
0.0032052559981821105
0.003140490996884182
0.0030884320003679022
0.0028799419960705563
0.0027952090022154152
0.003099372988799587
0.00312263700470794
0.0031703089916845784
0.003126955998595804
0.003138636995572597
0.0031463129998883232
0.0032291320094373077
0.0029707359935855493
0.0029179340053815395
0.0030522519955411553
0.0030997040012152866
0.0031065560033312067
0.003133649006485939
0.0030765690025873482
0.0028703440038952976
0.0030234370060497895
0.0031988729897420853
0.0028776079998351634
0.0028473290003603324
0.002982128004077822
0.003081768998526968
0.0031188300054054707
0.0032379689946537837
0.003157543993438594
0.0029572099883807823
0.002998087991727516
0.0031294000073103234
0.0031317250104621053
0.0030043909937376156
0.003067612007725984
0.0028016919968649745
0.0028723879950121045
0.0030625719955423847
0.0028719260008074343
0.002791271996102296
0.003021813987288624
0.0030732229934073985
0.0028822769963881
0.0029027160053374246
0.003081928996834904
0.002781132992822677
0.00282821299333591
0.003093691004323773
0.003002256009494886
0.0027751110028475523
0.003018167000846006
0.003127496995148249
0.003075507003813982
0.0030224649963201955
0.0029979079990880564
0.0030244589870562777
0.003012446002685465
0.0030623710044892505
0.0030621920013800263
0.003007667008205317
0.003076639011851512
0.003097788998275064
0.0029870580037822947
0.002978200005600229
0.003090676007559523
0.0030306109983939677
0.0030110329971648753
0.00307228000019677
0.003126875002635643
0.0030338370124809444
0.0030568410002160817
0.0031229480082402006
0.003152343997498974
0.0030860279948683456
0.003030149993719533
0.0031419540027854964
0.00310976299806498
0.0030384650017367676
0.0030753360042581335
0.0036074870004085824
0.0036041699931956828
0.003580243996111676
0.0035773490089923143
0.003671158992801793
0.0036749660066561773
0.0036672220012405887
0.003648245008662343
0.0036377750075189397
0.0038199350092327222
0.0037244709965307266
0.0036411619948921725
0.0035220129939261824
0.003231736001907848
0.003776992001803592
0.0036592359974747524
0.0036727219994645566
0.0036174459964968264
0.003639418995589949
0.003699061999213882
0.003775740013225004
0.003798653997364454
0.003584382007829845
0.0035442549997242168
0.0036326559929875657
0.0036707979888888076
0.003679094006656669
0.00363406800897792
0.003392765996977687
0.003341126997838728
0.0033550429943716154
0.003375051004695706
0.0033812930050771683
0.0035424530069576576
0.0033724870008882135
0.0035514299961505458
0.0034169410064350814
0.003392033002455719
0.0033971040102187544
0.003572710993466899
0.0034970150009030476
0.0035070750018348917
0.003514708994771354
0.0034194960026070476
0.0033920740097528324
0.0033409860043320805
0.003251043992349878
0.0034238350053783506
0.003448321993346326
0.003201738989446312
0.0033245649974560365
0.003382786992006004
0.003430717988521792
0.003470605006441474
0.003427792005822994
0.003406361007364467
0.003417993997572921
0.003154959005769342
0.003119681990938261
0.0033338319917675108
0.003158617008011788
0.0030860779952490702
0.003213621996110305
0.0034613570023793727
0.0031169459980446845
0.0035405289963819087
0.003515550008160062
0.0031803180027054623
0.003399437991902232
0.0031936629966367036
0.0031812300003366545
0.0033774059993447736
0.0031666019931435585
0.003126815994619392
0.0032622250000713393
0.003474291996099055
0.00326822699571494
0.003390480997040868
0.0031956070015439764
0.003237558004911989
0.003230474001611583
0.0031618429929949343
0.0032496899948455393
0.003508968002279289
0.00352753400511574
0.0035882600059267133
0.00364055999671109
0.0034471399994799867
0.003439104009885341
0.0035289970110170543
0.00359179699444212
0.0036477639951044694
0.003549955989001319
0.003414888007682748
0.003512825001962483
0.0035548759915400296
0.0034697329974733293
0.0035006919933948666
0.0034651030000532046
0.0034204279945697635
0.0034799319982994348
0.003526031010551378
0.0034648330038180575
0.0034403369936626405
0.003433033009059727
0.003435397011344321
0.0034185049880761653
0.0032372470013797283
0.0033864029974211007
0.003406050003832206
0.003431008997722529
0.0035209610068704933
0.0034147069964092225
0.003403857001103461
0.0033753419993445277
0.0032947069994406775
0.0032181100104935467
0.0034632609895197675
0.0033998590079136193
0.0033073819940909743
0.0034388539934298024
0.0033447829919168726
0.0034236140054417774
0.0034516689920565113
0.0033953300007851794
0.0034379019925836474
0.0034660259989323094
0.0032239520078292117
0.003456357997492887
0.003424174996325746
0.0032390099950134754
0.003431649995036423
0.00342723100038711
0.0035105520073557273
0.0035602659918367863
0.003531210997607559
0.003558352997060865
0.003528325993102044
0.0035459390055621043
0.0035594049986684695
0.00359890099207405
0.0034839700092561543
0.0036853460042038932
0.003572340006940067
0.003753657001652755
0.003752004005946219
0.0035004020028281957
0.0033947590127354488
0.0034482619957998395
0.003434846003074199
0.003435257007367909
0.00351623201277107
0.0032869119895622134
0.003178012993885204
0.00346242799423635
0.0034071529953507707
0.0033551829983480275
0.0033001770061673597
0.0031554399902233854
0.0031521339988103136
0.003178464001393877
0.003148186006001197
0.0033247440005652606
0.003316039001219906
0.003211628005374223
0.003198642996721901
0.003312241009552963
0.0033205869985977188
0.0032601810089545324
0.0033904010051628575
0.003269328997703269
0.003109101002337411
0.003086967990384437
0.0031444689957425
0.0032373370049754158
0.00332028599223122
0.0031200519879348576
0.003026063001016155
0.0031363440066343173
0.003114171006018296
0.0031433969998033717
0.0032142629934241995
0.0031721220002509654
0.0031254230125341564
0.004255660009221174
0.004495508997933939
0.004591043005348183
0.003437189996475354
0.003541099009453319
0.0035328939993632957
0.0035088679869659245
0.0034479609894333407
0.004100663005374372
0.0038995969953248277
0.003643566000391729
0.0038353039999492466
0.00336793799942825
0.0040103689971147105
0.0035554469941416755
0.00352789499447681
0.0035880990035366267
0.003530518995830789
0.00465126900235191
0.003730553013156168
0.0041139980021398515
0.00352233400917612
0.0050215879891766235
0.004703878992586397
0.0030867879977449775
0.002849974000127986
0.003234582007280551
0.0034296569938305765
0.003475082994555123
0.0031942339992383495
0.0030053829977987334
0.002935138007160276
0.003168505005305633
0.00429884300683625
0.003244221006752923
0.003981704008765519
0.0033862929994938895
0.0034094769944204018
0.0038768429949413985
0.004206194993457757
0.003175960009684786
0.004470111001865007
0.003187422000337392
0.005843294013175182
0.0034305869921809062
0.00508186400111299
0.003597588001866825
0.003212719995644875
0.0035774089919868857
0.0034439130104146898
0.004620719002559781
0.00361630400584545
0.0030792139878030866
0.00420165600371547
0.004398474004119635
0.003588541003409773
0.0031939239997882396
0.0033237329917028546
0.004433560985489748
0.005325721998815425
0.003379419998964295
0.004834038001718
0.00479050500143785
0.004492103005759418
0.003383778006536886
0.003249009998398833
0.003445907001150772
0.004271559999324381
0.003263407008489594
0.0034262190019944683
0.0041111419996013865
0.003005694001330994
0.003581878001568839
0.002963752005598508
0.0032539589883526787
0.004464400000870228
0.002869502000976354
0.0038553719932679087
0.00329533799958881
0.004657950994442217
0.004064873006427661
0.003184034998412244
0.002980033998028375
0.0034863839973695576
0.0029167629982111976
0.002933494994067587
0.003398005006602034
0.003105694006080739
0.003109672004939057
0.003425958988373168
0.004167580991634168
0.003243169005145319
0.00354859400249552
0.003198502992745489
0.0068086949904682115
0.004228157005854882
0.0037640369992004707
0.004568789998302236
0.002920108992839232
0.003052001993637532
0.003236956996261142
0.003403896000236273
0.0030239379993872717
0.003381614005775191
0.003297632996691391
0.003074986001593061
0.0036004029971081764
0.003935255997930653
0.004898152008536272
0.0028564670064952224
0.003954132000217214
0.004227024997817352
0.00343183999939356
0.0031117659964365885
0.0031838639988563955
0.003059525988646783
0.003175838995957747
0.0030895230011083186
0.0032019789941841736
0.003573331006919034
0.00325530199916102
0.003142475994536653
0.0033081729925470427
0.0033256960014114156
0.0051792710000881925
0.0035500359954312444
0.0035199389967601746
0.004288782991352491
0.0032398219918832183
0.0032093539921334013
0.0030814580095466226
0.003337620000820607
0.004726001992821693
0.0031613409955753013
0.003333671993459575
0.004842515001655556
0.003562440993846394
0.0030766589916311204
0.003140992994303815
0.0030912479996914044
0.0030939630087232217
0.004913170007057488
0.0033509649947518483
0.002900621999287978
0.0039891990018077195
0.0033005589939421043
0.003778354002861306
0.003142105008009821
0.0035071349993813783
0.00548946599883493
0.0031606400007149205
0.005254203992080875
0.0034170620056102052
0.00349543199990876
0.004432349000126123
0.005821042010211386
0.0057366999972146004
0.008044824993703514
0.0048569329956080765
0.004458297989913262
0.005005568003980443
0.005463295994559303
0.008437017007963732
0.004645506996894255
0.006388399997376837
0.003484701010165736
0.0034478809975553304
0.005798858997877687
0.005619383999146521
0.0031261650001397356
0.0034068120003212243
0.003446407994488254
0.003515400007017888
0.0034914150019176304
0.003232538001611829
0.0034421800082782283
0.004328288996475749
0.003902552998624742
0.003027835991815664
0.0031476349977310747
0.003199865997885354
0.003239681012928486
0.003060657996684313
0.003016122995177284
0.003488458998617716
0.0030215430015232414
0.0033203070051968098
0.0035179249971406534
0.003096478001680225
0.0029525720019591972
0.0031730439950479195
0.0040010619995882735
0.0033193749986821786
0.003427442003157921
0.0031284379947464913
0.003982876005466096
0.0033024419972207397
0.002863471003365703
0.0032995869987644255
0.0032127500016940758
0.002987196989124641
0.004534924999461509
0.003019540003151633
0.004905316003714688
0.0038476070039905608
0.004517822992056608
0.002907704998506233
0.0032811319979373366
0.0048659599997336045
0.004925843997625634
0.0031224070116877556
0.002894359000492841
0.0033665249939076602
0.003303643999970518
0.002808074001222849
0.004559722990961745
0.005030436004744843
0.003498917998513207
0.003108831006102264
0.003600944997742772
0.0038083929975982755
0.004544994997559115
0.0036896550009259954
0.005127370997797698
0.0050676259997999296
0.0036519230052363127
0.003414496997720562
0.0034603149979375303
0.0031924009963404387
0.003384319003089331
0.0036067850014660507
0.0033860719995573163
0.0037647389981430024
0.003801548999035731
0.003432520999922417
0.005028863000916317
0.0032442910014651716
0.004158973999437876
0.0030802260007476434
0.004924192006001249
0.003006804996402934
0.0029286649951245636
0.0027768349973484874
0.0035045489930780604
0.003263136008172296
0.004730540997115895
0.003998075990239158
0.005541545004234649
0.004566867006360553
0.004597716004354879
0.0031184389954432845
0.0033622970076976344
0.004448620005859993
0.0041719900036696345
0.0031813800014788285
0.0035863259981852025
0.0032659320131642744
0.007083222008077428
0.0032208949996856973
0.0033955609978875145
0.00324273799196817
0.004273815007763915
0.0030791039898758754
0.003085595992160961
0.0038732469984097406
0.0030416719964705408
0.0032155160006368533
0.0029499560041585937
0.005815751006593928
0.004429061998962425
0.004250969999702647
0.004629557006410323
0.003086067008553073
0.0030922489968361333
0.004156900002271868
0.003876762988511473
0.0036150909872958437
0.0033324090036330745
0.00290292598947417
0.004391170004964806
0.0028944999939994887
0.0033013999927788973
0.0050839679897762835
0.0036054029915248975
0.0037105339870322496
0.003450256001087837
0.003311670006951317
0.004377222998300567
0.003054767003050074
0.003045849996851757
0.003416400999412872
0.003905006989953108
0.004220543007249944
0.005632319996948354
0.005414470986579545
0.005155053993803449
0.005278880998957902
0.0036493880033958703
0.003565035993233323
0.004375328993774019
0.004190595005638897
0.003118649998214096
0.005400946000008844
0.0031744169973535463
0.003079866000916809
0.003110314006335102
0.0036048219917574897
0.003308302999357693
0.003268688000389375
0.0035777199955191463
0.0033663549984339625
0.003213982010493055
0.0034219009976368397
0.0032493900071131065
0.004264536997652613
0.004307790004531853
0.0038484190008603036
0.0031450499955099076
0.00540684700536076
0.003197551006451249
0.003194715012796223
0.0042877910018432885
0.0031038409942993894
0.003199754995875992
0.0040170720021706074
0.003211788003682159
0.0037980820052325726
0.004081986000528559
0.003381203001481481
0.0034551250137155876
0.0033127119968412444
0.0056931659928523
0.0038343920023180544
0.003443431996856816
0.0029899929941166192
0.003143498004646972
0.0038951179885771126
0.00318048799817916
0.0034643730032257736
0.004305294991354458
0.0030384760029846802
0.003328311999212019
0.005351029991288669
0.0031792959925951436
0.0032749100064393133
0.0028644529957091436
0.004437518990016542
0.0032979740062728524
0.0032954990019788966
0.005334027999197133
0.0030946840124670416
0.003360653994604945
0.004154645997914486
0.004079531994648278
0.00389752299815882
0.0032651400106260553
0.0054125790047692135
0.0035754349955823272
0.0033076119871111587
0.0031903479975881055
0.004917718993965536
0.0033530090004205704
0.00327767500129994
0.003399729001102969
0.003558682990842499
0.0030097209964878857
0.0030564509943360463
0.0031042220070958138
0.005197625010623597
0.004463799996301532
0.004285557006369345
0.0039547729975311086
0.003337760004797019
0.0033825349964899942
0.003395700012333691
0.004880478008999489
0.003483709995634854
0.0035090390010736883
0.003388247001566924
0.003957467997679487
0.004329440998844802
0.0035407289979048073
0.003635240995208733
0.0030004729924257845
0.0035088980075670406
0.0035610380000434816
0.003375041007529944
0.003697809996083379
0.00337556199519895
0.003658034998807125
0.002948123001260683
0.0029658169951289892
0.0029999420075910166
0.0036252710124244913
0.004543000992271118
0.0033210580004379153
0.0032820030028233305
0.004152743000304326
0.004029716001241468
0.004453429006389342
0.004370069000287913
0.0034878480073530227
0.003878948002238758
0.003572058994905092
0.0033342429960612208
0.003915416993550025
0.0032433689921163023
0.003562329991837032
0.003441808992647566
0.004212246989482082
0.003965383002650924
0.0036693150032078847
0.005251228998531587
0.004616040998371318
0.004735640992294066
0.004529334997641854
0.011372125009074807
0.003981643996667117
0.0037589779967674986
0.0035018140042666346
0.0034090269909938797
0.0035370319965295494
0.003850263005006127
0.0036013249919051304
0.0038119990058476105
0.0037467239890247583
0.0036678430042229593
0.003921069001080468
0.003635942004621029
0.0038216880057007074
0.003705303999595344
0.0036672720016213134
0.0038749389932490885
0.005030485990573652
0.005361129995435476
0.005165815004147589
0.005319449002854526
0.0032776739972177893
0.0034875070123234764
0.0033082130103139207
0.0032448220008518547
0.003241104001062922
0.003086177006480284
0.003329985003801994
0.0032886959961615503
0.0039220199978444725
0.003694514001836069
0.003733368997927755
0.0036937419936293736
0.003779015998588875
0.0038426579994848
0.003814233001321554
0.0036583850014721975
0.003563182006473653
0.003389639998204075
0.003652593004517257
0.0037824920000275597
0.0037900470051681623
0.0036901660059811547
0.0033981759916059673
0.0033503839949844405
0.003765078989090398
0.003454372999840416
0.0035748439986491576
0.0036229270044714212
0.003569444001186639
0.0034814849932445213
0.0035982289991807193
0.0035367810050956905
0.003720904001966119
0.0036810880119446665
0.0038772239931859076
0.0036918690020684153
0.00353996800549794
0.003891221000230871
0.003952297993237153
0.00410001099226065
0.0037677750078728423
0.0036937330005457625
0.0038849889970151708
0.003566066996427253
0.0035014639870496467
0.0036936420074198395
0.003752575008547865
0.003764969005715102
0.0037015670095570385
0.003379829999175854
0.0037038019945612177
0.0036115950060775504
0.0034706639999058098
0.0037201329978415743
0.003467899005045183
0.00375460900249891
0.003784186003031209
0.003379710004082881
0.0033860519906738773
0.0034714369976427406
0.003692889993544668
0.00383704699925147
0.003592807988752611
0.003702710004290566
0.003806297987466678
0.003473208998912014
0.0038586590089835227
0.0038784569915151224
0.00359854000271298
0.003661611001007259
0.003686157986521721
0.0038731859967811033
0.003981863992521539
0.0038795189902884886
0.0037352920044213533
0.003706966992467642
0.0036394179915077984
0.00391407500137575
0.003432490993873216
0.003831547001027502
0.0037980130000505596
0.003754578996449709
0.003759237995836884
0.0038726049970136955
0.0036761679948540404
0.0037804479943588376
0.0038274289981927723
0.0036955459945602342
0.0037347110046539456
0.0035370119876461104
0.0036975700058974326
0.003529877998516895
0.005221451006946154
0.005072847008705139
0.005157678999239579
0.003357807989232242
0.0032023710082285106
0.0033921639987966046
0.0033525780017953366
0.0034077440068358555
0.0032595499942544848
0.0036026879970449954
0.0037101540074218065
0.003711697005201131
0.0035854140005540103
0.003635470988228917
0.00367348401050549
0.003700394998304546
0.003683882998302579
0.0035275439877295867
0.0036909669870510697
0.003730702999746427
0.003610802988987416
0.0037637770001310855
0.0036419740063138306
0.00366470699373167
0.003680986992549151
0.0035117840016027912
0.003626514007919468
0.00376138198771514
0.0034768170007737353
0.003752686010557227
0.0036686340026790276
0.0038215469976421446
0.0038120190001791343
0.003734780999366194
0.003776301004108973
0.003886302001774311
0.003775299002882093
0.003789666006923653
0.005369895996409468
0.0037130900018382818
0.003662451999844052
0.003852325986372307
0.003934174004825763
0.003764306995435618
0.00400974799413234
0.003819032004685141
0.0037087620003148913
0.0037421960005303845
0.0036792949977098033
0.003816948999883607
0.003717618004884571
0.003647012999863364
0.003670186997624114
0.0037954770086798817
0.0035546949948184192
0.003510031005134806
0.003586787002859637
0.0036115849943598732
0.0035887609992641956
0.0035681509907590225
0.0033704930101521313
0.003834902003291063
0.003325366007629782
0.003571167995687574
0.003690416007884778
0.0035755650023929775
0.003613298002164811
0.00351798499468714
0.003618897986598313
0.0036364620027597994
0.003350243001477793
0.0033240829943679273
0.0034984980011358857
0.00365095998859033
0.0036071869981242344
0.003684233990497887
0.0037345210002968088
0.0037242109974613413
0.0038317669968819246
0.0033934259990928695
0.003481164007098414
0.0036676129966508597
0.0036858169914921746
0.0038197539979591966
0.0033330510050291196
0.0036740649957209826
0.0037999649939592928
0.003641682007582858
0.0037620130024151877
0.005309952000970952
0.005248362998827361
0.0031816799892112613
0.003313743000035174
0.0037219770019873977
0.003722998997545801
0.003709561991854571
0.0035018339985981584
0.0036398290103534237
0.0036684539954876527
0.0036576019920175895
0.0034978559997398406
0.003403126000193879
0.0034544240043032914
0.003592377994209528
0.0036142390017630532
0.0035633229999803007
0.00381598700187169
0.003819813995505683
0.003742796994629316
0.003742455010069534
0.0036062840081285685
0.003743477995158173
0.0037717119994340464
0.0034157899935962632
0.003683864008053206
0.003753918004804291
0.0038523369876202196
0.0037332280044211075
0.0034890999959316105
0.0036172350082779303
0.0037915290013188496
0.003820095007540658
0.0037647389981430024
0.0036717699986184016
0.003753075987333432
0.00368329300545156
0.0034614270116435364
0.003605373000027612
0.0038145840080687776
0.0037119070038897917
0.0038971720059635118
0.0036311019939603284
0.0036057429970242083
0.00369562600099016
0.0036242589994799346
0.003653945997939445
0.0037390789948403835
0.003566327999578789
0.0037677239888580516
0.0033950490033021197
0.003362185991136357
0.0036790339945582673
0.005344247008906677
0.003768526003113948
0.003777682999498211
0.0037068969977553934
0.0037102750065969303
0.0037896870053373277
0.003667291995952837
0.0036635040014516562
0.0034231629979331046
0.0037300519907148555
0.003718118998222053
0.0034957329917233437
0.0038992170011624694
0.003654676998849027
0.003538295000907965
0.0033999790030065924
0.003615993002313189
0.0035247579944552854
0.0036800859961658716
0.003679284011013806
0.0037251430039759725
0.0034467889927327633
0.003819813995505683
0.003958139001042582
0.003785577995586209
0.003713459998834878
0.0037823120073881
0.0038277800049399957
0.0037452610122272745
0.0034777990076690912
0.003339563001645729
0.0035468610003590584
0.003761531988857314
0.0036726010002894327
0.0036411620094440877
0.0037636859924532473
0.0036850059987045825
0.00358376199437771
0.0032776439911685884
0.003638927999418229
0.003604942001402378
0.0036951149959350005
0.0037598689959850162
0.0037127590039744973
0.0036737240006914362
0.0037777230027131736
0.0036201609909767285
0.003708870994159952
0.003494029995636083
0.003581076001864858
0.003705686001922004
0.003021805008756928
0.003084203999605961
0.003484821005258709
0.0036277759936638176
0.0037243120023049414
0.003766292007640004
0.003751041993382387
0.003737815990461968
0.0027024119917768985
0.0024214730074163526
0.0026951170002575964
0.0025965579989133403
0.00255683199793566
0.00255448798998259
0.003688120996230282
0.003763175001950003
0.003654918007669039
0.0036231970007065684
0.0033928260090760887
0.0034170410071965307
0.0036848659947281703
0.0032022210070863366
0.003667682991363108
0.0035767679946729913
0.0034234540071338415
0.0035303000040585175
0.0035793529968941584
0.003725753995240666
0.0036421429977053776
0.0036682540085166693
0.003329202998429537
0.0036132269888184965
0.0036033490032423288
0.003358870992087759
0.0036222449998604134
0.0036102419981034473
0.0037207849964033812
0.003613749999203719
0.003438813000684604
0.003592257999116555
0.0035882500087609515
0.00343812198843807
0.00362583200330846
0.004140949007705785
0.003564494996680878
0.003958510002121329
0.0037175379984546453
0.002949756002635695
0.008381961000850424
0.004744938007206656
0.004168142011621967
0.00404762000835035
0.0036474939988693222
0.0029713679978158325
0.003847427011351101
0.004166268001426943
0.0037030600069556385
0.003567280000424944
0.003610512998420745
0.004388373999972828
0.007565826992504299
0.0038031620060792193
0.0031872209947323427
0.003619651004555635
0.007038655996439047
0.0040375120006501675
0.0041140990069834515
0.003869449006742798
0.003767554007936269
0.003748667993932031
0.00452280200261157
0.0047196189989335835
0.003073643005336635
0.003609299994423054
0.003885240003000945
0.003752004005946219
0.002894470002502203
0.004088779998710379
0.0032300129969371483
0.00361177499871701
0.0031873110128799453
0.004556686995783821
0.003380611989996396
0.003153065001242794
0.003882254008203745
0.003592408000258729
0.0038290520024020225
0.003454664009041153
0.004083039006218314
0.003460615989752114
0.004609687995980494
0.003908022990799509
0.0038044849934522063
0.003442771005211398
0.003926648001652211
0.0035843429941451177
0.007288294000318274
0.0027838380046887323
0.006980614009080455
0.0036395979986991733
0.0032526159920962527
0.004716472991276532
0.0034197670029243454
0.0069664170005125925
0.004313701007049531
0.0037993639998603612
0.0041824700019788
0.00361440000415314
0.0036045010056113824
0.003354582004249096
0.003439755004364997
0.004294143989682198
0.004297741004847921
0.004000590008217841
0.0034508169919718057
0.0037888950027991086
0.003568332002032548
0.003680025998619385
0.0028721470007440075
0.0030801959946984425
0.0036149910010863096
0.0037303519929992035
0.007668974998523481
0.003558233001967892
0.004255930005456321
0.004041730004246347
0.003953129998990335
0.004016541002783924
0.0037100839981576428
0.004142573001445271
0.003231736001907848
0.0031905569921946153
0.003654476997326128
0.003301019998616539
0.003909074992407113
0.0038352739939000458
0.0036032780044479296
0.004383965002489276
0.0036437570088310167
0.0037001550081185997
0.003779286998906173
0.0036197309964336455
0.0035920869995607063
0.0034241450048284605
0.004455943999346346
0.0041717679996509105
0.003549525994458236
0.0035210319911129773
0.0035997219965793192
0.003651601989986375
0.0032646900071995333
0.003868126994348131
0.003501314000459388
0.007176140003139153
0.003342538999277167
0.003239912010030821
0.004354468997917138
0.003539947996614501
0.003781580991926603
0.004091384005732834
0.00307155899645295
0.003526721993694082
0.004291067001759075
0.007951997002237476
0.007281941987457685
0.0038085819978732616
0.0042302619986003265
0.004021059998194687
0.004897611011983827
0.0046712470066268
0.003972487000282854
0.00436081099906005
0.003129730001091957
0.003624379009124823
0.003620642004534602
0.0034445450000930578
0.003975182000431232
0.003774215991143137
0.0029679609870072454
0.0073810030007734895
0.004032331009511836
0.004499286995269358
0.0032473260071128607
0.0031943549984134734
0.0041889420099323615
0.00428509600169491
0.007370691993855871
0.0037941050104564056
0.0038683570019202307
0.003826407002634369
0.003288615000201389
0.004455312999198213
0.003740622996701859
0.0036340980004752055
0.002883589011617005
0.004049303999636322
0.004268585005775094
0.003416551000555046
0.0032173889921978116
0.003607948005083017
0.0034415990085108206
0.0075650649960152805
0.004026980997878127
0.004398193006636575
0.007066489008138888
0.004153143992880359
0.0031146319961408153
0.004483896991587244
0.003900509007507935
0.0037473859993042424
0.0033835079957498237
0.006881434004753828
0.0033696710015647113
0.002753859997028485
0.004170827000052668
0.003890549996867776
0.008196606009732932
0.0037605499965138733
0.0034087959938915446
0.004057027996168472
0.0031726239976705983
0.0036492169892881066
0.0044944769906578586
0.003668093995656818
0.004039385006763041
0.007143356997403316
0.0033675360027700663
0.003813421993982047
0.003444083995418623
0.0030186580115696415
0.003929844999220222
0.0035759159945882857
0.003371113009052351
0.004631661009625532
0.004659673999412917
0.00415597899700515
0.003634398992289789
0.0033530090004205704
0.003621623996878043
0.0038238520064624026
0.002981316007208079
0.003421710993279703
0.0029114830103935674
0.0076125960040371865
0.003379419998964295
0.004106873995624483
0.004218589005176909
0.0031235799979185686
0.004722575002233498
0.004123114995309152
0.007200785999884829
0.0033886169985635206
0.0038594599900534377
0.003527263004798442
0.0029561589908553287
0.003420238004764542
0.0036340980004752055
0.0036487059987848625
0.003749829003936611
0.003826095999102108
0.004011401993921027
0.003799073994741775
0.004057981001096778
0.0037989039992680773
0.00397468100709375
0.0038013879966456443
0.003454532998148352
0.0035995709913549945
0.004239308007527143
0.0037126179959159344
0.003914715998689644
0.0030179759924067184
0.003943239993532188
0.003431278993957676
0.004549804012640379
0.0046596650063293055
0.00373833799676504
0.0032391209970228374
0.004131081004743464
0.0038744080084143206
0.0036357009958010167
0.004223707990604453
0.0038566449948120862
0.0034583710075821728
0.004291147997719236
0.003986444004112855
0.004204380995361134
0.00352382700657472
0.004182108998065814
0.003998927990323864
0.0036622220068238676
0.007571117006591521
0.003949934005504474
0.003942839000956155
0.003561448000255041
0.0043231489980826154
0.00834628299344331
0.0035392360005062073
0.003728258001501672
0.00428167000063695
0.004354238000814803
0.0035574909998103976
0.0044307260104687884
0.004284635011572391
0.003655217995401472
0.0040756050002528355
0.004229118989314884
0.0036802359973080456
0.0031380569998873398
0.004382172002806328
0.0037008759973105043
0.007719961999100633
0.0036239879991626367
0.007646951999049634
0.004300765998777933
0.003292724009952508
0.003902202006429434
0.003715293001732789
0.0035533839982235804
0.003679365006973967
0.00457455099967774
0.004167480001342483
0.00426354500814341
0.004178390998276882
0.0032674149988451973
0.0027432689967099577
0.003565416991477832
0.003573031004634686
0.007146411997382529
0.006929046008735895
0.003669105004519224
0.004029876989079639
0.004187379003269598
0.0037616119952872396
0.004182920005405322
0.00476895400788635
0.003977086002123542
0.0033900099952006713
0.003655067994259298
0.0038359649915946648
0.0037479770107893273
0.00353201299731154
0.008554472005926073
0.004339970997534692
0.0036183170013828203
0.00472840599832125
0.003946527009247802
0.0045268099929671735
0.007432521000737324
0.0029034579929430038
0.0032070890010800213
0.0033942180016310886
0.004250590005540289
0.00337177500477992
0.003561749996151775
0.004088639005203731
0.004003795998869464
0.003386493001016788
0.0034694229980232194
0.00378148999880068
0.002981176003231667
0.0037646190030500293
0.004017683997517452
0.00361983101174701
0.0042126869957428426
0.0038337010046234354
0.006748939995304681
0.0036814689956372604
0.0036008449969813228
0.0035416710015852004
0.0036922299914294854
0.003701187000842765
0.0036903869913658127
0.0031402409949805588
0.0044583080016309395
0.004071246992680244
0.004129278007894754
0.0034583910019136965
0.0038744889898225665
0.003465674992185086
0.00554044300224632
0.004109479006729089
0.0074968139961129054
0.0034630800073500723
0.0035481130034895614
0.004477686001337133
0.00435684499097988
0.003643966992967762
0.003967226002714597
0.003184204993885942
0.0032560630061198026
0.004220201997668482
0.0032762519986135885
0.0036407809966476634
0.0036066460015717894
0.003857946998323314
0.0044087529968237504