0.009990045000449754
0.009925770995323546
0.011115582005004399
0.010691700008464977
0.010258839989546686
0.00993191299494356
0.009448967000935227
0.009756436993484385
0.009590619010850787
0.009923066012561321
0.010697541991248727
0.010503680008696392
0.010257628004183061
0.010222040000371635
0.009898850010358728
0.009757538005942479
0.009650553998653777
0.01069725101115182
0.010606156007270329
0.00990323799487669
0.009691872997791506
0.00966305700421799
0.010355043996241875
0.009563147003063932
0.010964573011733592
0.010454103990923613
0.010323473994503729
0.01088135399913881
0.010815277011715807
0.01012477399490308
0.010619851993396878
0.010252798994770274
0.010186961997533217
0.010922211993602104
0.010338873995351605
0.00949460499396082
0.009222392996889539
0.010154058996704407
0.009317696007201448
0.009879432996967807
0.009363473989651538
0.009777386992936954
0.01037813899165485
0.010216900001978502
0.009649911997257732
0.01058337300491985
0.011255050005274825
0.010995884003932588
0.00946644099894911
0.00904650500160642
0.009400905008078553
0.00963753899850417
0.009957061003660783
0.010002258000895381
0.010815357003593817
0.010549568003625609
0.010336658990127034
0.01087244700465817
0.009966248995624483
0.010020082991104573
0.012343266993411817
0.014160099992295727
0.01446506500360556
0.014560719006112777
0.010038287000497803
0.013609655012260191
0.014237098002922721
0.014272896994953044
0.014860423005302437
0.011176439991686493
0.009563187006278895
0.009365307007101364
0.008707867003977299
0.008801244999631308
0.008703468003659509
0.008831924002151936
0.00890333199640736
0.00890336200245656
0.009040113000082783
0.009367421007482335
0.009049090003827587
0.0093871190038044
0.009052766996319406
0.009118503992795013
0.008860068002832122
0.009146337004494853
0.009061424992978573
0.008827975994790904
0.009305021987529472
0.009370365994982421
0.009373342007165775
0.009176625986583531
0.009289391004131176
0.009609175001969561
0.007019680007942952
0.0068416180001804605
0.005690570993465371
0.005752209006459452
0.005800011000246741
0.018264900994836353
0.01726432300347369
0.018398957996396348
0.03490903400233947
0.032398589988588355
0.03981924899562728
0.03087309499096591
0.028911974994116463
0.025833873005467467
0.006001126996125095
0.005690702004358172
0.005682194998371415
0.005258241988485679
0.0056891979911597446
0.0058548360102577135
0.008347044000402093
0.013973873006762005
0.015179855996393599
0.018827459993190132
0.005779382001492195
0.00618935699458234
0.005921272997511551
0.005740827997215092
0.005573716989601962
0.0055840669956523925
0.010036924999440089
0.017504212009953335
0.008524463992216624
0.006320578992017545
0.006024911999702454
0.006378690988640301
0.006706700005452149
0.007066379010211676
0.0071557799965376034
0.007131122998544015
0.006978149991482496
0.007670056002098136
0.007358589005889371
0.007789526003762148
0.006609161995584145
0.0065646069997455925
0.007451356999808922
0.0075063429976580665
0.006577260995982215
0.007009379012743011
0.007163444999605417
0.008034024009248242
0.006032046003383584
0.007451696990756318
0.007045809994451702
0.007074444001773372
0.00678530998993665
0.006788566999603063
0.007362456992268562
0.0065262529969913885
0.006994220006163232
0.006682662991806865
0.006664268003078178
0.00646583701018244
0.005989864992443472
0.0069312599953264
0.006321549997664988
0.007907131002866663
0.00759613499394618
0.00794127699919045
0.009459977998631075
0.007451266996213235
0.0075570000044535846
0.007370843013632111
0.007597397998324595
0.00728796400653664
0.007629929998074658
0.007321448007132858
0.008604778995504603
0.007254298994666897
0.007453931990312412
0.007133027000236325
0.007332859007874504
0.006954205004149117
0.006902173990965821
0.007676088003790937
0.006474583991803229
0.008028983997064643
0.00791058799950406
0.017750204002368264
0.01172657500137575
0.018641552989720367
0.0070478739944519475
0.010850505001144484
0.010084324996569194
0.009565020009176806
0.017324057000223547
0.007859880002797581
0.007391642007860355
0.009239927007001825
0.007292793001397513
0.01045352300570812
0.009437436005100608
0.013036154996370897
0.008134406991302967
0.008742442994844168
0.013241599008324556
0.010080067993840203
0.008986169996205717
0.009052516994415782
0.014364903996465728
0.014110946009168401
0.011968277001869865
0.011405579003621824
0.008331233999342658
0.006419858997105621
0.019410777997109108
0.015688450992456637
0.012396708989399485
0.01624300400726497
0.010765822007670067
0.008890245997463353
0.011875529991812073
0.005226170993410051
0.0063103900029091164
0.009609846005332656
0.009669610008131713
0.013914269002270885
0.008328588999575004
0.00875480700051412
0.012557166992337443
0.010182605008594692
0.0053708380000898615
0.018343040996114723
0.00805259999469854
0.016014065011404455
0.007050027998047881
0.0075962340051773936
0.009663277989602648
0.016198589000850916
0.018615973996929824
0.008238536000135355
0.00814028800232336
0.013180622001527809
0.007231204988784157
0.009958694005035795
0.01468472600390669
0.014917973006959073
0.008956432997365482
0.006109434005338699
0.008734347997233272
0.006828864003182389
0.018628507998073474
0.00869726600649301
0.006496034999145195
0.008499877993017435
0.00863156100967899
0.01251011699787341
0.013747228003921919
0.006215628003701568
0.01263225098955445
0.006582101006642915
0.007918712988612242
0.010958882994600572
0.0071170160081237555
0.00732488400535658
0.011973226995905861
0.014386855997145176
0.009918727999320254
0.006341207990772091
0.012556104993564077
0.007798963997629471
0.014326689997687936
0.01216195899178274
0.00990822799212765
0.007015620998572558
0.007906750004622154
0.012295985987293534
0.009902396996039897
0.005915332003496587
0.013083105004625395
0.007267705004778691
0.00713238499884028
0.019759776987484656
0.011309534995234571
0.007248637994052842
0.007062942997436039
0.01714316000288818
0.008803709992207587
0.009588956003426574
0.016199240009882487
0.007511553005315363
0.005400875001214445
0.007759308005915955
0.0071735139936208725
0.0075380030029919
0.005263553000986576
0.007645899997442029
0.008352935998118483
0.012452466005925089
0.011470002005808055
0.016288861996144988
0.00892153600580059
0.008077548001892865
0.008132854010909796
0.006758718998753466
0.007572208996862173
0.012243245000718161
0.0052809760090895
0.005839206001837738
0.007187501003500074
0.02321202699386049
0.016973403995507397
0.015497696003876626
0.008647490001749247
0.005553358001634479
0.005075681998278014
0.010228973012999631
0.00604932798887603
0.013668307001353242
0.007630942011019215
0.009935320005752146
0.0047657480026828125
0.016896897010155953
0.00778608801192604
0.013176844993722625
0.013083497004117817
0.007439533990691416
0.013547766997362487
0.006994580995524302
0.008970048991614021
0.01010399399092421
0.01787896100722719
0.016682938003214076
0.008447045998764224
0.006690688998787664
0.012874696010840125
0.01387616599095054
0.008386058994801715
0.01296889700461179
0.008187839004676789
0.007943561009597033
0.009145023999735713
0.007281742000486702
0.0093468010018114
0.012751118003507145
0.009871597998426296
0.009074069006601349
0.0053391770052257925
0.007077090005623177
0.01668205599708017
0.01572772600047756
0.007369229992036708
0.009993030005716719
0.01259440800640732
0.007543624000390992
0.00824188299884554
0.01191895299416501
0.01213691099837888
0.008437458003754728
0.008414684009039775
0.007620671996846795
0.007379408998531289
0.007679283997276798
0.015921847996651195
0.01483011498930864
0.007980991998920217
0.011286731009022333
0.01462803699541837
0.01665149700420443
0.003343100004713051
0.004489807994104922
0.003476205005426891
0.003238239005440846
0.0057222420000471175
0.005726691000745632
0.005524513006093912
0.0044312370009720325
0.004342225001892075
0.01142842300760094
0.009999072004575282
0.0064634430018486455
0.005362081006751396
0.00745785899925977
0.00456922099692747
0.0044798500020988286
0.004341613996075466
0.00456381100229919
0.0059171960019739345
0.005489064991706982
0.0053198609966784716
0.0056159369996748865
0.005392218998167664
0.00525085799745284
0.005533899995498359
0.005778659993666224
0.00535337500332389
0.005372881001676433
0.005495988007169217
0.0080762860015966
0.003961266003898345
0.00504226800694596
0.004616802005330101
0.00735513299878221
0.005355599001632072
0.00471095199463889
0.004649524998967536
0.004865088005317375
0.004621521991793998
0.004506890996708535
0.003819844001554884
0.003877473995089531
0.004371592003735714
0.004908241011435166
0.004808960002264939
0.004866681003477424
0.0055146430095192045
0.005163820998859592
0.005160635002539493
0.006170901993755251
0.004848205993766896
0.0035418210027273744
0.0038799699977971613
0.003635831002611667
0.003790597998886369
0.003727326009538956
0.0037431569944601506
0.003936969005735591
0.004013174999272451
0.00393665800220333
0.0038025709945941344
0.003816427997662686
0.003973920000134967
0.005494354001712054
0.005355057000997476
0.005424600996775553
0.005510134986252524
0.005265656000119634
0.005366760000470094
0.005517409008461982
0.005505776003701612
0.005386998993344605
0.003687620992423035
0.004230009988532402
0.0061148950044298545
0.0074483509961282834
0.006008509997627698
0.008089070004643872
0.009501388005446643
0.008571685990318656
0.008577315995353274
0.0038569049938814715
0.003960253001423553
0.004150719003519043
0.007110744001693092
0.005338985996786505
0.01139667199458927
0.005812043003970757
0.005674209009157494
0.00597607898816932
0.006972559000132605
0.005378403002396226
0.004715981995104812
0.0038155260117491707
0.00880130501172971
0.008405526998103596
0.00685958300891798
0.011597115997574292
0.011526660993695259
0.011993395994068123
0.011729600999387912
0.01159553301113192
0.010788285013404675
0.01134824899781961
0.010022146001574583
0.011197069004992954
0.010987136993207969
0.010972357995342463
0.010166562991798855
0.010053556994535029
0.011286861001281068
0.011388446000637487
0.010992686991812661
0.01050583299365826
0.010148157001822256
0.009952081993105821
0.010781712000607513
0.011135400985949673
0.009988081001210958
0.007524626998929307
0.00882892799563706
0.007585743995150551
0.008032211000681855
0.007836695993319154
0.008124618005240336
0.00991711500682868
0.010272616011206992
0.009504754998488352
0.004612805001670495
0.004537360000540502
0.004351283001597039
0.004464891011593863
0.004991080000763759
0.007494880992453545
0.007698571003857069
0.00729473699175287
0.008050035001360811
0.007243337997351773
0.006914247001986951
0.006813364001573063
0.008086324000032619
0.008058841995080002
0.006643227010499686
0.007381322997389361
0.004649784998036921
0.007960363000165671
0.007975161002832465
0.007278625009348616
0.006572412006789818
0.007324013000470586
0.006674226999166422
0.006576098006917164
0.006332692006253637
0.007661239011213183
0.007813490999978967
0.00610042701009661
0.0070400380063802
0.0076148709922563285
0.008350029995199293
0.007584452003357001
0.007868076005252078
0.007550958005595021
0.008644785004435107
0.00858079300087411
0.006729864006047137
0.007386192010017112
0.0076870079938089475
0.006552745006047189
0.006085228000301868
0.007002345999353565
0.00791888398816809
0.007359961993643083
0.0059819690068252385
0.006618479994358495
0.006948994006961584
0.006962921004742384
0.007102176998159848
0.008287971999379806
0.008353867990081199
0.006687722008791752
0.007402122995699756
0.004307387993321754
0.0044303150061750785
0.004271350000635721
0.004226012999424711
0.006176202005008236
0.006362227999488823
0.007309734995942563
0.007501252999645658
0.006219885995960794
0.006659599006525241
0.004302189001464285
0.004367184010334313
0.0044993669871473685
0.004394756004330702
0.0042081979918293655
0.004331383999669924
0.004396268996060826
0.004383695995784365
0.004323579996707849
0.0043418550048954785
0.004333117991336621
0.004258685003151186
0.004336174999480136
0.007742515008430928
0.003813021001406014
0.006349874995066784
0.007556358992587775
0.007603086996823549
0.005997879998176359
0.007517543999711052
0.00801671099907253
0.00793909200001508
0.006007888994645327
0.00698355000349693
0.006199155992362648
0.006129151995992288
0.006052013995940797
0.005407738994108513
0.004866662013228051
0.0052810149936703965
0.010679036000510678
0.00586890299746301
0.006088202993851155
0.004782869989867322
0.004859227003180422
0.009099367001908831
0.007482836997951381
0.007720683002844453
0.004451725006219931
0.004453849003766663
0.004605300011462532
0.004200895011308603
0.004807869001524523
0.004637341000488959
0.004616542006260715
0.004729057996883057
0.004844609007705003
0.00436271600483451
0.004639164995751344
0.004447697996511124
0.004578327992931008
0.0047192079946398735
0.00455732800764963
0.0045087860053172335
0.004571123994537629
0.004647872003261
0.0040913539996836334
0.004506330005824566
0.0042111649963771924
0.0043683059921022505
0.004272380989277735
0.0042139489960391074
0.00421061301312875
0.004112345006433316
0.004509546008193865
0.004292359997634776
0.004228448000503704
0.004293122008675709
0.00420907000079751
0.004331484989961609
0.004206966012134217
0.00694495601055678
0.007800997002050281
0.011211046003154479
0.010333764003007673
0.004433941998286173
0.004319401996326633
0.0041564300045138225
0.004303842011722736
0.004364308013464324
0.004292840996640734
0.0042024669965030625
0.0041981290123658255
0.00417446400388144
0.004467275008209981
0.00432216799526941
0.004230170990922488
0.004292931000236422
0.004242303999490105
0.004116782991332002
0.004155778995482251
0.004500167997321114
0.004283271991880611
0.004115141011425294
0.004129037013626657
0.004304924004827626
0.004342186002759263
0.0043226080015301704
0.004337446007411927
0.004490208986680955
0.005360398004995659
0.006528467012685724
0.005671103994245641
0.005933366002864204
0.005204387998674065
0.005432466001366265
0.004883924993919209
0.005415713996626437
0.004472035012440756
0.004624416993465275
0.004808479003258981
0.005048218998126686
0.012271299012354575
0.013043800005107187
0.011668052000459284
0.011665076992358081
0.011988006008323282
0.011419686008593999
0.011497466010041535
0.004397590993903577
0.004297448991565034
0.012075061997165903
0.01254293900274206
0.00626308900245931
0.004306907998397946
0.010116217003087513
0.006224824988748878
0.00781597598688677
0.0062606939900433645
0.004303562003769912
0.006453232999774627
0.006641685002250597
0.005493132004630752
0.005767348993686028
0.004875628001173027
0.007538063000538386
0.008292690996313468
0.004124949991819449
0.010892174992477521
0.022487658003228717
0.012353076002909802
0.0060496389924082905
0.005272950002108701
0.015666968989535235
0.010500534001039341
0.004218537986162119
0.0043351519998395815
0.0063719479949213564
0.0064258709899149835
0.00427688100899104
0.00444536299619358
0.004334550991188735
0.00424094099435024
0.004199903007247485
0.0044204760051798075
0.004393384006107226
0.004301666995161213
0.004498274996876717
0.004455973001313396
0.004379897989565507
0.004816165004740469
0.005968283992842771
0.004930794006213546
0.004668421010137536
0.004658663005102426
0.004408994005643763
0.004379937992780469
0.00420433099498041
0.004122414000448771
0.004190234001725912
0.00430792999395635
0.004825443000299856
0.004307319002691656
0.0042438270029379055
0.0043829339992953464
0.00449623100575991
0.004297719991882332
0.004109279994736426
0.005108154000481591
0.004316096004913561
0.005311704997438937
0.004951192997395992
0.005274342998745851
0.005008202002500184
0.004094750998774543
0.005114776999107562
0.004764686003909446
0.005016387993237004
0.008434752991888672
0.004537970991805196
0.006246025994187221
0.006140502999187447
0.005265867002890445
0.005361990988603793
0.007709983008680865
0.008178982010576874
0.0052747240115422755
0.004414263996295631
0.004383835999760777
0.012122061991249211
0.00606237500323914
0.005305261991452426
0.0044232210057089105
0.009424069998203777
0.008780645992374048
0.010448383996845223
0.0056287720071850345
0.005178038001758978
0.0071048230020096526
0.005610337000689469
0.005521497005247511
0.006658758007688448
0.005937744994298555
0.005834826995851472
0.008773731999099255
0.006024821996106766
0.006550178994075395
0.006005163988447748
0.008904592992621474
0.013634201997774653
0.00796540200826712
0.004717224990599789
0.006485726000391878
0.0071527750114910305
0.007227167996461503
0.006064468005206436
0.005807674999232404
0.005668248006259091
0.0061712830065516755
0.005011909001041204
0.00506106398825068
0.006541171998833306
0.009981048002373427
0.010039418993983418
0.017251206998480484
0.005089789003250189
0.006787645004806109
0.004723135993117467
0.006875273000332527
0.009551883995300159
0.009433687999262474
0.0061775450012646616
0.004476062007597648
0.007708600009209476
0.0073467960028210655
0.004665806001867168
0.005656114997691475
0.006502057003672235
0.0037811199872521684
0.006260723996092565
0.006309028001851402
0.00737251499958802
0.007574453004053794
0.004893161996733397
0.008928609997383319
0.004897289996733889
0.010129973001312464
0.01600699100526981
0.0041023759986273944
0.004730560001917183
0.00577145600982476
0.01219213698641397
0.007186008006101474
0.009013070986839011
0.006401313003152609
0.004061066996655427
0.005224516993621364
0.00448668199533131
0.004489537997869775
0.004289834992960095
0.005451742996228859
0.00772581399360206
0.0051795710023725405
0.004765096993651241
0.009124864998739213
0.005141828994965181
0.00637762900441885
0.006202101998496801
0.0052650049910880625
0.005480457999510691
0.00608807300159242
0.005669310005032457
0.004892760989605449
0.006558174005476758
0.006657714999164455
0.004722194003988989
0.005286847008392215
0.009195612001349218
0.006296462990576401
0.005056776004494168
0.010149991998332553
0.006304458001977764
0.007552530994871631
0.006374511998728849
0.008587625998188742
0.005310062013450079
0.006659007995040156
0.010436311000376008
0.011151562008308247
0.007919334006146528
0.00795129599282518
0.006536663000588305
0.0071259639953495935
0.0063528610044158995
0.009249795009964146
0.006219935996341519
0.005895644004340284
0.00479521400120575
0.006035261991200969
0.00647605700942222
0.0048961669963318855
0.0043189310090383515
0.005573225993430242
0.007888805004768074
0.007820956001523882
0.004598576997523196
0.004336294994573109
0.005162097004358657
0.0071124969981610775
0.006367468988173641
0.0046711460017832
0.007006764994002879
0.007302831989363767
0.006685677988571115
0.004138866002904251
0.0050720340077532455
0.004766760001075454
0.006094185009715147
0.006516124005429447
0.007315647002542391
0.004734207002911717
0.005252571005257778
0.004133005000767298
0.009707353005069308
0.007191969008999877
0.005028791987570003
0.004731952998554334
0.008071025004028343
0.010639239990268834
0.004747783008497208
0.006658626996795647
0.004392592003569007
0.0068353560054674745
0.014292765001300722
0.006291183002758771
0.005772748001618311
0.004820702990400605
0.00424364599166438
0.004260909990989603
0.006463131998316385
0.008677999998326413
0.008803499993518926
0.007737534993793815
0.0044083319953642786
0.006085127999540418
0.0049595090094953775
0.007704110990744084
0.004136431001825258
0.013506677001714706
0.005705889998353086
0.007039127012831159
0.004574641992803663
0.007044957994366996
0.005754392987000756
0.005259484998532571
0.006036113991285674
0.007284407009137794
0.004543702001683414
0.011158024004544131
0.00426503800554201
0.0059675530064851046
0.006202842996572144
0.007895568996900693
0.007421489994158037
0.004769794992171228
0.007672331004869193
0.005794950993731618
0.0056785680062603205
0.004847193995374255
0.005985816998872906
0.0051766960095847026
0.00790451600914821
0.005321373013430275
0.004691645008279011
0.007271783004398458
0.006581118010217324
0.004301598994061351
0.008322017005411908
0.005644732998916879
0.004821765003725886
0.004753384011564776
0.005865155995707028
0.008421748003456742
0.007944231998408213
0.012525686994194984
0.0080656050122343
0.008938619008404203
0.010502236997126602
0.008726843007025309
0.0063920560060068965
0.006671972994809039
0.007962638002936728
0.004975320000085048
0.00503333100641612
0.006719823999446817
0.004948859001160599
0.00893595399975311
0.007780897998600267
0.005307075000018813
0.007670117003726773
0.006162004996440373
0.005643852011417039
0.004996901014237665
0.005065883990027942
0.005505084991455078
0.006537084002047777
0.006171622997499071
0.0055898179998621345
0.009047837986145169
0.008782347998931073
0.011169475998030975
0.0057601649896241724
0.006221168005140498
0.006609703006688505
0.012252161992364563
0.006486297002993524
0.010025793992099352
0.007981453003594652
0.007080376002704725
0.007154177001211792
0.004578838997986168
0.00473075000627432
0.0080205480044242
0.005180583000765182
0.0061191419954411685
0.005674390005879104
0.006093855001381598
0.010031334008090198
0.004725620994577184
0.006133060000138357
0.00487450699438341
0.007508497001254
0.0045360070071183145
0.004977112999767996
0.004337316000601277
0.009720547997858375
0.004993002992705442
0.005106041004182771
0.007768834999296814
0.005591360997641459
0.005343445009202696
0.006771503991330974
0.004947055000229739
0.006592952006030828
0.010097670994582586
0.005156867002369836
0.007704832998570055
0.006095087010180578
0.004662349994760007
0.006545080002979375
0.008669301998452283
0.006114142990554683
0.004059443002915941
0.008541167000657879
0.007201057000202127
0.005278990996885113
0.007336395996389911
0.004393554001580924
0.003975562009145506
0.004536538006504998
0.0060800679930252954
0.004923309999867342
0.005599195006652735
0.007947398000396788
0.006200748990522698
0.006230195998796262
0.006806350007536821
0.0056874550064094365
0.010088533002999611
0.005762549000792205
0.01201945600041654
0.004593246994772926
0.0043926520011154935
0.014228309999452904
0.006571720994543284
0.007050458007142879
0.004514245010796003
0.008593396996730007
0.004570092001813464
0.008085142995696515
0.005889862994081341
0.009675000997958705
0.005100690003018826
0.004968576991814189
0.0065790850057965145
0.006776713998988271
0.004697577009210363
0.008374537006602623
0.004704781007603742
0.007214683006168343
0.008303530994453467
0.00830311000754591
0.005442975991172716
0.009630604996345937
0.006429166998714209
0.005608453997410834
0.004406188003486022
0.007669554994208738
0.007215043995529413
0.008237824993557297
0.006173486995976418
0.009860506994300522
0.004416958996444009
0.005146156996488571
0.0049444510077591985
0.006909847987117246
0.006386855995515361
0.004432578003616072
0.004392040995298885
0.005957503002719022
0.0066998870024690405
0.007611744993482716
0.007601254998007789
0.008162190002622083
0.009681754003395326
0.008248014011769556
0.004301076987758279
0.004969959001755342
0.0057342750078532845
0.00651462099631317
0.004312347999075428
0.009769481999683194
0.00540494300366845
0.0065697870013536885
0.004475631998502649
0.00517122499877587
0.00513371400302276
0.005528660010895692
0.0062192449986469
0.008312637990457006
0.005217653990257531
0.004393002993310802
0.0055776450026314706
0.0052207999979145825
0.005316634007613175
0.009743190996232443
0.006152867994387634
0.007321326993405819
0.010035712999524549
0.00447059101134073
0.009814719000132754
0.007240392005769536
0.005976829997962341
0.021704054001020268
0.01484419200278353
0.0077396599954226986
0.008010278004803695
0.007818611004040577
0.008035296006710269
0.007889507003710605
0.007843758998205885
0.007962126997881569
0.007978527995874174
0.008193839996238239
0.008028714990359731
0.007914554997114465
0.007713658997090533
0.00799863699648995
0.008409674002905376
0.008532681007636711
0.00820779700006824
0.008436546006123535
0.008127743989462033
0.007883264988777228
0.008293392005725764
0.008036017999984324
0.008454640003037639
0.007956155008287169
0.007830905000446364
0.007912581000709906
0.007794515011482872
0.007948159996885806
0.008074781988398172
0.006395773001713678
0.006136155003332533
0.025961398001527414
0.011074905007262714
0.0110422129946528
0.014471738002612256
0.014879599009873345
0.016693087003659457
0.01739755700691603
0.015532290999544784
0.017564637993928045
0.018069386002025567
0.018054797998047434
0.01881181899807416
0.020571743996697478
0.006030182004906237
0.005783608998171985
0.0057722369965631515
0.005721039007767104
0.005758621002314612
0.00581375700130593
0.005683066992787644
0.005520514998352155
0.0058078259899048135
0.005709748002118431
0.00564955199661199
0.005477142010931857
0.00559901499946136
0.005552165996050462
0.005484216002514586
0.005642988995532505
0.0056085039977915585
0.005596009999862872
0.005620265990728512
0.0055420159915229306
0.005483244007336907
0.01565821300027892
0.009518500010017306
0.008116932993289083
0.007740330998785794
0.00784282801032532
0.008740148012293503
0.007866522995755076
0.008068440001807176
0.0077751979988534
0.008021800997084938
0.007863898004870862
0.007491523996577598
0.0075001100049121305
0.007456708000972867
0.007602016004966572
0.007985150994500145
0.00808282800426241
0.007874378003180027
0.0077578740019816905
0.0073903300071833655
0.007521952997194603
0.007969480997417122
0.007826827000826597
0.007593379996251315
0.00761050199798774
0.007480031999875791
0.007607316001667641
0.007734130005701445
0.010225085003185086
0.007707769007538445
0.007721426009084098
0.007362465999904089
0.007424996001645923
0.007756761988275684
0.007497586004319601
0.007709691999480128
0.007512423995649442
0.007605773993418552
0.007589040993480012
0.011281500992481597
0.009527397996862419
0.007870170011301525
0.007738196989521384
0.007954101005452685
0.007855432006181218
0.009676724002929404
0.015150267994613387
0.02332873000705149
0.009019172997795977
0.008986892004031688
0.008969597998657264
0.008995528012746945
0.008951963987783529
0.008833036001306027
0.008995948999654502
0.009006067994050682
0.009266617009416223
0.00910649000434205
0.008966823006630875
0.009125527009018697
0.008774814996286295
0.009255336000933312
0.008901256995159201
0.008784552992437966
0.008546666998881847
0.008567397002479993
0.008948587987106293
0.008761798992054537
0.009134132997132838
0.009207564988173544
0.00933464900299441
0.00952588499058038
0.009208947012666613
0.009018482000101358
0.009158190005109645
0.009449197998037562
0.012777518990333192
0.005393501007347368
0.0048868500016396865
0.005119676003232598
0.005064780998509377
0.005170663993339986
0.005222492996836081
0.0056889279949245974
0.004889035000815056
0.005238874000497162
0.0048507909959880635
0.005227283007116057
0.005001117999199778
0.005027578998124227
0.0048161740123759955
0.0048964279994834214
0.0047742340102558956
0.0050323689938522875
0.00486400599766057
0.0049970410036621615
0.0049779640103224665
0.005055303001427092
0.005047628001193516
0.005201544001465663
0.004974527997546829
0.005412207989138551
0.005143893009517342
0.005097854998894036
0.005294411996146664
0.005130888006533496
0.00510513799963519
0.005151126009877771
0.005100248992675915
0.005161997003597207
0.005202043990720995
0.005652758001815528
0.00540983300015796
0.005320901997038163
0.005557455995585769
0.005123783994349651
0.005423288996098563
0.005636757996398956
0.0055885860056150705
0.005065673001809046
0.004899694002233446
0.0050461950013414025
0.005127451004227623
0.005086411998490803
0.004640907995053567
0.00466661699465476
0.004786466990481131
0.004936514989822172
0.004939600999932736
0.005015135990106501
0.00492159700661432
0.004770487008499913
0.004882943001575768
0.004737042996566743
0.005070211002021097
0.005187206013943069
0.0049476260028313845
0.004706534004071727
0.004662178995204158
0.004912199001410045
0.005133953993208706
0.005099308007629588
0.005182766995858401
0.00519359800091479
0.004839739995077252
0.005066825004178099
0.005098755995277315
0.006112218994530849
0.004703167011030018
0.004920243998640217
0.004777820999152027
0.004872432007687166
0.005014715003198944
0.0050554729969007894
0.004758082999614999
0.004982873986591585
0.0047431040002265945
0.004844568989938125
0.0046671790041727945
0.00477773099555634
0.004770416009705514
0.007153234997531399
0.006788075988879427
0.006993699003942311
0.006966387009015307
0.0069723990018246695
0.007018446995061822
0.007048073006444611
0.007056800997816026
0.006843231007223949
0.007308883999940008
0.007013667011051439
0.007153465994633734
0.007135881998692639
0.00743653898825869
0.007110342994565144
0.00722362998931203
0.0069613569939974695
0.007186048009316437
0.006950266004423611
0.007389649006654508
0.006973160008783452
0.0069613770028809085
0.007066730002406985
0.007332057997700758
0.00701369799207896
0.006999139994150028
0.007060606993036345
0.0069668079959228635
0.007254609998199157
0.00731214000552427
0.007325104990741238
0.007403084004181437
0.007269559006090276
0.007207729999208823
0.00735214700398501
0.007265961990924552
0.0072931430040625855
0.007585234008729458
0.007371564002824016
0.008154936003847979
0.007419084999128245
0.007148236007196829
0.007387484991340898
0.0077384970063576475
0.007489190000342205
0.007225884997751564
0.007419194997055456
0.007594261987833306
0.007476946004317142
0.007253677991684526
0.0073740590014494956
0.00758596500963904
0.008055676007643342
0.007581476005725563
0.007241213999805041
0.007714141000178643
0.007528906004154123
0.007257235003635287
0.0075493750046007335
0.007433321996359155
0.007365521989413537
0.00736517200130038
0.007143857001210563
0.007464491995051503
0.007184486006735824
0.007278445991687477
0.007371052997768857
0.007905899008619599
0.007311288005439565
0.007392935003736056
0.00756395299686119
0.007510460010962561
0.007298013006220572
0.007473018005839549
0.007367816986516118
0.007513126009143889
0.00745430299139116
0.007284425999387167
0.007229861992527731
0.007340523996390402
0.007237507001264021
0.007219061997602694
0.007297631993424147
0.00732045600307174
0.007423584000207484
0.007413514991640113
0.007653324006241746
0.007463050002115779
0.007357627007877454
0.007497987011447549
0.007290879002539441
0.0075649350037565455
0.007525829001679085
0.00769961200421676
0.007582830003229901
0.007358569011557847
0.007435516992700286
0.007676848996197805
0.007496182995964773
0.007360182993579656
0.007367755999439396
0.007447600000887178
0.007477206003386527
0.008066135997069068
0.007517072997870855
0.0077814689866499975
0.008155306990374811
0.008361090993275866
0.008133985989843495
0.008146449996274896
0.008128565998049453
0.008433309994870797
0.0078012179874349385
0.00804269099899102
0.007949852995807305
0.007652803004020825
0.00753321401134599
0.008113736999803223
0.007699162000790238
0.0075844419916393235
0.008101713989162818
0.007233630007249303
0.007477376988390461
0.008432278002146631
0.007183113004430197
0.007589462009491399
0.007465364004019648
0.007167051997384988
0.007445254988851957
0.0074121520010521635
0.007593429007101804
0.0074342240113765
0.007472157012671232
0.007423183007631451
0.007463590998668224
0.007294044989976101
0.007505981993745081
0.007125301999622025
0.007736362997093238
0.007324302991037257
0.007367836995399557
0.007257995996042155
0.00748785599716939
0.0072891559975687414
0.007994118001079187
0.007182211003964767
0.007577968994155526
0.007420918002026156
0.007179876993177459
0.007662542004254647
0.007537822995800525
0.007161321002058685
0.007737705003819428
0.007140380999771878
0.007294055001693778
0.0069369210104923695
0.005815580007038079
0.005880475000594743
0.0059934020100627095
0.006017608000547625
0.00607545800448861
0.006014432001393288
0.006092240990255959
0.006415441006538458
0.0060684560012305155
0.005953714993665926
0.006206260004546493
0.006073444994399324
0.006001296002068557
0.005901013995753601
0.006082622989197262
0.006223413001862355
0.005927004007389769
0.0061424580053426325
0.0060909890016773716
0.005963224000879563
0.006014110986143351
0.00611397200555075
0.006336528997053392
0.006120415011537261
0.006547865006723441
0.0062852809933247045
0.005901696000364609
0.006171733999508433
0.009208857009070925
0.011491352997836657
0.010928773990599439
0.0062147660064511
0.006355226010782644
0.008101012994302437
0.006708161992719397
0.007399998998153023
0.009471500001382083
0.008934741010307334
0.007355574009125121
0.00865852099377662
0.006788216007407755
0.009772236997378059
0.008164735001628287
0.007710213991231285
0.007443050999427214
0.007497956001316197
0.012067717994796112
0.00830624598893337
0.01109466201160103
0.00912410399178043
0.014880731992889196
0.014081549001275562
0.006739461998222396
0.00536733100307174
0.007602336001582444
0.008143022991134785
0.007921067997813225
0.0072245519986609
0.006187514009070583
0.005587203006143682
0.007189203999587335
0.01072062501043547
0.004959819998475723
0.01033155900950078
0.007532932999311015
0.006548304998432286
0.008648653005366214
0.009499874999164604
0.0056282110017491505
0.01102905601146631
0.005990887002553791
0.016537767995032482
0.007759657994029112
0.015470693004317582
0.008931274991482496
0.006485574995167553
0.008190143998945132
0.008127813998726197
0.012682646993198432
0.007500009989598766
0.005024103011237457
0.010431481001432985
0.01214079798955936
0.0080792009975994
0.006117540004197508
0.006125315005192533
0.011419435002608225
0.01603342199814506
0.008138254008372314
0.015155859000515193
0.012245108999195509
0.011360862001311034
0.006717971002217382
0.0075776590092573315
0.008615658996859565
0.010947721006232314
0.008678419995703734
0.008516780013451353
0.010993097996106371
0.006678475008811802
0.007740401997580193
0.00479796901345253
0.007337568997172639
0.011360391989001073
0.005389443002059124
0.009524952998617664
0.007036231007077731
0.014722638996317983
0.009899120006593876
0.006697591001284309
0.006820656999479979
0.008211624997784384
0.005000988006941043
0.00593543000286445
0.007320746997720562
0.005825129002914764
0.007200496009318158
0.007958960006362759
0.00981546999537386
0.0064693239983171225
0.007134398998459801
0.006748048006556928
0.02242179999302607
0.011550957002327777
0.009890262997942045
0.012592774990480393
0.0053010840056231245
0.00621654000133276
0.006522536001284607
0.00852364300226327
0.0068119909992674366
0.008226313002523966
0.007634898996911943
0.005986538002616726
0.008563309005694464
0.010152817005291581
0.014550559004419483
0.005735778002417646
0.009845446998951957
0.009963232994778082
0.007847707005566917
0.00653689299360849
0.006341688989778049
0.0071813090034993365
0.007083021002472378
0.005168239993508905
0.006408478002413176
0.007485483001801185
0.005806462999316864
0.00612355099292472
0.008304121991386637
0.006064928995328955
0.014774848998058587
0.007395891007035971
0.007506041991291568
0.010820316994795576
0.007397232999210246
0.007350814004894346
0.006465826998464763
0.0072678650030866265
0.01477587099361699
0.00645074799831491
0.007549605987151153
0.013546793998102657
0.007998084998689592
0.006234223998035304
0.006599974993150681
0.005909119994612411
0.0069213410024531186
0.012929150005220436
0.007452468998963013
0.005582133002462797
0.010200538003118709
0.006711387992254458
0.009560481004882604
0.005882910001673736
0.007202891007182188
0.015736132001620717
0.006639519997406751
0.01575566901010461
0.007307521009352058
0.006541172013385221
0.010160471007111482
0.008873312996001914
0.009150846002739854
0.015050868008984253
0.006618800995056517
0.005083816999103874
0.00827391400525812
0.00826103999861516
0.014985251997131854
0.006553415994858369
0.014845474011963233
0.007716164996963926
0.007454902995959856
0.018578080998850055
0.017764641001122072
0.007400039001367986
0.008844087002216838
0.007625340003869496
0.008418650992098264
0.007759768006508239
0.008071827003732324
0.008691184004419483
0.011086045997217298
0.010376404999988154
0.006880763001390733
0.007611603999976069
0.006760341988410801
0.007898112991824746
0.007414787003654055
0.006990763999056071
0.008049764990573749
0.005574789000093006
0.007253057003254071
0.00894789700396359
0.006637717000558041
0.006635172001551837
0.0073267280095024034
0.010828853002749383
0.007786458998452872
0.007273064999026246
0.007456867999280803
0.01029243400262203
0.006167123996419832
0.005234056006884202
0.008246822006185539
0.007941717994981445
0.005856187999597751
0.014284489006968215
0.005348545004380867
0.014653054997324944
0.009301053010858595
0.01188138101133518
0.005531306000193581
0.007961274997796863
0.01496926200343296
0.01598739399923943
0.006934886012459174
0.0051457660010783
0.008008866003365256
0.007748325995635241
0.005553177004912868
0.012797206989489496
0.014724391992785968
0.007990501006133854
0.005742579989600927
0.009474135003983974
0.009051754997926764
0.014201420010067523
0.00974175900046248
0.015035788994282484
0.015799323009559885
0.008059682993916795
0.007152885009418242
0.006778295995900407
0.006951308998395689
0.00741542800096795
0.007096005996572785
0.006155412003863603
0.008701354003278539
0.00908049099962227
0.008803680000710301
0.015365030005341396
0.00765272400167305
0.011704673001077026
0.005159452994121239
0.015060345991514623
0.006302523994236253
0.004909484006930143
0.00500099899363704
0.006806491001043469
0.005817114011733793
0.012394655001116917
0.007242776991915889
0.01483196800108999
0.011246402995311655
0.011998546004178934
0.007259639009134844
0.007207299000583589
0.013142960000550374
0.011087739010690711
0.007154338003601879
0.008457055009785108
0.00729396499809809
0.024962091993074864
0.006905750997248106
0.0075697139982366934
0.006640250998316333
0.011340353987179697
0.006195859998115338
0.005911084008403122
0.008433298993622884
0.006377628000336699
0.006769980012904853
0.004701174009824172
0.017712892004055902
0.01104767200013157
0.011688331011100672
0.01201274199411273
0.007116405002307147
0.008179231997928582
0.011601884994888678
0.0108326999907149
0.008213518012780696
0.007051770997350104
0.00650769799540285
0.013572263007517904
0.007084172990289517
0.007961926006828435
0.015547329996479675
0.009121919996687211
0.00917410000693053
0.007207439004560001
0.009806813002796844
0.010335566999856383
0.0064702459931140766
0.005655984990880825
0.006626215006690472
0.008885397008270957
0.010075047001009807
0.015582918000291102
0.013999622009578161
0.013337162003153935
0.015726252997410484
0.0065544980025151744
0.00761732499813661
0.011459992994787171
0.01202793201082386
0.004939190999721177
0.014866654004435986
0.007111184007953852
0.005858361997525208
0.006858690991066396
0.008833547006361187
0.006977329001529142
0.007616363000124693
0.008084440007223748
0.006315519000054337
0.0062300849967869
0.00770130600722041
0.006422635007766075
0.0121315310097998
0.011456806998467073
0.010139210004126653
0.006917612990946509
0.01566084800288081
0.006368750997353345
0.006556891996297054
0.010746604995802045
0.00687063300574664
0.006794597997213714
0.010007257005781867
0.008057900005951524
0.00944326599710621
0.01139489799970761
0.007779506006045267
0.008505077988957055
0.007435185994836502
0.017185771008371376
0.009078135990421288
0.008348367002326995
0.006298175998381339
0.004872952995356172
0.009158871005638503
0.007373057000222616
0.008406016990193166
0.011505000002216548
0.006945998000446707
0.008230291001382284
0.01620182499755174
0.006890001008287072
0.00855371099896729
0.005414932005805895
0.012283663003472611
0.008069923002040014
0.008482553996145725
0.014584423988708295
0.006387437009834684
0.0078025200054980814
0.009796894999453798
0.011435777007136494
0.009367249993374571
0.006715965995681472
0.017146295998827554
0.008333588993991725
0.008238255002652295
0.006348431998048909
0.014620672998717055
0.007933390996186063
0.007412883001961745
0.00867361000564415
0.008513943990692496
0.005847412001457997
0.006487488994025625
0.007728277996648103
0.017105116989114322
0.012138433987274766
0.010852658000658266
0.008629675998236053
0.006514199994853698
0.007353809996857308
0.006139651988632977
0.011713098996551707
0.005978882996714674
0.008015368002816103
0.007292222013347782
0.008719408011529595
0.010863389004953206
0.006713552997098304
0.007074524997733533
0.004828287987038493
0.00686849000339862
0.0077051930129528046
0.006897915998706594
0.007636752998223528
0.006702059996314347
0.008723226012079976
0.004974188006599434
0.005666063996613957
0.004806476004887372
0.008117284000036307
0.012533351007732563
0.006343382003251463
0.007789965995470993
0.010921741006313823
0.009548517991788685
0.010876493994146585
0.011475803999928758
0.007009559994912706
0.009908507985528558
0.006786422003642656
0.005629584004054777
0.008512051004800014
0.005130966994329356
0.007191458003944717
0.006753940004273318
0.01020924499607645
0.00942622299771756
0.007627654995303601
0.013798526997561567
0.010661972992238589
0.01241281999682542
0.010994971002219245
0.03688814799534157
0.009619404008844867
0.007874066999647766
0.007268206012668088
0.007718519002082758
0.007491743992432021
0.007897413001046516
0.007629618005012162
0.007806798006640747
0.007210776006104425
0.007323331999941729
0.007854368988773786
0.007373336993623525
0.00839702099619899
0.0073586790094850585
0.007265530992299318
0.007875900992075913
0.013962651006295346
0.01463486099964939
0.0148663339932682
0.014191811002092436
0.0070054419920779765
0.006847199008916505
0.007072942011291161
0.006782664000638761
0.006018189000315033
0.0060411930026020855
0.006074206001358107
0.006164329999592155
0.007937399001093581
0.007611003005877137
0.008059122003032826
0.007503988003008999
0.008163581995177083
0.007741011999314651
0.007672331004869193
0.007543422994785942
0.00799195299623534
0.007860972007620148
0.007761921995552257
0.0074129929998889565
0.007997644002898596
0.007865470994147472
0.007731593999778852
0.007382374998996966
0.007790778006892651
0.007763404995785095
0.007741513007204048
0.008027592004509643
0.008333688005222939
0.00761971999600064
0.008684000000357628
0.008164293991285376
0.008087266003713012
0.007920467003714293
0.00840810099907685
0.0081134159991052
0.008543871008441783
0.008068390001426451
0.008600310000474565
0.008188018997316249
0.008419333011261187
0.00789993601210881
0.008299613007693551
0.008301747002406046
0.008203518998925574
0.007855271003791131
0.007358058006502688
0.00806949200341478
0.007782502012560144
0.007708801000262611
0.007357606998994015
0.008316545994603075
0.008099619997665286
0.007860551995690912
0.00733667598979082
0.007733657999779098
0.007770058000460267
0.008079139995970763
0.007546829991042614
0.007975942993653007
0.007812900003045797
0.007589070999529213
0.007461355999112129
0.00852680898969993
0.008225992001825944
0.008056286998908035
0.007835723998141475
0.008268203004263341
0.008189582003979012
0.007904615995357744
0.007713319006143138
0.008105059998342767
0.008214660003432073
0.007694462998188101
0.007399106994853355
0.008412259005126543
0.007841434999136254
0.008116491997498088
0.007903193007223308
0.008134197007166222
0.008677918012836017
0.009290412999689579
0.007966474004206248
0.008327065996127203
0.007726755007752217
0.007778093990054913
0.008041548993787728
0.007486624002922326
0.008310995006468147
0.007580493998830207
0.007561007994809188
0.007920004994957708
0.01363019400741905
0.0137835079949582
0.014313844993012026
0.006679106008959934
0.0068315680109662935
0.006754720991011709
0.005964475989458151
0.005909792002057657
0.006292304999078624
0.014881572991725989
0.011821505991974846
0.007866453001042828
0.0071016970032360405
0.00785374800034333
0.007674494991078973
0.007383746997220442
0.007366232995991595
0.008017683008802123
0.007818881000275724
0.007519297010730952
0.0073430789925623685
0.00773117299831938
0.0074790499929804355
0.007471596007235348
0.008255969994934276
0.008293060993310064
0.007802800988429226
0.008418370998697355
0.0082222650089534
0.007953580003231764
0.007897511997725815
0.008196856011636555
0.0081692829990061
0.00803818200074602
0.007708941004239023
0.00829425299889408
0.008417588993324898
0.008035877996007912
0.014550779000273906
0.008073990000411868
0.007582909005577676
0.008112243987852708
0.007940995987155475
0.007836975986720063
0.007618787989486009
0.008019225992029533
0.00782794899714645
0.00785299699055031
0.007825464999768883
0.008534845008398406
0.009515675003058277
0.01278854999691248
0.012492423004005104
0.00828894300502725
0.007816436002030969
0.0076225750090088695
0.007756050996249542
0.008012432997929864
0.007901460005086847
0.007815185002982616
0.0074599630024749786
0.009431925005628727
0.008191496002837084
0.008020097011467442
0.007669906000955962
0.0075503270054468885
0.00781167799141258
0.007351296007982455
0.007878064992837608
0.007212609009002335
0.007403735988191329
0.0078991359914653
0.007121713992091827
0.0075207000045338646
0.0071210940077435225
0.007146282005123794
0.007926327991299331
0.007680276001337916
0.008281939997687005
0.00818240900116507
0.008288912998978049
0.00802374399791006
0.007757815008517355
0.008209310006350279
0.007691277001868002
0.00796177600568626
0.0088144899928011
0.013724514996283688
0.014922752001439221
0.026149808007176034
0.02620773900707718
0.01198325700534042
0.010036944004241377
0.009739654007717036
0.008348837000085041
0.012267279991647229
0.011632212990662083
0.012762811005814001
0.012401146988850087
0.012221924000186846
0.011853798001538962
0.012720208993414417
0.012252642001840286
0.01211553999746684
0.012845789999119006
0.012558869988424703
0.011962265998590738
0.014506483988952823
0.008745587998419069
0.008399846003158018
0.008016310006496496
0.008865529001923278
0.008649773997603916
0.00989762699464336
0.010260693990858272
0.00833289700676687
0.008830931998090819
0.00795796800230164
0.007927680009743199
0.008547477991669439
0.008257733003119938
0.00826748099643737
0.008238226000685245
0.007508056005463004
0.008694139993167482
0.008015779007109813
0.008165877006831579
0.007581726007629186
0.007967786994413473
0.008290755999041721
0.008146128995576873
0.007817798992618918
0.007693089995882474
0.00801746200886555
0.008216775007895194
0.007411419996060431
0.007876432006014511
0.00802292299340479
0.008546726996428333
0.0074283829890191555
0.007142133996239863
0.008612272999016568
0.013851777999661863
0.008193649991881102
0.00836530901142396
0.008455832998151891
0.0076177659939276055
0.00822252599755302
0.00828544600517489
0.008578959008445963
0.008406278007896617
0.008105852000880986
0.008227804995840415
0.0070571809919783846
0.00820758700137958
0.008121172009850852
0.007507824993808754
0.007247244997415692
0.008608775999164209
0.007474551995983347
0.007513456002925523
0.008771717999479733
0.008296967993373983
0.008238105001510121
0.008167048988980241
0.008685694003361277
0.008062469001743011
0.008069171002716757
0.007521983003243804
0.008446214997093193
0.0078371659910772
0.007720704001258127
0.007953619991894811
0.00799202399502974
0.008465270992019214
0.00770983200345654
0.007954351007356308
0.008269356010714546
0.007191729004262015
0.007596445007948205
0.007638846000190824
0.00762401799147483
0.0077345200115814805
0.00730238099640701
0.007889937987783924
0.008505328005412593
0.007733417995041236
0.008205632999306545
0.008325923990923911
0.008016290012164973
0.00787498899444472
0.0076467120088636875
0.007989670004462823
0.0066975719964830205
0.006113110997830518
0.0076005629962310195
0.008044785005040467
0.007976232998771593
0.008119306992739439
0.008445433006272651
0.00872201299353037
0.0033419180108467117
0.0031818110001040623
0.003131232995656319
0.0034482810006011277
0.003202700987458229
0.0030838930106256157
0.007219050996354781
0.008447005995549262
0.007245141008752398
0.007745841008727439
0.007754609003313817
0.007361715004662983
0.007679803995415568
0.006943443004274741
0.007675155997276306
0.007397063003736548
0.008037399995373562
0.007214432000182569
0.007634617999428883
0.007799794999300502
0.007578771008411422
0.008490489010000601
0.0077897659939480945
0.008053851997829042
0.008392821997404099
0.0077267049928195775
0.0077519640035461634
0.007261613005539402
0.007992213999386877
0.008341203007148579
0.008032079989789054
0.00822442999924533
0.007381071991403587
0.007880249002482742
0.007619869997142814
0.010115294004208408
0.008204701996874064
0.00921133100928273
0.0073320179944857955
0.00469843800237868
0.025131745991529897
0.01172699399467092
0.010798674993566237
0.009978532005334273
0.007821527004125528
0.006023198991897516
0.008716953001567163
0.01228405199071858
0.00792836099572014
0.007316167000681162
0.007524406988522969
0.010498187999473885
0.02287293499102816
0.008177889991202392
0.006915971011039801
0.008732303002034314
0.021759499999461696
0.008787037993897684
0.009868471999652684
0.008162339989212342
0.008563819996197708
0.008522470991010778
0.010323613998480141
0.012368274008622393
0.006073063996154815
0.008134407005854882
0.009297515993239358
0.007856973999878392
0.005358063004678115
0.01066265300323721
0.005801133011118509
0.007247155997902155
0.007661230003577657
0.011211416000151075
0.008015789004275575
0.005675652006175369
0.008489396990626119
0.008619226995506324
0.00875782199727837
0.007758576000924222
0.01164607000828255
0.007269939000252634
0.012857712994446047
0.008926605005399324
0.008584169001551345
0.00882584200007841
0.009355137997772545
0.009221892003552057
0.023160798009485006
0.005158059997484088
0.02131405600812286
0.008811595005681738
0.006765472004190087
0.012716912999167107
0.007750731005216949
0.02248238598986063
0.011476305007818155
0.008384036002098583
0.011606653992203064
0.007880599005147815
0.007412663006107323
0.007539194994024001
0.006494351997389458
0.010587869997834787
0.010251866013277322
0.010799456998938695
0.007482537010218948
0.008305223993374966
0.00799853599164635
0.007756292005069554
0.00514295999892056
0.005679961002897471
0.007152895006584004
0.008557768989703618
0.022563431994058192
0.007807148998836055
0.012315783998928964
0.009440820998861454
0.010654808997060172
0.010202933000982739
0.00887707099900581
0.010630511998897418
0.007155870000133291
0.006636534002609551
0.008468346990412101
0.007833719995687716
0.009954296008800156
0.00918751599965617
0.008292540005641058
0.010345225004130043
0.00794297899119556
0.007761842003674246
0.009392929991008714
0.00790871400386095
0.00813557900255546
0.007926538004539907
0.011132144994917326
0.00986835100047756
0.007338340001297183
0.007981913993717171
0.008191706001525745
0.007911798995337449
0.005997129002935253
0.00857821801037062
0.006988269000430591
0.022228509988053702
0.00787477899575606
0.00668745199800469
0.01093483499425929
0.008809691003989428
0.009721750000608154
0.011232206001295708
0.005855857991264202
0.007615310998517089
0.010656423008185811
0.02495547800208442
0.02212162500654813
0.009714867002912797
0.010860392998438329
0.010078603998408653
0.013748159995884635
0.012138203004724346
0.010189486987655982
0.010841806986718439
0.008209541003452614
0.010333583006286062
0.007388546000584029
0.008091154013527557
0.009976157991332002
0.010023588998592459
0.006355434990837239
0.022868016007123515
0.009017650008900091
0.011909774999367073
0.007268536995979957
0.005970055994112045
0.010227400009171106
0.01163389599241782
0.023224951000884175
0.009444188006455079
0.008502662007231265
0.00830063599278219
0.006138590004411526
0.01207241699739825
0.008396588993491605
0.0073368370067328215
0.006109775000368245
0.010610825003823265
0.011035117990104482
0.007638064998900518
0.005309580999892205
0.007167712989030406
0.006692783004837111
0.022739640000509098
0.009139593996223994
0.011677900998620316
0.022833609997178428
0.01151448700693436
0.006722348989569582
0.011401319992728531
0.009422446004464291
0.009591669993824326
0.007891019995440729
0.023088978996383958
0.008219980998546816
0.0059116139891557395
0.00968488899525255
0.009539609993225895
0.026153605998842977
0.009417285997187719
0.008825591998174787
0.010883918002946302
0.007451978002791293
0.008847163000609726
0.013215077997301705
0.009016127994982526
0.011877303011715412
0.02303901399136521
0.007619388998136856
0.008176206989446655
0.007723488000920042
0.006009382996126078
0.009845076012425125
0.007576957999845035
0.007668833990464918
0.013033821000135504
0.012600831003510393
0.010880442001507618
0.009083916011149995
0.00791882400517352
0.009141367001575418
0.008432438000454567
0.00570712199260015
0.007722296999418177
0.005569718996412121
0.023647681009606458
0.007782162007060833
0.0104465699987486
0.01153707000776194
0.0070325330016203225
0.014347318996442482
0.010931540004094131
0.022486154004582204
0.007313962996704504
0.009216691993060522
0.008053179990383796
0.005828505003591999
0.008061396991251968
0.008360709995031357
0.008804280994809233
0.009608502994524315
0.010277555993525311
0.010050058990600519
0.009518740989733487
0.011041501013096422
0.00803537700267043
0.010441951002576388
0.00911859299230855
0.008073820994468406
0.00933474799967371
0.010859130998142064
0.007978797992109321
0.009289762005209923
0.0065048120013671
0.010937722006929107
0.007604279991937801
0.012427477995515801
0.011125801989692263
0.008124617001158185
0.007594480994157493
0.011498096006107517
0.009552164992783219
0.008100580991595052
0.011294295996776782
0.010125162996700965
0.007783373002894223
0.012334850995102897
0.011313652998069301
0.012251389998709783
0.0083677239890676
0.011030800000298768
0.009535742996376939
0.007965834010974504
0.022292652996839024
0.008749515996896662
0.00910085000214167
0.0066734349966282025
0.010440738988108933
0.025676189994555898
0.007876120987930335
0.00821531200199388
0.010596015999908559
0.010410289993160404
0.007293284012121148
0.010943371991743334
0.010686761001124978
0.00793788000009954
0.009581360995071009
0.010146533997613005
0.00838696100981906
0.0055351420014631
0.010388378010247834
0.007950774001074024
0.02551804699760396
0.008468607004033402
0.022505390996229835
0.009990234990254976
0.007431750011164695
0.008709438989171758
0.00868333900871221
0.007480984000721946
0.008189963002223521
0.011524476009071805
0.01032036799006164
0.01350489399919752
0.010800959003972821
0.006895230006193742
0.0049807799950940534
0.00795121499686502
0.007482166009140201
0.02310621298965998
0.020283189995097928
0.009203356006764807
0.009757988998899236
0.010375814003054984
0.008670604001963511
0.010167714994167909
0.011952086992096156
0.00985905301058665
0.005450069002108648
0.007879358003265224
0.009576241005561315
0.008153232003678568
0.007088672005920671
0.026860111000132747
0.011675786998239346
0.007424925992381759
0.01285476700286381
0.009842482002568431
0.012751899994327687
0.023202748008770868
0.0059268939949106425
0.007324363992665894
0.0077558199991472065
0.010948522001854144
0.0076322829991113394
0.007966104007209651
0.010904447990469635
0.010427974004414864
0.007219881998025812
0.006897694998770021
0.007351766005740501
0.005185631991480477
0.008471232009469531
0.009308067004894838
0.009181985995383002
0.010787883002194576
0.008754356007557362
0.019716413007699884
0.008532310006557964
0.007994418003363535
0.008060414009378292
0.007778633997077122
0.0075731010001618415
0.007547570989117958
0.005972049999400042
0.011569271999178454
0.011012325005140156
0.010780420008813962
0.0076818179950350896
0.009941099997377023
0.007687300007091835
0.01575808398774825
0.008987401990452781
0.022172643002704717
0.007726684998488054
0.007200855994597077
0.01076392800314352
0.011130822007544339
0.007461817003786564
0.008861080001224764
0.006029651005519554
0.006174438996822573
0.009466420000535436
0.0059182070108363405
0.007434443992679007
0.007364420001977123
0.009179601009236649
0.011027443004422821