0.008972723997430876
0.009178948996122926
0.009605617000488564
0.009540261002257466
0.008801675998256542
0.008935111996834166
0.008837343993945979
0.009230288007529452
0.008696233999216929
0.009108735001063906
0.009135927000897937
0.009124845993937925
0.008989276000647806
0.008827886005747132
0.009009834990138188
0.00914680800633505
0.009008652996271849
0.00979063099657651
0.009462052010348998
0.008906948001822457
0.00885362499684561
0.00897640100447461
0.008950060000643134
0.009202835004543886
0.010422163002658635
0.00975018399185501
0.009761866996996105
0.00987769900530111
0.00995969599171076
0.009569116999045946
0.00963082499220036
0.009688837002613582
0.009424649993889034
0.010359813997638412
0.009504393994575366
0.009152137994533405
0.009240387007594109
0.00883575099578593
0.00936487500439398
0.008851862003211863
0.009338926000054926
0.009168739998131059
0.009639612006139942
0.009233935008523986
0.009629613006836735
0.010159188997931778
0.010439656995004043
0.010894459002884105
0.008532770007150248
0.008479789001285098
0.008871500001987442
0.009196232000249438
0.00870290600869339
0.008303751004859805
0.00928335999196861
0.008987202003481798
0.008980479004094377
0.009105958990403451
0.008802697993814945
0.009803095003007911
0.011034738010494038
0.010115254000993446
0.009765103008248843
0.009920940996380523
0.010209505999227986
0.010449745997902937
0.00992411799961701
0.009520884996163659
0.010346988012315705
0.009426834993064404
0.010287735000019893
0.009619765012757853
0.00948031700681895
0.010411281997221522
0.00905180600238964
0.013324818006367423
0.013703484000870958
0.013750092999543995
0.013584496002295054
0.012884094001492485
0.013087462997646071
0.01263840300089214
0.01311554700077977
0.012839667993830517
0.012745707994326949
0.013492259997292422
0.013026214990532026
0.012951783006428741
0.013172085993574001
0.012904803006676957
0.012856731002102606
0.013073767011519521
0.013151897001080215
0.013642286998219788
0.010231356995063834
0.009516645994153805
0.008595360995968804
0.008891347999451682
0.008405366010265425
0.02498835099686403
0.024419630994088948
0.02513108499988448
0.03174112900160253
0.03130424101254903
0.033260772994253784
0.03498583000327926
0.021853401005500928
0.02145100900088437
0.005247401000815444
0.004980489000445232
0.005235658987658098
0.005224116001045331
0.005073617008747533
0.005039983996539377
0.009972902000299655
0.01223767398914788
0.018350012993323617
0.017362008991767652
0.005521977989701554
0.005475860001752153
0.006161664001410827
0.005252370989182964
0.00524083900381811
0.00620161100232508
0.009997318004025146
0.015965862010489218
0.008458156997221522
0.005788378999568522
0.006547042998136021
0.006080457998905331
0.006350797004415654
0.007476855011191219
0.006679616999463178
0.006740854005329311
0.006943934000446461
0.006255193002289161
0.00706148000608664
0.006097591001889668
0.006811929997638799
0.006666572007816285
0.006627326991292648
0.007886720995884389
0.006155983006465249
0.007848679000744596
0.006676772012724541
0.007416309992549941
0.006232448999071494
0.006656862999079749
0.006930167000973597
0.007385019998764619
0.007317679992411286
0.0067678769992198795
0.007090323997545056
0.006522245996166021
0.006232219006051309
0.0067031630023848265
0.0065038699976867065
0.007044276004307903
0.0065085090027423576
0.006730153996613808
0.006967658991925418
0.007364860997768119
0.008511949999956414
0.007137135005905293
0.009207252995111048
0.00791239099635277
0.008324570997501723
0.008165406004991382
0.008115510005154647
0.007289957997272722
0.008133794995956123
0.007286531006684527
0.008053772005951032
0.0072304529894609
0.00779414399585221
0.007887612999184057
0.007990861005964689
0.008104619992082007
0.008877932006726041
0.007481002990971319
0.007938800990814343
0.007341005009948276
0.008132733011734672
0.017235906998394057
0.010984560998622328
0.016140708001330495
0.007058723989757709
0.011048353000660427
0.013611838992801495
0.013048888999037445
0.022821858001407236
0.010200908000115305
0.010363480003434233
0.013015535005251877
0.010507084996788763
0.01118937399587594
0.008948537011747248
0.01185515099496115
0.0073658529872773215
0.008127843990223482
0.012134445991250686
0.009156745989457704
0.008384957007365301
0.008522100004483946
0.013026096014073119
0.012840990006225184
0.01087375900533516
0.010379069994087331
0.007845763000659645
0.0063961440027924255
0.016954867998720147
0.015042031009215862
0.011710453007253818
0.014816858994890936
0.010237919996143319
0.008693337993463501
0.011017383993021213
0.006320718995993957
0.0066143220028607175
0.009050793989445083
0.009275623990106396
0.013091821005218662
0.007905327001935802
0.007769155999994837
0.012165906999143772
0.009858962992439047
0.005552124988753349
0.01679419999709353
0.00802595799905248
0.014685948000987992
0.00694815200404264
0.007411019003484398
0.009152329002972692
0.015230471995892003
0.017703714009257965
0.008197767994715832
0.008101293002255261
0.012318088003667071
0.007195395999588072
0.009425402007764205
0.014205557003151625
0.013866907000192441
0.00895425800990779
0.006002377995173447
0.008101302999421023
0.005933416003244929
0.01562544899934437
0.0073644000076455995
0.00605628099583555
0.007674534994293936
0.007854840005165897
0.011080124008003622
0.012260666990187019
0.005990215999190696
0.0113385489967186
0.00613454201084096
0.007782230997690931
0.00977520301239565
0.006888427000376396
0.007039657008135691
0.010739561999798752
0.013110786996548995
0.009325570004875772
0.006515211003716104
0.011484750008094124
0.008044443995459005
0.012605108000570908
0.01155249000294134
0.00938642700202763
0.006945015993551351
0.007829591995687224
0.011483929003588855
0.009712572995340452
0.005902335993596353
0.012527960003353655
0.0067516749986680225
0.006757626993930899
0.018013207998592407
0.010736064999946393
0.007102037008735351
0.007063021999783814
0.015269827999873087
0.00853244999598246
0.009072884990018792
0.01497959200059995
0.007948369995574467
0.005884853002498858
0.00792150798952207
0.007380761002423242
0.00726427799963858
0.005334859000868164
0.007625350990565494
0.008092546006082557
0.011333260001265444
0.01137554099841509
0.013628550004796125
0.008632951998151839
0.00742374399851542
0.007956875997479074
0.006374923003022559
0.007387924997601658
0.01231525199546013
0.00533795500814449
0.005687434007995762
0.007298583994270302
0.021100867001223378
0.015803851012606174
0.013703705000807531
0.008142953010974452
0.006042745997547172
0.005274762996123172
0.00910584899247624
0.007757284009130672
0.015199753004708327
0.007589241009554826
0.009027189007611014
0.004981891994248144
0.015259747990057804
0.007517382997320965
0.012533181012258865
0.011780426997574978
0.007608197993249632
0.012852982996264473
0.007267373992362991
0.009458755012019537
0.009620415992685594
0.016560060990741476
0.015300647006370127
0.008442887992714532
0.006875011997180991
0.01244886900531128
0.012905404000775889
0.008187649000319652
0.012729116002446972
0.008104840002488345
0.008361330998013727
0.009138691995758563
0.0074373190000187606
0.009586960994056426
0.01264425300178118
0.0097500739939278
0.008770967004238628
0.005814808988361619
0.00777288299286738
0.01614884201262612
0.015311105991713703
0.00827319199743215
0.010024750998127274
0.0120275910012424
0.007197929997346364
0.007772383003612049
0.011265779990935698
0.011879437006427906
0.0078110769973136485
0.008365760004380718
0.007425717994919978
0.00800000900926534
0.007380611001281068
0.014387065006303601
0.01367478899192065
0.007778013008646667
0.010312733007594943
0.013391625994700007
0.01540078900870867
0.0035610079939942807
0.005467823997605592
0.0039822649996494874
0.003949021003791131
0.005459046995383687
0.005659791990183294
0.005400915004429407
0.004723246005596593
0.004250931000569835
0.010956116006127559
0.008803599994280376
0.006502777992864139
0.005428126998594962
0.007604390004416928
0.004724037993582897
0.004689370995038189
0.004652701012673788
0.004898072002106346
0.005627759994240478
0.00600839099206496
0.005845348001457751
0.0056493419979233295
0.005943976997514255
0.005573286005528644
0.005567895001149736
0.005497760997968726
0.005705669987946749
0.0053588840091833845
0.0058285659906687215
0.008264325006166473
0.004232926003169268
0.005283098988002166
0.004963798011885956
0.006368380010826513
0.004865659007919021
0.004654534001019783
0.0047690339997643605
0.004883071989752352
0.0049228080024477094
0.00476470599824097
0.004115990988793783
0.004101473998161964
0.004464430006919429
0.005362963012885302
0.0052405879978323355
0.005476320002344437
0.005667135992553085
0.005458565006847493
0.0054202920000534505
0.006705135994707234
0.004902299013338052
0.003586566002923064
0.0039808730070944875
0.003968178003560752
0.003936307010008022
0.004029625008115545
0.004046348010888323
0.0040358690021093935
0.0041022160003194585
0.003868447005515918
0.004130429995711893
0.004264265997335315
0.004290507000405341
0.0056300040014320984
0.0058379130059620366
0.00591866800095886
0.005660843002260663
0.005647387995850295
0.005925350997131318
0.005466320988489315
0.00556147399765905
0.005505146007635631
0.004027372007840313
0.004342606000136584
0.006190649990458041
0.007473297999240458
0.006301471003098413
0.008835069995257072
0.009869062007055618
0.009137499990174547
0.008813747990643606
0.004133305003051646
0.004600330998073332
0.00449098099488765
0.007109350990504026
0.005570621011429466
0.010905089002335444
0.005861729005118832
0.005890252999961376
0.005753981997258961
0.007048183993902057
0.005320351003319956
0.004843375994823873
0.0040921259933384135
0.008484206991852261
0.007508246009820141
0.006690779002383351
0.010871994993067347
0.010598640990792774
0.011872333998326212
0.011622022997471504
0.011488377000205219
0.011126261990284547
0.01092972701007966
0.01018862500495743
0.010978830003296025
0.010605475006741472
0.010611296005663462
0.00989000299887266
0.010010193000198342
0.011002525003277697
0.010962308006128296
0.010739702003775164
0.009978711997973733
0.010261825998895802
0.010344393012928776
0.010925417009275407
0.011728448007488623
0.011188110991497524
0.008370848998310976
0.008531237006536685
0.008430475005297922
0.008176176008419134
0.007652062005945481
0.007935674992040731
0.010084294990519993
0.010270913000567816
0.009266898006899282
0.004415176008478738
0.0046580409980379045
0.004668080000556074
0.0051870460010832176
0.00481926099746488
0.007391341001493856
0.00856153600034304
0.007158956010243855
0.00849267300509382
0.007517773992731236
0.007366063000517897
0.007572980000986718
0.008025627990718931
0.0085930050117895
0.006885823007905856
0.007675196000491269
0.004478988004848361
0.007903473990154453
0.008815551991574466
0.007700925998506136
0.007294456008821726
0.008082788001047447
0.006867215997772291
0.0063941089902073145
0.006844854011433199
0.008211374006350525
0.00810087300487794
0.006406021988368593
0.00692732298921328
0.007571016001747921
0.008878202002961189
0.007338780997088179
0.0078085410059429705
0.007827857989468612
0.008760177006479353
0.008700081001734361
0.00697423200472258
0.007830924994777888
0.007698150002397597
0.00660581499687396
0.006334004006930627
0.006903786998009309
0.007821997001883574
0.007395409993478097
0.005889081003260799
0.007229110997286625
0.007904115002020262
0.007263285995577462
0.007508145994506776
0.008689039997989312
0.008498755007167347
0.007284336999873631
0.008014285995159298
0.005048580002039671
0.004144617007113993
0.004597705003106967
0.00426913499541115
0.006465506987296976
0.0067017799883615226
0.008013503989786841
0.008295875988551416
0.006483971999841742
0.0069718580052722245
0.004927978996420279
0.004780406001373194
0.004814701998839155
0.004677047996665351
0.004899632986052893
0.004575001992634498
0.004863715003011748
0.004809411009773612
0.004536327993264422
0.00449229399964679
0.00449080100224819
0.004573748999973759
0.004625970002962276
0.008595149993197992
0.00446456900681369
0.006532054001581855
0.007943791002617218
0.007928200997412205
0.006762896999134682
0.007300919009139761
0.007580453995615244
0.0077604489924851805
0.006098163008573465
0.007132064987672493
0.005839135003043339
0.005925321005634032
0.005854023998836055
0.005123383001773618
0.005077374997199513
0.004950412010657601
0.01043994800420478
0.006487088001449592
0.005894761998206377
0.005631738007650711
0.005295693001244217
0.009172296995529905
0.008030696990317665
0.008642862012493424
0.004954899995937012
0.004718166004749946
0.004777750989887863
0.00437906599836424
0.004548301003524102
0.0048208030057139695
0.004491372004849836
0.004797928995685652
0.004597445004037581
0.0051665859937202185
0.004812426996068098
0.005293380003422499
0.004878723993897438
0.005241340011707507
0.00485672200738918
0.0047560890088789165
0.004637691003154032
0.004810995000298135
0.004433199996128678
0.00458418000198435
0.004670184993301518
0.00478707900037989
0.004747762999613769
0.004691535999882035
0.004577676998451352
0.0044405740045476705
0.00455670700466726
0.004936525001539849
0.0043406219920143485
0.00460063100035768
0.0049086719955084845
0.004813017993001267
0.0048817999922903255
0.0073238519980804995
0.008455322007648647
0.010878207001951523
0.010233921988401562
0.0044688580092042685
0.004710662004072219
0.004827997006941587
0.00469499098835513
0.004828498000279069
0.005139915010659024
0.004537829998298548
0.004707595988293178
0.0047298389981733635
0.004698318996815942
0.0047344679915113375
0.0042917289974866435
0.004660054997657426
0.004732083005364984
0.00442960299551487
0.0045188140065874904
0.004710881999926642
0.0048158339923247695
0.00480723699729424
0.004614517005393282
0.0047104820114327595
0.004715521004982293
0.0048223769990727305
0.004813728999579325
0.004998493997845799
0.005387641009292565
0.006982267004786991
0.006479923991719261
0.006028659001458436
0.005433187005110085
0.005486268986715004
0.004925152999931015
0.005196384008741006
0.004375229007564485
0.004543471004581079
0.004710522000095807
0.004394095012685284
0.011424254000303335
0.011454381994553842
0.010800147996633314
0.011012154005584307
0.011719379996065982
0.010895810002693906
0.010898296008235775
0.004450102002010681
0.004419833989231847
0.010650841999449767
0.010850884995306842
0.0064332549954997376
0.004716764000477269
0.010179047007113695
0.006216919995495118
0.005128151999088004
0.004798860987648368
0.0043156640022061765
0.006105616004788317
0.006508790000225417
0.005768900999100879
0.006153548994916491
0.005326543003320694
0.007719840999925509
0.00844599399715662
0.004739596988656558
0.01059599599102512
0.022470292999059893
0.011934773006942123
0.005892708009923808
0.005158460000529885
0.016705791000276804
0.011077408998971805
0.004412000009324402
0.004746439997688867
0.007390911006950773
0.006973200011998415
0.00476674000674393
0.0050995279889320955
0.004671004993724637
0.004730741013190709
0.00453400299011264
0.004527059994870797
0.004706152991275303
0.004350371003965847
0.0047293180105043575
0.004633684002328664
0.004824159987038001
0.0047391459956998006
0.006118691002484411
0.005104245996335521
0.0048042520065791905
0.004297699997550808
0.004623003987944685
0.004674021998653188
0.004902339002001099
0.004693228998803534
0.00422922900179401
0.004727053004899062
0.004747361992485821
0.004879205996985547
0.004582145003951155
0.004634215001715347
0.004608385992469266
0.00465088700002525
0.004796225999598391
0.005813114999909885
0.004834228995605372
0.005739604996051639
0.005602532008197159
0.0057036759972106665
0.0050601120019564405
0.004299895008443855
0.0049543290078872815
0.004883542991592549
0.005139133005286567
0.008307127995067276
0.005038710994995199
0.006250373990042135
0.005577793999691494
0.004981000005500391
0.005240667989710346
0.00731028598966077
0.007664785996894352
0.005442474997835234
0.004522731003817171
0.004088799003511667
0.010695748002035543
0.00597507601196412
0.005192315991735086
0.004393554001580924
0.009259733007638715
0.008461222998448648
0.00962260999949649
0.005577964999247342
0.0051333120063645765
0.006653557007666677
0.005553156996029429
0.0051603440078906715
0.005973363004159182
0.0054810290021123365
0.0056435000005876645
0.00825511799484957
0.0057858640066115186
0.0063031649915501475
0.005648008998832665
0.007395919994451106
0.012840650000725873
0.007990801008418202
0.00521867600036785
0.006297624000580981
0.007507664995500818
0.0075012829911429435
0.0062544219981646165
0.006277075997786596
0.005799038990517147
0.0066390389984007925
0.005948154997895472
0.005840106998221017
0.007042764002108015
0.009843983993050642
0.00844089400197845
0.008742252000956796
0.00541194700053893
0.006846235992270522
0.0045795710029779
0.006561781003256328
0.007942879004986025
0.008597835010732524
0.0069112609926378354
0.00483002100372687
0.007687249992159195
0.008190644002752379
0.005152879995875992
0.0063094569923123345
0.006883196998387575
0.004191386004094966
0.006706539003062062
0.006439386997953989
0.007701415990595706
0.007757543993648142
0.0048652879922883585
0.008365689995116554
0.0051884379936382174
0.009494996003923006
0.014690536991111003
0.004511891005677171
0.004934942000545561
0.005808637986774556
0.011607665990595706
0.007593969989102334
0.008547628996893764
0.006172765002702363
0.00403732099221088
0.005244464991847053
0.004635136996512301
0.004745358004583977
0.004060966995893978
0.005301684999722056
0.006875573002616875
0.00504244799958542
0.004617061989847571
0.0086439029983012
0.005270826004561968
0.006122399005107582
0.005880384996999055
0.005608592997305095
0.0066137810063082725
0.006296161998761818
0.005592943009105511
0.005210741001064889
0.006410140005755238
0.006946177993086167
0.0049324669962516055
0.005067827005404979
0.008917517989175394
0.006650852010352537
0.005150586002855562
0.010504199992283247
0.0063222919998224825
0.007143857001210563
0.006323835012153722
0.008953265991294757
0.005502810992766172
0.006701728998450562
0.01020023800083436
0.010089133997098543
0.007207739996374585
0.007382485011476092
0.006843430994194932
0.0071664010029053316
0.006121295999037102
0.008440813995548524
0.005935801003943197
0.00611956299690064
0.005280935991322622
0.005718884989619255
0.006994622002821416
0.005560891993809491
0.004849607998039573
0.0058440349966986105
0.008121081002173014
0.00830637599574402
0.005247520995908417
0.004982432990800589
0.005710789002478123
0.007232948002638295
0.006547473996761255
0.005540734011447057
0.007475542995962314
0.007963508993270807
0.006919867999386042
0.004830802994547412
0.005612640990875661
0.005461250999360345
0.006774559005862102
0.006921079999301583
0.0077953870058991015
0.0050919430068461224
0.006067492999136448
0.0043558819888858125
0.01059630699455738
0.007183923997217789
0.0051953010115539655
0.005107303004479036
0.008079680992523208
0.010308042998076417
0.004787007987033576
0.006940277002286166
0.00462601899926085
0.007460184002411552
0.014979471001424827
0.006425400002626702
0.005771436000941321
0.005187304996070452
0.004881870001554489
0.0047325839987024665
0.006662594998488203
0.009148930999799632
0.008385707988054492
0.007554864991107024
0.004739608004456386
0.006020393004291691
0.005373131993110292
0.006850855002994649
0.004397922006319277
0.012473937007598579
0.0053151510073803365
0.006427282991353422
0.00455068500014022
0.007229921990074217
0.0057105690066237
0.004989866996766068
0.005980886999168433
0.007361695010331459
0.004864867994911037
0.011866501998156309
0.004434041999047622
0.0060028389998478815
0.006795919995056465
0.008150497000315227
0.007792460994096473
0.004767762002302334
0.008529233004082926
0.006424727995181456
0.006106307002482936
0.005145606002770364
0.006269310004427098
0.005102262002765201
0.00755463499808684
0.005790482988231815
0.004891489006695338
0.00710192701080814
0.007339332005358301
0.004981821999535896
0.008829409009194933
0.005740626991610043
0.005374194006435573
0.005436723993625492
0.006443965001381002
0.008716040989384055
0.00839337300567422
0.012484587001381442
0.008871339014149271
0.00826664999476634
0.011290827998891473
0.009398170004715212
0.006649228991591372
0.007096727000316605
0.008786086007603444
0.005481379004777409
0.005504693996044807
0.006883989000925794
0.004880527005298063
0.009189568998408504
0.007580043005873449
0.005080431001260877
0.008103688000119291
0.006308835989329964
0.005842672006110661
0.0052553660061676055
0.005191834003198892
0.005727622003178112
0.006561190006323159
0.006676160992356017
0.006569175006006844
0.009503160006715916
0.009327944004326127
0.01114131101348903
0.0059370029921410605
0.006432774011045694
0.007118579000234604
0.013205979994381778
0.006843130002380349
0.010339304004446603
0.008728916000109166
0.007470253010978922
0.0073126409988617525
0.004796585999429226
0.0054177170095499605
0.00827442501031328
0.005330008993041702
0.00599369099654723
0.005452112993225455
0.006338453007629141
0.01042090100236237
0.004817155000637285
0.006431351008359343
0.005014474998461083
0.00748633399780374
0.0044083520042477176
0.005057497008237988
0.004809020989341661
0.00995151000097394
0.005116821004776284
0.005261297003016807
0.007827598004951142
0.00588746799621731
0.0055550010001752526
0.006473672008723952
0.004874787002336234
0.006775018991902471
0.010035201004939154
0.005000056989956647
0.007899116011685692
0.005911543994443491
0.004771728999912739
0.0066173269879072905
0.008278952998807654
0.0062332910019904375
0.004309752999688499
0.008130809001158923
0.007282694001332857
0.005217883997829631
0.007750320000923239
0.004467616003239527
0.004370640002889559
0.004413361995830201
0.006364283006405458
0.004691495996667072
0.005522467996343039
0.007965331999002956
0.00614592399506364
0.006130123991169967
0.007404787000268698
0.00596151000354439
0.009665641991887242
0.0055772239866200835
0.011059304000809789
0.004668472000048496
0.004653833006159402
0.01385124700027518
0.0064511890086578205
0.006688553999993019
0.004479739989619702
0.007879537006374449
0.004701484998804517
0.007804113003658131
0.005475147991091944
0.0091729379928438
0.0051019929960602894
0.004695773997809738
0.0059919280029134825
0.0068255170044722036
0.00420487200608477
0.007544476000475697
0.004685061998316087
0.007443182010320015
0.007340033000218682
0.008087005000561476
0.005223854997893795
0.008242363997851498
0.006850725010735914
0.006085016997531056
0.0043247430003248155
0.00701825600117445
0.006745292994310148
0.007803280997904949
0.005918838010984473
0.009795500998734497
0.004693348004366271
0.005265536005026661
0.005194929995923303
0.006961808001506142
0.006345817993860692
0.004664713007514365
0.004576234990963712
0.006438725991756655
0.007300085999304429
0.008268953999504447
0.0074280120024923235
0.00791831199603621
0.008985637992736883
0.008240228999056853
0.00434497999958694
0.005048299004556611
0.006313183999736793
0.006765522004570812
0.004711221990874037
0.009392088002641685
0.0051591109950095415
0.0065748860070016235
0.004710922003141604
0.005218735997914337
0.005161836990737356
0.005797145000542514
0.0060423559916671365
0.00762757399934344
0.00577995200001169
0.0048008349986048415
0.005559098994126543
0.005391396000050008
0.006099484991864301
0.009725045994855464
0.006045101006748155
0.007864849001634866
0.010059868000098504
0.004739387004519813
0.009526184003334492
0.0072413739981129766
0.005757459002779797
0.020604214994818904
0.014143667998723686
0.008413121002377011
0.007828129004337825
0.008056046004639938
0.007977986999321729
0.008365970003069378
0.00818760899710469
0.008205423000617884
0.008171637993655168
0.008022901994991116
0.008399904996622354
0.00809453999681864
0.008170234999852255
0.008279143992695026
0.00802943398593925
0.008122003011521883
0.008137291995808482
0.00806676599313505
0.00813949599978514
0.008222435004427098
0.008367303002160043
0.008299613007693551
0.008061285989242606
0.007900228010839783
0.009380135001265444
0.011977535003097728
0.011913523005205207
0.012277781002921984
0.012711160990875214
0.006089775997679681
0.006180259995744564
0.02381692500784993
0.010917822990450077
0.010977687998092733
0.013676934002432972
0.014291761995991692
0.01679350899939891
0.01622440699429717
0.014853810003842227
0.01625239099666942
0.01684876398940105
0.017133339992142282
0.01759527598915156
0.019355952012119815
0.006321980996290222
0.006412614995497279
0.006130112989922054
0.006001626999932341
0.0061547710065497085
0.0059829619858646765
0.005861819998244755
0.005731950004701503
0.005801923995022662
0.006018869986291975
0.0058522009931039065
0.0058652450097724795
0.005508019996341318
0.005613833011011593
0.005678387999068946
0.005723975002183579
0.005670933009241708
0.005918817987549119
0.00595015799626708
0.005603123005130328
0.0059366119967307895
0.014732056006323546
0.009470988996326923
0.007823840991477482
0.007769917006953619
0.00784113300323952
0.007534486008808017
0.007657201000256464
0.007693290011957288
0.007600002005347051
0.007815714998287149
0.007781099004205316
0.007675215005292557
0.007452548990841024
0.007683591989916749
0.007685225995373912
0.007701405993429944
0.011957496011746116
0.011403653988963924
0.01136249498813413
0.01376075399457477
0.008967111993115395
0.009178617998259142
0.008403632004046813
0.008179172000382096
0.007765189002384432
0.007760198990581557
0.008109378002700396
0.008168562009814195
0.01088400800654199
0.008107654997729696
0.008608554999227636
0.007984569005202502
0.008339349995367229
0.008425855005043559
0.00814610900124535
0.007546388995251618
0.007602034995215945
0.00750613100535702
0.008264585994766094
0.012069450996932574
0.009966529003577307
0.007920045012724586
0.008211334003135562
0.008692125993547961
0.00810077200003434
0.009781985005247407
0.014121644999249838
0.022889045998454094
0.009899430995574221
0.00917981100792531
0.009167607000563294
0.009122681003645994
0.009049070009496063
0.008836572000291198
0.009115496999584138
0.008788881008513272
0.009040933990036137
0.008914552003261633
0.009628371000871994
0.008977431993116625
0.009234414988895878
0.008898300991859287
0.008993764000479132
0.009023281003464945
0.009190981989377178
0.009297005002736114
0.009009003988467157
0.0094056840025587
0.00905721599701792
0.009521004991256632
0.009369334002258256
0.008788109989836812
0.008802458003628999
0.008808879007119685
0.008674801996676251
0.008984506988781504
0.011680123992846347
0.005208575996221043
0.005156938001164235
0.005315200993209146
0.005397688990342431
0.005544320010812953
0.005341230993508361
0.004914623001241125
0.005020124997827224
0.00498666099156253
0.004893000994343311
0.004983564998838119
0.005295062001096085
0.00540792899846565
0.0050097450002795085
0.005052637992775999
0.00491644699650351
0.005297556999721564
0.005068758997367695
0.005058708993601613
0.005163761001313105
0.005087042998638935
0.0056565760023659095
0.0056964620016515255
0.005718593994970433
0.005599735988653265
0.005970366997644305
0.005716168991057202
0.005676913991919719
0.005645184006425552
0.005818595993332565
0.005607530998531729
0.00552020400937181
0.00579550200200174
0.005808627000078559
0.005788559006759897
0.005592332003288902
0.005360137001844123
0.005890163010917604
0.005477631988469511
0.005257719996734522
0.005399362999014556
0.005433657992398366
0.0051991889922646806
0.005286034996970557
0.005342903998098336
0.004711212997790426
0.00492528299218975
0.004819039007998072
0.004903161010588519
0.004923098997096531
0.005419872002676129
0.00481908000074327
0.0053364520135801286
0.005156306011485867
0.0054419840016635135
0.0054075880034361035
0.004972082999302074
0.0050675060047069564
0.004873825004324317
0.004909171999315731
0.005242893006652594
0.005113434002851136
0.00518984001246281
0.005572825000854209
0.0049957890005316585
0.004919441998936236
0.005408689990872517
0.00554587300575804
0.005045794998295605
0.005209779003052972
0.0047295779950218275
0.005496368001331575
0.005279561999486759
0.005153471007361077
0.004912409000098705
0.005379795009503141
0.0052651750011136755
0.0054541080025956035
0.005297757001244463
0.0053661190031562
0.005538800003705546
0.00539982299960684
0.005619995994493365
0.0054404709953814745
0.007610672008013353
0.007473309000488371
0.007566999003756791
0.007533123003668152
0.007476875995052978
0.007484239002224058
0.0076628520037047565
0.007775088000926189
0.007434743994963355
0.007699733003391884
0.00748370899236761
0.007521842009737156
0.007042943994747475
0.007577477997983806
0.007739869994111359
0.0074671869951998815
0.007489188996260054
0.007656480011064559
0.007536891003837809
0.007717066997429356
0.0070480440044775605
0.007211296004243195
0.0075346159865148365
0.007785886991769075
0.007423824004945345
0.007403464987874031
0.007718749999185093
0.007539625003118999
0.007618838004418649
0.008078288999968208
0.00845194500288926
0.008653842989588156
0.007731635007075965
0.008093237003777176
0.008259215988800861
0.008211865002522245
0.008098849008092657
0.008111572999041528
0.00819006199890282
0.007789836003212258
0.0077667510049650446
0.007733056991128251
0.008311947007314302
0.007637674003490247
0.007552429990028031
0.00846677400113549
0.008116080993204378
0.007691616992815398
0.007506441994337365
0.007940805007820018
0.007640979994903319
0.00792815099703148
0.0074631190072977915
0.007541289000073448
0.0076864480070071295
0.00792825200187508
0.007804612992913462
0.008314391001476906
0.007852095004636794
0.007976624998264015
0.00844918999064248
0.008196615002816543
0.008103949003270827
0.007713579005212523
0.008016318999580108
0.008154385010129772
0.008278402994619682
0.008250398008385673
0.007977645000210032
0.007558882993180305
0.007795956989866681
0.008322256006067619
0.008558981004171073
0.00799156300490722
0.007680455993977375
0.007716716005234048
0.008244317999924533
0.008157951000612229
0.007904054000391625
0.00852606700209435
0.00759255800221581
0.007987134013092145
0.00850057799834758
0.008055265003349632
0.00837524801318068
0.007924262987216935
0.008376760990358889
0.0077389080106513575
0.007994658008101396
0.007767080998746678
0.008221512995078228
0.007716716005234048
0.007782881992170587
0.007885959988925606
0.007570304995169863
0.00774911699409131
0.0077046420046826825
0.008041758992476389
0.00765604899788741
0.008044532994972542
0.0075967849988956004
0.007878867007093504
0.007380139999440871
0.007750129996566102
0.008028413009014912
0.008174943999620155
0.007818921003490686
0.008502361990395002
0.008547638994059525
0.008787699000095017
0.008461573990643956
0.008298201006255113
0.008345782000105828
0.008595590988988988
0.00847546999284532
0.008276448003016412
0.00804884200624656
0.008084690998657607
0.008454299997538328
0.008261971001047641
0.008103255997411907
0.008221764001064003
0.008120149010210298
0.008104057997115888
0.0077182980021461844
0.007868957007303834
0.007805927001754753
0.007583120008348487
0.00825573899783194
0.008159293996868655
0.008227393991546705
0.008016449995920993
0.008314771999721415
0.008201816002838314
0.00793126699863933
0.008022661990253255
0.008245037999586202
0.008232034000684507
0.00803411401284393
0.008310334000270814
0.007967555997311138
0.00811423800769262
0.007683221992920153
0.007948990998556837
0.0076760270021623
0.008399584010476246
0.008240260009188205
0.008314983002492227
0.007473929988918826
0.007601473989780061
0.007646380006917752
0.0075869459979003295
0.007316618008189835
0.007313622991205193
0.007084763987222686
0.007591704998048954
0.006335847996524535
0.007144428003812209
0.006532775005325675
0.0065868399979081005
0.0069112810015212744
0.006797502996050753
0.006262246999540366
0.006308124997303821
0.00633942500280682
0.00619998799811583
0.006265673990128562
0.006114192990935408
0.006446329993195832
0.006264511990593746
0.006466929000453092
0.006910960000823252
0.006957660007174127
0.006674267002381384
0.00691664099576883
0.006780871000955813
0.0065811579988803715
0.006594853999558836
0.006931810989044607
0.006734372000209987
0.006255533997318707
0.006781692005461082
0.00670377399364952
0.006206851001479663
0.009630575004848652
0.011306508007692173
0.01096902099379804
0.006732298003043979
0.006838081011665054
0.008352575008757412
0.006414878997020423
0.008104649998131208
0.009857108991127461
0.009189869990223087
0.008136429998558015
0.008996699005365372
0.0075464989931788296
0.010318724991520867
0.00904609500139486
0.008421295991865918
0.007797780999680981
0.008099930011667311
0.012991438998142257
0.009123041993007064
0.011333118993206881
0.009928636995027773
0.01587825399474241
0.01496587399742566
0.007418113003950566
0.006068364004022442
0.008255718988948502
0.009548157002427615
0.008892069003195502
0.007717055996181443
0.006917382997926325
0.006384571999660693
0.007531891009421088
0.010649148010998033
0.005499093007529154
0.010071901997434907
0.008163821999914944
0.007063131997711025
0.009585738996975124
0.010425658998428844
0.006414699004380964
0.011464812007034197
0.006282174988882616
0.015891800008830614
0.00800296399393119
0.01581902999896556
0.009678887989139184
0.007089292004820891
0.009122201008722186
0.008173319991328754
0.01246362600068096
0.007484519999707118
0.00497532999725081
0.010438424011226743
0.011829090988612734
0.008130618996801786
0.006144330996903591
0.006928503993549384
0.012384524990920909
0.016137840997544117
0.008711622998816893
0.015282250999007374
0.012051597004756331
0.010440216996357776
0.006800768998800777
0.007689673991990276
0.00834337699052412
0.011101734999101609
0.009641725991968997
0.008777819995884784
0.011622655001701787
0.0069000600051367655
0.01155905298946891
0.007419436005875468
0.01110454100125935
0.01668291600071825
0.008280306006781757
0.014111445998423733
0.010454764997120947
0.016102623005281202
0.010343252011807635
0.006806060002418235
0.0069455269986065105
0.008458548007183708
0.0051354369934415445
0.005892417000723071
0.007494831006624736
0.005954085994744673
0.00713019999966491
0.00752698200813029
0.009328645988716744
0.0064186959934886545
0.006900279986439273
0.006764049001503736
0.021508559002541006
0.011442809001891874
0.009828805006691255
0.012199129996588454
0.005072505999123678
0.006505582990939729
0.006688684006803669
0.008564540999941528
0.006963901993003674
0.007887191997724585
0.007559624005807564
0.005823394996696152
0.008292158992844634
0.009874162002233788
0.014737798002897762
0.006090017006499693
0.010222279001027346
0.010280470989528112
0.007988926998223178
0.0067393820063443854
0.00664280699857045
0.007049174993881024
0.007408584002405405
0.005287196996505372
0.006368109010509215
0.007899275005911477
0.005986517993733287
0.006003901013173163
0.008348275994649157
0.006000445006066002
0.014289367987657897
0.007581706013297662
0.00759685599769
0.011115811998024583
0.007166491006501019
0.006819945992901921
0.006433295013266616
0.0073026909958571196
0.01480501600599382
0.006591097000637092
0.007493366996641271
0.0144012220116565
0.008041727996896952
0.006740383003489114
0.006790479994378984
0.006412704999092966
0.007191848999354988
0.012601291004102677
0.007320275995880365
0.005557686003157869
0.009850054993876256
0.006680669990601018
0.00937550600792747
0.005877949995920062
0.007206216992926784
0.014356475992826745
0.0063751429988769814
0.014186881002387963
0.006832450002548285
0.006635261001065373
0.00947898399317637
0.008633633988210931
0.009149453006102704
0.01353697499143891
0.007236303994432092
0.005137229003594257
0.007715562998782843
0.008023724003578536
0.013538498009438626
0.006331639990094118
0.0136376169975847
0.007449683005688712
0.0072073079936672
0.01722067799710203
0.016384483998990618
0.007142614995245822
0.008720730009372346
0.007858497992856428
0.007939030998386443
0.007513105010730214
0.00813460600329563
0.008272221006336622
0.010659917999873869
0.009053137997398153
0.006473781992099248
0.007239990998641588
0.006601417000638321
0.007890588996815495
0.007368777994997799
0.007580093995784409
0.008363796005141921
0.005663418007316068
0.008024145005038008
0.00925414300581906
0.006961496997973882
0.0075055110064568
0.00752737199945841
0.010821137999300845
0.008224578996305354
0.007703719995333813
0.0072765819932101294
0.0104792920028558
0.006147787004010752
0.005788277994724922
0.007870329995057546
0.008203909994335845
0.005846939995535649
0.013780461988062598
0.005152398007339798
0.013590918999398127
0.009317214004113339
0.011500770997372456
0.005185031011933461
0.007827577996067703
0.013272787997266278
0.015457998000783846
0.006930107003427111
0.005292938003549352
0.007492154996725731
0.009579656994901597
0.007718799999565817
0.016972041004919447
0.019138314994052052
0.011201817993423901
0.008666226000059396
0.012869094003690407
0.012242381999385543
0.020476128993323073
0.011500780005007982
0.013721830007852986
0.015270307994796894
0.008105782006168738
0.007380761002423242
0.00639550200139638
0.0064571409893687814
0.006920529995113611
0.006697571006952785
0.005912314998568036
0.00849146100517828
0.008103076004772447
0.007881792000262067
0.014641111993114464
0.007743587004370056
0.011213699996005744
0.004819611000129953
0.013480836001690477
0.006199126000865363
0.004896999002085067
0.004945161999785341
0.006404550003935583
0.0054318449983838946
0.011057360999984667
0.007285668994882144
0.014009099002578296
0.01078990800306201
0.011842887004604563
0.0071564420068170875
0.007138086002669297
0.012447425004211254
0.011022913997294381
0.006747496998286806
0.008166437997715548
0.006934014993021265
0.022373567990143783
0.0069874570035608485
0.007255621007061563
0.0068115599860902876
0.010863678995519876
0.006212671010871418
0.006151894995127805
0.008393602998694405
0.006250314007047564
0.007111486003850587
0.005114386003697291
0.017324587010079995
0.0102963420067681
0.010836207002284937
0.011384837998775765
0.006462088989792392
0.007740039989585057
0.01059269999677781
0.009888810003758408
0.007746112009044737
0.006889468990266323
0.00625575399317313
0.012921535002533346
0.0070970480010146275
0.007755379003356211
0.022253556991927326
0.013283959007821977
0.012946582995937206
0.010211608998361044
0.010431269998662174
0.010024860996054485
0.006806038989452645
0.005540933998418041
0.00711194500036072
0.008211284002754837
0.009918306997860782
0.015163242002017796
0.013623511011246592
0.012703065993264318
0.015196596999885514
0.006589223994524218
0.007795707002514973
0.01104012799623888
0.011860079001053236
0.005255295996903442
0.014026022996404208
0.007277081997017376
0.006387207002262585
0.00647533500159625
0.008430583999142982
0.0068237730010878295
0.007826536006177776
0.007903553007054143
0.006801629991969094
0.006238601999939419
0.007644687007996254
0.006516203997307457
0.012047529002302326
0.01113896700553596
0.010039198998128995
0.006807230995036662
0.014726456007338129
0.006540439993841574
0.006551200989633799
0.010424156003864482
0.006957901001442224
0.006803353986470029
0.00977528200019151
0.007934752997243777
0.008950030009145848
0.010832077998202294
0.007696918008150533
0.008560001995647326
0.0075377729954198
0.016244534999714233
0.00884324501384981
0.00794117599434685
0.005795771998236887
0.0051392739987932146
0.008740278004552238
0.007126544005586766
0.007783983994158916
0.011069343992858194
0.0071707890019752085
0.008212134998757392
0.015659994998713955
0.007044887010124512
0.008434921997832134
0.005836149997776374
0.011184504997800104
0.00792987400200218
0.009040514007210732
0.014090996992308646
0.006576268991921097
0.007771339995088056
0.009685209995950572
0.011303713006782345
0.009140405993093736
0.006823011994129047
0.01648036799451802
0.007850712005165406
0.00866454299830366
0.006460946999141015
0.014380422013346106
0.008068059003562666
0.007490832009352744
0.008588997996412218
0.008040916989557445
0.005853652997757308
0.006454324990045279
0.007495420999475755
0.015599549005855806
0.012839446993893944
0.011181668989593163
0.008261880997451954
0.006809807004174218
0.00806125599774532
0.0059128659922862425
0.011540375999175012
0.006274248997215182
0.00809668400324881
0.007598979995236732
0.008812856001895852
0.011790435994043946
0.007472726996638812
0.007384418000583537
0.005200109997531399
0.006972899005631916
0.007731543009867892
0.007411801008856855
0.008004507006262429
0.007111184997484088
0.008868794000591151
0.005190951997064985
0.005732641991926357
0.005426072995760478
0.008822075003990903
0.012848193990066648
0.006643768007052131
0.008164534010575153
0.010511214000871405
0.009849865004071034
0.010379118990385905
0.011087068007327616
0.007092749001458287
0.009718062996398658
0.00661835000209976
0.005481669999426231
0.008493604997056536
0.0050461950013414025
0.007143897004425526
0.0069111310003791004
0.009726397998747416
0.009161726004094817
0.007327339000767097
0.012995016004424542
0.010246304998872802
0.012350429999059997
0.01124415900267195
0.03343960399797652
0.009398299996973947
0.007787562004523352
0.007287291999091394
0.007888344989623874
0.007539725993410684
0.0077786039910279214
0.007171649995143525
0.008040004991926253
0.007531690003816038
0.007119380010408349
0.007771689997753128
0.007461094995960593
0.00765375500486698
0.007414585998049006
0.0074026229995070025
0.007774986996082589
0.013540721993194893
0.013412885993602686
0.013585588996647857
0.013267237998661585
0.006828683006460778
0.006636545003857464
0.006873869002447464
0.006956296987482347
0.006273038001381792
0.006340787003864534
0.006200357005582191
0.006094775992096402
0.008090873001492582
0.007668341990211047
0.007565945998067036
0.007331226006499492
0.008167599997250363
0.007646090001799166
0.007682759998715483
0.007502095002564602
0.008740698991459794
0.008765556005528197
0.007946575991809368
0.007488246992579661
0.008557297012885101
0.007733557999017648
0.00780001500970684
0.007742414003587328
0.008229648999986239
0.0076209320104680955
0.007670135993976146
0.00862394500290975
0.010781712000607513
0.012224097008584067
0.012616760010132566
0.012206895000417717
0.012077475999831222
0.011813721008365974
0.01261186100600753
0.013163879004423507
0.010662554006557912
0.008524072996806353
0.00847043000976555
0.008083469001576304
0.00841412300360389
0.008063831002800725
0.008419642996159382
0.008435965006356128
0.008182669000234455
0.00800840399460867
0.00783909999881871
0.00816765999479685
0.008002342990948819
0.007950442988658324
0.007418604000122286
0.007988766999915242
0.00800806398910936
0.007682019000640139
0.007351164997089654
0.008098057005554438
0.00786407699342817
0.007956664994708262
0.007407391996821389
0.008074181008851156
0.008074851997662336
0.0077152719895821065
0.007805695990100503
0.008184652993804775
0.007884938007919118
0.007997374006663449
0.007633957007783465
0.00819865899393335
0.008401658007642254
0.0080249559978256
0.008200983997085132
0.008398513004067354
0.008104618987999856
0.007825373992091045
0.00802111899247393
0.00815865199547261
0.008081754989689216
0.008037831008550711
0.007883335012593307
0.008464138998533599
0.00812386600591708
0.00843394099501893
0.007894947004388086
0.008231903004343621
0.008065795002039522
0.008038913001655601
0.008467966006719507
0.007653533990378492
0.008149285000399686
0.007710984005825594
0.00791327298793476
0.008085581997875124
0.014063202994293533
0.01364783699682448
0.01346890399872791
0.006848931006970815
0.007275750002008863
0.006932301010238007
0.006056262005586177
0.00626162500702776
0.006316851009614766
0.00780380200012587
0.00786260500899516
0.007558733006590046
0.0072877929924288765
0.007736122002825141
0.007653303997358307
0.007700333997490816
0.007749287004116923
0.008024455004488118
0.008117582998238504
0.007657841997570358
0.007259829988470301
0.007663864002097398
0.007889957007137127
0.007720413006609306
0.008215972004109062
0.008014104998437688
0.007733388003543951
0.008223337004892528
0.008270958001958206
0.007989567995537072
0.0079720749927219
0.008514385001035407
0.008148173001245596
0.008220700998208486
0.007885038008680567
0.008326545008458197
0.008298271000967361
0.008146017993567511
0.013995643996167928
0.008050395001191646
0.007772242010105401
0.008529523998731747
0.008866529999068007
0.007998234999831766
0.007762894005281851
0.008264895994216204
0.008020148001378402
0.007811596995452419
0.007658524002181366
0.008542108000256121
0.007902411001850851
0.007505831992602907
0.00788184099656064
0.008043952999287285
0.008255228007328697
0.007775928010232747
0.007526910994783975
0.00810380800976418
0.0078112269984558225
0.007643324002856389
0.007743577007204294
0.00803301100677345
0.007996280997758731
0.007932938999147154
0.007750990989734419
0.007500601001083851
0.007979209010954946
0.011280047008767724
0.011423623000155203
0.011320435005472973
0.011738537010387518
0.007904836005764082
0.007210594994830899
0.007657932001166046
0.007200777006801218
0.007425776988384314
0.007917951006675139
0.007846744993003085
0.008148503009579144
0.007756520994007587
0.008339378997334279
0.007701014998019673
0.0076221439958317205
0.008169865002855659
0.007897823001258075
0.008277150001958944
0.007693630992434919
0.007566647007479332
0.008163883001543581
0.013824746012687683
0.013945337006589398
0.006739882999681868
0.0065354110120097175
0.007642953991307877
0.007693601000937633
0.007443119990057312
0.007126012991648167
0.007977645989740267
0.007691867998801172
0.007420127003570087
0.007188643008703366
0.007681748000322841
0.0077099519985495135
0.007594631999381818
0.008305934999953024
0.00807389999681618
0.007870450004702434
0.008374776996788569
0.008578958004363813
0.008088257993222214
0.007670266000786796
0.008226222998928279
0.008370519004529342
0.008534583990694955
0.008270146005088463
0.007809975009877235
0.00844512099865824
0.008416087002842687
0.00789475700003095
0.008007281998288818
0.008472354005789384
0.008266650009318255
0.008181135999620892
0.007423472998198122
0.008565914002247155
0.007716994994552806
0.0076487649930641055
0.007252345007145777
0.00815285200951621
0.0078047749993857
0.008361301006516442
0.008034244005102664
0.007460173001163639
0.007929995001177303
0.0077209529990796
0.007387593999737874
0.007962616000440903
0.007370621999143623
0.007974619991728105
0.00778510699456092
0.00723109400132671
0.008255880005890504
0.013939887008746155
0.00810470900614746
0.008457575997454114
0.007848177992855199
0.00797989999409765
0.008128975998261012
0.007795076002366841
0.008617241997853853
0.008175805996870622
0.008499937001033686
0.008677196994540282
0.007099210997694172
0.0075354580039856955
0.007560615995316766
0.007455454993760213
0.007360111005255021
0.0077292089990805835
0.007585364000988193
0.00771353900199756
0.00841131700144615
0.007789194001816213
0.008584779003285803
0.00829855099436827
0.008062619002885185
0.008395466997171752
0.007876540999859571
0.007745019000140019
0.008395797005505301
0.008766687999013811
0.00818681699456647
0.008340170999872498
0.008665223998832516
0.008586532989284024
0.008242191994213499
0.007885218001320027
0.007545506989117712
0.007274005998624489
0.007735351013252512
0.007441196998115629
0.00786875699122902
0.0075266010098857805
0.00778474600519985
0.007677270012209192
0.00808677400345914
0.007656109009985812
0.008765336009673774
0.008020869005122222
0.008219459996325895
0.007872553993365727
0.007865139996283688
0.008092906995443627
0.0062650920008309186
0.006302023000898771
0.00806066500081215
0.007793733006110415
0.0076484849996631965
0.008097586003714241
0.00797490999684669
0.008281076996354386
0.003495312004815787
0.003387735996511765
0.0034093669964931905
0.003288124004029669
0.003344862998346798
0.003355804001330398
0.007246224005939439
0.00763069000095129
0.0076430339977378026
0.0077749069896526635
0.0074648719892138615
0.00730096799088642
0.0076932899974053726
0.006419728000764735
0.007699933004914783
0.007679403992369771
0.007917240000097081
0.0070902639999985695
0.006980374004342593
0.007497534999856725
0.007982985000126064
0.008101903993519954
0.008013064012629911
0.007918802002677694
0.007964460004586726
0.007599210002808832
0.0072113269998226315
0.007209222007077187
0.008063150002271868
0.007555215997854248
0.007750620003207587
0.008654753997689113
0.007451386991306208
0.007840342004783452
0.007758115010801703
0.009401696006534621
0.008244768003351055
0.008747280997340567
0.007848948996979743
0.005083517011371441
0.023913340002764016
0.011873245006427169
0.010643346002325416
0.009228984999936074
0.007991812992258929
0.005968102996121161
0.008707715009222738
0.010654598998371512
0.008195553004043177
0.00779860200418625
0.0072329079994233325
0.01006924599641934
0.020855096008745022
0.008092885997029953
0.006534920001286082
0.008445853993180208
0.02069812400441151
0.008483805999276228
0.010176220996072516
0.008235620000050403
0.008102805993985385
0.008307677999255247
0.009710768994409591
0.011778363012126647
0.0056391510006506
0.00808354900800623
0.009413309002411552
0.007398455010843463
0.005539181001950055
0.010072532008052804
0.005762387998402119
0.007418913999572396
0.0073742390086408705
0.010902613998041488
0.007584931998280808
0.005792625990579836
0.00843407100182958
0.008129135996568948
0.00846736499806866
0.007658413000172004
0.011140449001686648
0.007343249992118217
0.012059932996635325
0.008906144998036325
0.008940191997680813
0.008520226008840837
0.009651273998315446
0.009726698990562
0.02122075599618256
0.005099928006529808
0.019990257002064027
0.008372762997169048
0.007286740990821272
0.01276353200955782
0.009182445995975286
0.021083052997710183
0.011589119007112458
0.008251390987425111
0.011318061006022617
0.007849079003790393
0.007521600986365229
0.007736302999546751
0.006731376008247025
0.010377316997619346
0.010082241002237424
0.01044842301052995
0.007688070007134229
0.008129616995574906
0.008268924008007161
0.00760759599506855
0.005153329999302514
0.005779811996035278
0.007168383992393501
0.008365137997316197
0.020939777998137288
0.007748787000309676
0.011607584994635545
0.009279000005335547
0.009825027998886071
0.010114903008798137
0.008247272999142297
0.010023787996033207
0.0067652010038727894
0.006918575003510341
0.008429432011325844
0.00902331099496223
0.015341714999522083
0.009696412002085708
0.008134635994792916
0.010279529000399634
0.007847586006391793
0.007843869010685012
0.008449460001429543
0.007543291998445056
0.008111641989671625
0.007612065004650503
0.010837458001333289
0.009045922997756861
0.007144268005504273
0.007821737002814189
0.007855842006392777
0.007641110001713969
0.006038627994712442
0.008092364994809031
0.007075494999298826
0.021639949991367757
0.00788415600254666
0.006780049006920308
0.01037059300870169
0.0082778009964386
0.008350641001015902
0.010104864006279968
0.005669880993082188
0.007433131992002018
0.010341107001295313
0.024760182001045905
0.02022739200037904
0.008987262001028284
0.010174217008170672
0.009927403996698558
0.012855218010372482
0.011938989991904236
0.009713574007037096
0.010432322000269778
0.006028118004905991
0.007908081999630667
0.00717975600855425
0.007869567998568527
0.009370436004246585
0.009003141996799968
0.006477749993791804
0.01999075799540151
0.008340319996932521
0.010755120994872414
0.0068520470085786656
0.0059415220021037385
0.009385594996274449
0.010859340996830724
0.020662395996623673
0.008752099995035678
0.00810903700767085
0.007737975989584811
0.005812604998936877
0.010856945998966694
0.008378924991120584
0.007147805008571595
0.005968172001303174
0.010143157007405534
0.010332660996937193
0.007654296001419425
0.005788999013020657
0.007629277009982616
0.006673895011772402
0.021037856000475585
0.00867459199798759
0.010905279006692581
0.020665621996158734
0.010657112012268044
0.006306380993919447
0.01002761599374935
0.00946168100927025
0.008772248998866417
0.007543222003732808
0.020224015999701805
0.007203711997135542
0.005310792999807745
0.008690481990925036
0.009199057007208467
0.02361569899949245
0.009009493995108642
0.008007481999811716
0.00971923500765115
0.0075970750040141866
0.00844061300449539
0.011628074003965594
0.00828318198909983
0.009995494008762762
0.020907936996081844
0.00771544300368987
0.007852083988836966
0.007563731996924616
0.005992970007355325
0.009223424000083469
0.007560575992101803
0.00769216800108552
0.01319847599370405
0.01230253699759487
0.011160337991896085
0.008945430992753245
0.008064321998972446
0.009606728999642655
0.008389003996853717
0.005804689004435204
0.007068883001920767
0.005431272991700098
0.022219460995984264
0.007691006001550704
0.009638510004151613
0.011051629000576213
0.00679656099237036
0.013040432997513562
0.00998075598909054
0.020483182001044042
0.007334341993555427
0.008620077001978643
0.007843277999199927
0.00578587299969513
0.007656418994884007
0.00812973799475003
0.00833363899437245
0.009037628013174981
0.00894429899926763
0.009933935987646692
0.008552137005608529
0.010182532991166227
0.007912611006759107
0.009744202994625084
0.008849678008118644
0.007594861002871767
0.008907739000278525
0.010249009996186942
0.00800374500977341
0.009652797001763247
0.005911624000873417
0.00982491800095886
0.007486864997190423
0.011855118995299563
0.010435738004161976
0.007949201011797413
0.007356974994763732
0.010233960987534374
0.0086545129888691
0.008492151988320984
0.010780218988656998
0.009988010002416559
0.008145235988195054
0.011940764990868047
0.01006767200306058
0.011000391008565202
0.008132843009661883
0.010591145997750573
0.009084057004656643
0.007692379003856331
0.020801803999347612
0.008607643991126679
0.008298832006403245
0.006925048000994138
0.009874131996184587
0.02331017299729865
0.008062348002567887
0.0077072270069038495
0.010805979007272981
0.010378228005720302
0.006916401005582884
0.010145362000912428
0.009843502004514448
0.007691466991673224
0.008962013002019376
0.00955534100648947
0.008005990006495267
0.005644652002956718
0.010655068996129557
0.008107404006295837
0.02091692399699241
0.0071372139937011525
0.020844776008743793
0.010089234012411907
0.007417991990223527
0.008409073008806445
0.008411146991420537
0.007551718998001888
0.008018143009394407
0.010844602991710417
0.00882702399394475
0.009987800003727898
0.010849432001123205
0.007112957988283597
0.005230759008554742
0.007594761002110317
0.007404636999126524
0.02060332300607115
0.018499088007956743
0.008836561988573521
0.009540422004647553
0.010160080011701211
0.008821253009955399
0.009900792996631935
0.011598687997320667
0.009389072001795284
0.005598685005679727
0.007804954992025159
0.009347832994535565
0.007717906992183998
0.007190285992692225
0.02389696700265631
0.010956557001918554
0.007090373997925781
0.011995880005997606
0.009435511004994623
0.011748716002330184
0.021216547989752144
0.0061535290005849674
0.007025680009974167
0.0077410619996953756
0.01063383799919393
0.0068866840010741726
0.007513405987992883
0.010353170000598766
0.009641195007134229
0.00709379100590013
0.0070565100031672046
0.007189845011453144
0.0051795710023725405
0.008611501005361788
0.009007460001157597
0.009172726990072988
0.010694593991502188
0.008439240991719998
0.018351735998294316
0.008513684006175026
0.007763133995467797
0.008106653011054732
0.007798892998835072
0.007381482006167062
0.007767773000523448
0.006300869994447567
0.011089872001321055
0.010758046992123127
0.010173937000217848
0.007245452012284659
0.009228914001141675
0.007775497986585833
0.015324109990615398
0.008795352987363003
0.020942372997524217
0.007413213010295294
0.007392062994767912
0.00998387199069839
0.010659177001798525
0.006975843993132003
0.008787548009422608
0.006130704001407139
0.005888048995984718
0.009401425995747559
0.006058626007870771
0.007251343005918898
0.0073275690083391964
0.008262461997219361
0.010265813005389646