0.020722421002574265
0.020869362997473218
0.026196286009508185
0.025887142997817136
0.020320399999036454
0.020970145997125655
0.020399621993419714
0.020260365010472015
0.020164019995718263
0.020959475994459353
0.026155458006542176
0.026114810010767542
0.019898241007467732
0.02010435600823257
0.020524311999906786
0.020149082003626972
0.019247824006015435
0.025307012008852325
0.02610691500012763
0.02076397099881433
0.020901545009110123
0.02034301399544347
0.021326600006432272
0.021201850002398714
0.045938087001559325
0.042310061005991884
0.036165230005281046
0.029409176000626758
0.039228082008776255
0.04024169499462005
0.03866885000024922
0.038946713000768796
0.026342455996200442
0.02472462400328368
0.02581809100229293
0.02027947200986091
0.021806599994306453
0.02029692500946112
0.020607650993042625
0.02127561200177297
0.022444743997766636
0.021995362010784447
0.02167469699634239
0.02241891399899032
0.03445586199813988
0.013306581997312605
0.013530491996789351
0.015571826006635092
0.026629757005139254
0.02390091599954758
0.02342685600160621
0.025385120999999344
0.041302729994640686
0.028274390002479777
0.02373527800955344
0.024563375001889654
0.024530691996915266
0.024722981004742905
0.022436978004407138
0.02242632799607236
0.02307120400655549
0.024591850000433624
0.025330135991680436
0.023686473999987356
0.023975849006092176
0.023340130006545223
0.023591212011524476
0.02620707701134961
0.02870942500885576
0.03123641898855567
0.023573076992761344
0.023522670002421364
0.023074170007021166
0.02426108598592691
0.0242162390059093
0.02451556400046684
0.024934116008807905
0.02149655600078404
0.020240426994860172
0.02021637100551743
0.020184919994790107
0.020239354998921044
0.020298276998801157
0.02012627800286282
0.019805613992502913
0.02091331699921284
0.02229695999994874
0.02209437100100331
0.021946558001218364
0.022604450001381338
0.022031902000890113
0.021764930002973415
0.023871238008723594
0.02826485199329909
0.003558834010618739
0.0032784459908725694
0.00764335501298774
0.007183854002505541
0.007076728012179956
0.010578011002507992
0.022470983996754512
0.03122874500695616
0.04952029600099195
0.042150495006353594
0.052790444999118336
0.04855713799770456
0.05010099800711032
0.05356891799601726
0.0031217049981933087
0.002999611009727232
0.003102047005086206
0.0030270739953266457
0.0027588789962464944
0.0029228240018710494
0.0061266470002010465
0.020093013998121023
0.01978919201064855
0.018182400992373005
0.003128117008600384
0.0029797230090480298
0.0029389150004135445
0.002927793000708334
0.00319835300615523
0.003188824004610069
0.008514685003319755
0.019875997997587547
0.0038072500028647482
0.005477211001561955
0.005393440995248966
0.00552471200353466
0.005409812001744285
0.005170112999621779
0.004887942006462254
0.0049877529963850975
0.004972082999302074
0.004882670997176319
0.004788511010701768
0.004805382995982654
0.004712345005827956
0.005053228989709169
0.004790343999047764
0.004986600994016044
0.005406476004282013
0.005495235993294045
0.0050480789941502735
0.0049963789933826774
0.004953858006047085
0.007358888993621804
0.007896379989688285
0.008082696003839374
0.008003373994142748
0.008008845004951581
0.007997193009941839
0.008008826000150293
0.005329909996362403
0.005596510003670119
0.0057867150026140735
0.004778191010700539
0.005018682000809349
0.005635774999973364
0.005459246996906586
0.008067949005635455
0.007648975006304681
0.007825623993994668
0.007345854988670908
0.007407441997202113
0.007314104004763067
0.00753645999066066
0.007792200005496852
0.007748365998850204
0.00742132899176795
0.00752615999954287
0.007817017001798376
0.008151599002303556
0.007629628002177924
0.007452267993357964
0.0073586790094850585
0.007559443998616189
0.007358557995758019
0.007408053003018722
0.0073944570031017065
0.0078342100023292
0.002754561006440781
0.023356421006610617
0.01766380699700676
0.01631449999695178
0.0026728439988801256
0.014833098990493454
0.008196494993171655
0.002929877009592019
0.018470563998562284
0.0026377570029580966
0.0026684460026444867
0.021129521002876572
0.002935989003162831
0.01578179799253121
0.020995013997890055
0.005925360004766844
0.0030964670004323125
0.0034647230058908463
0.0063887500000419095
0.01813974899414461
0.019092386006377637
0.005862760997842997
0.003747745999135077
0.016665953007759526
0.006594634003704414
0.006242318995646201
0.013365195001824759
0.0033056280080927536
0.030376530994544737
0.01352294698881451
0.016937193999183364
0.020996186009142548
0.003500250997603871
0.013065870996797457
0.004352274001576006
0.0028724269941449165
0.0030321829981403425
0.021187603008002043
0.016031506995204836
0.003684113995404914
0.003370092003024183
0.01547933800611645
0.005901805008761585
0.014317050008685328
0.0028352960071060807
0.01743495800474193
0.013471768994349986
0.017559465995873325
0.005677676002960652
0.0150277329958044
0.016309931001160294
0.020460669009480625
0.028644149992032908
0.005813235999085009
0.005558567005209625
0.011703678988851607
0.002876744998502545
0.012440230988431722
0.01822178700240329
0.006804005999583751
0.005263883009320125
0.00262855899927672
0.012147340006777085
0.0026863310049520805
0.020901805008179508
0.003377295011887327
0.003230072994483635
0.0031824619945837185
0.0031870399980107322
0.003334211985929869
0.0040043379995040596
0.0027948890055995435
0.003453010998782702
0.0025756380055099726
0.013204146001953632
0.003839220997178927
0.002904749009758234
0.005395535001298413
0.013034841991611756
0.007319023003219627
0.017053376999683678
0.0034485819924157113
0.0049934839917114004
0.016583245000219904
0.006968250003410503
0.014530680011375807
0.004002173998742364
0.0028157990018371493
0.018957617998239584
0.006638558013946749
0.02794024998729583
0.0030014049989404157
0.006434716997318901
0.002597799990326166
0.0027638989995466545
0.032153858002857305
0.003265701001510024
0.002824726005201228
0.003050409010029398
0.02173491301073227
0.005694397987099364
0.022256562995607965
0.021713000009185635
0.005548005996388383
0.0028298450051806867
0.015400055999634787
0.005628511993563734
0.002995903996634297
0.0028493529971456155
0.005681091992300935
0.00331088800157886
0.008927888004109263
0.006411302005290054
0.01589397400675807
0.00584277200687211
0.015518553991569206
0.006031003998941742
0.003030310006579384
0.005573366011958569
0.005946521006990224
0.0028664459969149902
0.0028513059951364994
0.003006002996698953
0.05160498199984431
0.016863812998053618
0.02036240100278519
0.0051519679982448
0.0026351630076533183
0.002604352994239889
0.014892223000060767
0.003324444012832828
0.0044122899998910725
0.005705008996301331
0.022838577991933562
0.003162502995110117
0.022238527992158197
0.015166598997893743
0.006747476989403367
0.006185890000779182
0.005113874998642132
0.0056029230036074296
0.0026638979907147586
0.012496900002588518
0.02581304199702572
0.02917130899732001
0.008596340994699858
0.008064893001574092
0.002563224988989532
0.008024014998227358
0.006423536004149355
0.0030515709950122982
0.006498058995930478
0.0030144589982228354
0.013117680005962029
0.008020086999749765
0.00534681198769249
0.005933687003562227
0.006655641001998447
0.026839938989724033
0.017910039008711465
0.005296945993904956
0.005853872993611731
0.03017831000033766
0.01612150999426376
0.005572815003688447
0.016740525999921374
0.008344337999005802
0.0028612559981411323
0.003403034992516041
0.0065570020087761804
0.006162324993056245
0.01512276500579901
0.003200095990905538
0.005278990996885113
0.00824620999628678
0.005189510004129261
0.004801415998372249
0.007231255003716797
0.014399597988813184
0.018309334001969546
0.004477214009966701
0.013668145998963155
0.0026848279958358034
0.004901227992377244
0.004803510004421696
0.004816493994439952
0.0031559710041619837
0.0032811810087878257
0.00320837099570781
1.408699608873576e-05
0.0024886720057111233
0.01973580999765545
0.008859356006723829
0.005736788996728137
0.004930442999466322
0.005342112999642268
0.0026726739888545126
0.0025955169985536486
0.002523799004848115
0.002625534005346708
0.0028257780068088323
0.0030060239951126277
0.002915630000643432
0.00278390699531883
0.0028973959997529164
0.002888778006308712
0.0031090109987417236
0.003156602004310116
0.0030909060005797073
0.003096016007475555
0.0030916479881852865
0.02618797999457456
0.002872387005481869
0.00545708199206274
0.0050528980063972995
0.006123160012066364
0.0026902979880105704
0.005050944004324265
0.0029409790004137903
0.0029012229933869094
0.003050247993087396
0.0028624480037251487
0.002609192000818439
0.0028218899969942868
0.0029639230051543564
0.005086442994070239
0.005388620993471704
0.005240757993306033
0.0052793820068473
0.005413418999523856
0.005270053996355273
0.00580631299817469
0.0030131669918773696
0.005141086992807686
0.002835967010469176
0.0028707739984383807
0.0026537079975241795
0.0027365669957362115
0.002912224008468911
0.0027435600059106946
0.0025135189935099334
0.002761774987448007
0.002808513992931694
0.0026134210056625307
0.002684146005776711
0.002953984003397636
0.0029820970084983855
0.002785930992104113
0.0028518180042738095
0.0031058449967531487
0.002779930000542663
0.003093792009167373
0.003183352993801236
0.002876696002203971
0.004977624004823156
0.00506291700003203
0.0031538370094494894
0.0037007349892519414
0.007723609000095166
0.02493214199785143
0.026474348996998742
0.018270219006808475
0.01649813199765049
0.002840426008333452
0.0027781359967775643
0.00282581799547188
0.02424657800293062
0.003233980998629704
0.0048938719992293045
0.010650449999957345
0.010339834989281371
0.010512575987377204
0.01729302600142546
0.0056420070031890646
0.005188718991121277
0.002833692997228354
0.031256659000064246
0.03045321800163947
0.01737154700094834
0.04046570500941016
0.040299044994753785
0.05106506700394675
0.05139156201039441
0.05099318899738137
0.04068015600205399
0.040538574001402594
0.031327194010373205
0.04042660001141485
0.041019707001396455
0.04087906700442545
0.032122106989845634
0.03266460700251628
0.04037891900225077
0.04075081199698616
0.041053622000617906
0.032226637995336205
0.03224285900068935
0.02506261300004553
0.03276887700485531
0.03400439700635616
0.024556382006267086
0.008836592998704873
0.017785860996809788
0.008771256994805299
0.016742029998567887
0.008734747010748833
0.01605825799924787
0.023600408996571787
0.024916262002079748
0.019541567002306692
0.0031047630036482587
0.0030018560064490885
0.002962840997497551
0.003092669998295605
0.002916711993748322
0.019104459002846852
0.024411733989836648
0.018007446007686667
0.025765911006601527
0.019284423993667588
0.019026138994377106
0.01892703901103232
0.024446099996566772
0.026411397993797436
0.017237068008398637
0.022934381995582953
0.0030662589997518808
0.03193406701029744
0.03209423400403466
0.02423528600775171
0.017619731996092014
0.02416172499943059
0.017834092999692075
0.01818830199772492
0.019100039993645623
0.024061673000687733
0.02437948199803941
0.017117690003942698
0.02322907700727228
0.023530234000645578
0.03176314900338184
0.02438448299653828
0.024291173001984134
0.02495794100104831
0.0327705009985948
0.03343275000224821
0.022620038987952285
0.029386693000560626
0.023983874008990824
0.017835506005212665
0.019035495992284268
0.019212596002034843
0.024131327008944936
0.024144401992089115
0.01713172699965071
0.023389754991512746
0.023119475998100825
0.02304430300137028
0.022363987998687662
0.03218664100859314
0.032513878992176615
0.022975150001002476
0.030501941000693478
0.0029595039959531277
0.0027924339956371114
0.00285040499875322
0.0026742770132841542
0.016467533001559786
0.017349243003991432
0.0233074870047858
0.023795623987098224
0.016059069996117614
0.022555606003152207
0.003139950000331737
0.0030069450003793463
0.002997967996634543
0.002907093003159389
0.002965725987451151
0.0029323719936655834
0.0029462389938998967
0.0029537030059145764
0.0029140679980628192
0.002813314989907667
0.0029185360035626218
0.0032321869948646054
0.0031403210014104843
0.03038228199875448
0.002894759993068874
0.016644072005874477
0.022927108002477325
0.02303474399377592
0.0160003179917112
0.021577520994469523
0.022865380000439472
0.023846070005674846
0.015505828996538185
0.022379437999916263
0.003559805001714267
0.003185567999025807
0.003488007001578808
0.003020340998773463
0.0028079929907107726
0.002730786000029184
0.05036127699713688
0.0035660769935930148
0.0034682199911912903
0.0032020289945648983
0.0031325560121331364
0.03220175000024028
0.023508140991907567
0.029078011008095928
0.0029840520001016557
0.00297478299762588
0.0029372720018727705
0.002944416002719663
0.0029655760008608922
0.002638189005665481
0.0026209650095552206
0.0028772860096069053
0.0029223729943623766
0.0027525369951035827
0.002739953008131124
0.00323676600237377
0.0027191730041522533
0.002699265009141527
0.002927813009591773
0.0027456139941932634
0.0026227490016026422
0.0027387609879951924
0.0030316229967866093
0.0027968420035904273
0.002917313002399169
0.002911782998126
0.0027630480035440996
0.0026700190064730123
0.0028918440075358376
0.0030118339927867055
0.002622157000587322
0.00264899899775628
0.002909609000198543
0.002751556006842293
0.0026314749993616715
0.0026113159983651713
0.0029242360033094883
0.022793922005803324
0.029498076997697353
0.03200086500146426
0.02337839300162159
0.003128368000034243
0.002993549991515465
0.003198111997335218
0.002961256992421113
0.002703594000195153
0.002694224996957928
0.0027391920011723414
0.0029706759960390627
0.002672483999049291
0.002946338994661346
0.0030059429991524667
0.002668114990228787
0.0028454150015022606
0.0030278960039140657
0.002959192992420867
0.002849052005331032
0.002698534997762181
0.002686310006538406
0.0027400039980420843
0.002978720993269235
0.002915921009844169
0.002785429998766631
0.0027978849975625053
0.0028024130006087944
0.0029514589987229556
0.003095284992014058
0.012312948005273938
0.005368062003981322
0.0050467359978938475
0.003215874996385537
0.0029470610024873167
0.002891783995437436
0.002948803987237625
0.002709494990995154
0.002678245000424795
0.002806520991725847
0.0031892440019873902
0.048072970006614923
0.048785166000016034
0.03889542300021276
0.0391861109965248
0.050224605001858436
0.03975912000169046
0.03903162499773316
0.00317325399373658
0.0030359910015249625
0.03900491399690509
0.04092198998841923
0.022828899003798142
0.0029421609942801297
0.02970726799685508
0.012885125004686415
0.0033041150018107146
0.0029340150067582726
0.0048819499934324995
0.012905183990369551
0.01243041300040204
0.0031255619978765026
0.005366860001231544
0.0027872439968632534
0.022881570999743417
0.023324148991378024
0.0029693730029975995
0.02704664701013826
0.06000964599661529
0.020873369998298585
0.0029098090017214417
0.005100909998873249
0.04762836701411288
0.016370967990951613
0.005298188989399932
0.002824284994858317
0.014872615007334389
0.0076194290013518184
0.0028888290107715875
0.0028893499984405935
0.0026624650054145604
0.003028696999535896
0.002882266999222338
0.0030361009994521737
0.003112747988780029
0.0028867549990536645
0.0028696920053334907
0.002981286001158878
0.0029177450051065534
0.0030355599883478135
0.0031808189960429445
0.002868128998670727
0.002917384001193568
0.002688353997655213
0.00301841800683178
0.0029184949962655082
0.0026707910001277924
0.0027862429997185245
0.0030204210052033886
0.002964293002150953
0.00296801098738797
0.00293827400309965
0.002839303997461684
0.0027208060055272654
0.0029458880017045885
0.002946519001852721
0.002723782992688939
0.002712530011194758
0.0027713739982573316
0.0030703869997523725
0.002626755987876095
1.2634001905098557e-05
0.0027296140033286065
0.0024671610008226708
0.002772624997305684
0.00265994000073988
0.002951539005152881
0.014323953000712208
1.9636994693428278e-05
0.003183293010806665
0.0033139540028059855
0.0028327409963821992
0.002851347002433613
0.0033857319940580055
0.003477436999673955
1.6591991879977286e-05
0.0028886390064144507
1.5469995560124516e-05
0.01827488800336141
0.0030381649994524196
0.0026490989985177293
0.0025948660040739924
0.016742289997637272
0.008781206008279696
0.02283776599506382
0.0030301999941002578
1.5249999705702066e-05
0.0031297509995056316
0.011807988994405605
2.0059000235050917e-05
0.0032347719970857725
0.0030751659942325205
0.002871265009162016
0.015444670993019827
2.0580002455972135e-05
0.002943233004771173
0.0029854840104235336
0.0032192119979299605
0.002395222007180564
0.00306744099361822
1.5289013390429318e-05
0.003640359005657956
0.0031492879934376106
0.0032345310028176755
1.6602003597654402e-05
0.0027388809976400807
0.011794274003477767
0.0028094160079490393
0.0027960199950030074
0.0027134120027767494
0.002931189999799244
0.003859960997942835
0.003266342988354154
0.028094765002606437
0.0029136560042388737
0.012392110002110712
0.0030347879946930334
0.003019680007128045
0.003468770009931177
0.012228295003296807
2.3165004677139223e-05
0.005211010997300036
0.021910699011641555
0.002832069993019104
0.00289623299613595
0.002473582004313357
0.0027847989986184984
0.0027427590102888644
0.012433067997335456
0.002986155013786629
0.0031838540016906336
0.02330306799558457
0.003136122992145829
0.028767394993337803
2.039899118244648e-05
0.012963194996700622
0.018889916987973265
1.9687999156303704e-05
1.2524003977887332e-05
1.3816010323353112e-05
0.028639620999456383
0.0031141810031840578
0.015013184995041229
0.011716613997123204
0.002716018003411591
0.0031781630095792934
0.002621557010570541
0.0027912110090255737
0.002796711996779777
1.7022990505211055e-05
0.003481844993075356
1.8064994947053492e-05
9.919007425196469e-06
0.0157522420049645
2.216199936810881e-05
1.459800114389509e-05
0.0030034689989406615
0.00237689699861221
0.005191553005715832
0.0026455320039531216
0.0026160049892496318
0.0027428790053818375
0.003076658002100885
1.6552003216929734e-05
0.0025589959986973554
1.1853000614792109e-05
0.005242701998213306
0.0030844329885439947
1.6430989489890635e-05
0.022290537002845667
0.0028230330062797293
0.0030004829895915464
1.7162994481623173e-05
0.0030496770050376654
0.0026902590034296736
0.0027952500095125288
0.0031126079993555322
0.04013901800499298
0.003321237993077375
0.003148245988995768
0.002964653991512023
2.280301123391837e-05
0.0028456659929361194
0.0031610610021743923
0.0030145900091156363
0.0030406299920286983
1.761299790814519e-05
0.0032347920059692115
0.0030527329945471138
1.416700251866132e-05
0.002940778009360656
0.002948533001472242
0.0031146219989750534
0.0030868180037941784
0.002845605995389633
0.0028488219977589324
0.0030089689971646294
0.003320676987641491
0.002993339003296569
1.3345008483156562e-05
0.002997838004375808
0.0028686200093943626
0.003086707991315052
0.005170894000912085
0.002682061996893026
0.0030778110085520893
0.003018016999703832
0.0029912049940321594
0.0222303619957529
0.0030287069967016578
0.0026358040049672127
0.0025992339942604303
0.003099822992226109
0.0027704219974111766
0.0028086349921068177
0.0028259980026632547
2.1953004761599004e-05
0.038385466003092006
0.0032878839992918074
0.014326488002552651
0.0029318110027816147
0.003196880003088154
0.01289841000107117
0.003204513996024616
0.0028273509960854426
0.0026294010021956638
0.002705786988371983
0.002504542004317045
0.0027906209870707244
0.021992895999574102
0.0031452600087504834
0.0030310610018204898
0.002629351001814939
0.002589744995930232
0.002675929994438775
2.244400093331933e-05
0.002704856000491418
0.0041245789907407016
0.0026642079901648685
0.0030939619900891557
0.0027285910036880523
0.01453834401036147
0.0030747349956072867
0.0026945260033244267
0.011479408989544027
0.0030524019966833293
0.002729232990532182
0.023100399994291365
0.0030195700092008337
0.002911513001890853
0.003076868990319781
2.245299401693046e-05
0.0032813509897096083
0.0031500000040978193
0.0030836320074740797
0.0026520249957684427
1.2564007192850113e-05
0.0026668630016501993
0.0026094929926330224
0.0027530689985724166
0.0037329970073187724
1.5169003745540977e-05
0.003054775996133685
0.002810598991345614
0.0029282850009622052
0.0025174959882861003
0.0033966920018428937
0.0029518699884647503
1.3686003512702882e-05
0.002586378002888523
0.015621831989847124
0.002982778998557478
0.0029712469986407086
0.003741262000403367
0.007770969008561224
0.02914756401150953
0.0038488590071210638
0.0031915190047584474
0.0031064460054039955
1.9437007722444832e-05
0.014497666008537635
1.884599623735994e-05
0.0030587649962399155
0.014395610996871255
0.002824174996931106
0.00337931900867261
0.0031296600063797086
0.0027346930000931025
0.021725312995840795
0.011965712008532137
0.005351038998924196
0.002826999989338219
1.5659999917261302e-05
0.0030749350116821006
0.0027030519995605573
0.0026702000031946227
0.002761625000857748
0.003516482000122778
0.015215281993732788
0.01757813298900146
0.002746345999184996
0.0028160489891888574
0.0028407569916453212
0.029273054999066517
0.0030530540097970515
0.0035551960027078167
0.029227808001451194
0.0030780810047872365
0.011916577001102269
0.0029137260135030374
0.0027396130026318133
0.002926161003415473
0.0026234789984300733
0.002650091002578847
0.012188048000098206
0.002688565000426024
0.026601582998409867
1.8516002455726266e-05
1.3605997082777321e-05
0.002846397997927852
0.00278364701080136
0.0026789859985001385
0.0030325539992190897
0.0028127529949415475
0.022926285993889906
1.8966005882248282e-05
0.0032589079928584397
0.021961977996397763
0.0029492140020010993
0.0027746699925046414
0.0028279319958528504
0.002989642001921311
0.0029285049968166277
0.003190346003975719
1.3445009244605899e-05
0.002988469001138583
0.002771222993033007
0.0027529979997780174
0.0027005180018022656
0.0032067680003819987
1.5479003195650876e-05
0.0024670499988133088
0.0031613209866918623
0.01592804900428746
0.0030732129962416366
0.0033039749978343025
0.0032785960065666586
0.0028481109911808744
0.0026634560053935274
0.0028608450083993375
0.0027417759993113577
0.0027882249996764585
0.0036659390025306493
0.0026650890067685395
0.002843833004590124
0.0028806830086978152
0.0029821170028299093
0.022168142997543328
0.002917404010077007
0.02690899198933039
0.0028253070049686357
0.002631224997458048
0.0228013669984648
0.002974633011035621
0.002751684995018877
1.3065000530332327e-05
0.0031940739863784984
1.2012998922728002e-05
0.015149626007769257
0.0034256479993928224
0.012610217003384605
2.218301233369857e-05
1.0841002222150564e-05
0.0031043920025695115
0.002760111994575709
0.0025906270020641387
0.0030082170123932883
0.0026000549987656996
1.7833997844718397e-05
0.002963712002383545
0.002797813998768106
0.00291209299757611
0.014389729010872543
0.012376640006550588
0.0029809560073772445
0.0025895250000758097
0.0029992409981787205
0.00332865200471133
0.0034235640050610527
0.00323061399103608
2.5439003366045654e-05
0.0029327530064620078
1.477799378335476e-05
0.0027927749906666577
0.0029956539947306737
0.011826314992504194
0.0028640719974646345
0.00255796400597319
0.0026327979867346585
0.0030694150045746937
0.012472091999370605
0.015004808999947272
0.003487957001198083
0.03240338600880932
0.027281126007437706
0.0027865230076713488
1.8225007806904614e-05
0.0028429410012904555
0.002839083012077026
0.00266035100503359
0.0033435000077588484
0.002889990995754488
0.014315317006548867
1.9596991478465497e-05
0.002969854002003558
0.0030953840032452717
0.002609171991935
0.002734081994276494
0.0037608800048474222
0.002769851009361446
0.002888057002564892
0.0027124510088469833
0.0027074809913756326
0.0027156669966643676
0.016863291995832697
0.0027074110112152994
0.002983730999403633
0.0030821200052741915
0.002694374998100102
0.029096886995830573
0.007866072002798319
0.0028537409962154925
0.006474994006566703
0.05311625899048522
0.0076930300128879026
0.007497875994886272
0.00801687000785023
0.00773441900673788
0.0077841040038038045
0.007745760987745598
0.007672580002690665
0.007826986009604298
0.007710283010965213
0.007791948999511078
0.007337368006119505
0.007638886003405787
0.007597927004098892
0.007613907990162261
0.007938138995086774
0.0076151709945406765
0.008256239001639187
0.008229637998738326
0.007561887992778793
0.007992704995558597
0.0077065360092092305
0.007408294011838734
0.007716685999184847
0.007402703995467164
0.007604480008012615
0.007891019995440729
0.00749658299901057
0.007445655995979905
0.021562451991485432
0.017119512995122932
0.007837106008082628
0.003938651003409177
0.003925675991922617
0.02529674100514967
0.02588957799889613
0.030438058005529456
0.035069678007857874
0.03285867899830919
0.03986101500049699
0.04807551500562113
0.04022931000508834
0.05211596099252347
0.06699007899442222
0.020481849991483614
0.020351679995656013
0.01996862499800045
0.018779505990096368
0.018979740008944646
0.018850171996746212
0.020301033000578173
0.019517911001457833
0.02042728499509394
0.02063506298873108
0.02279298000212293
0.02096878299198579
0.021163024997804314
0.020161324995569885
0.019164313009241596
0.018764787004329264
0.020143861009273678
0.019671866000862792
0.01870478200726211
0.018605692996061407
0.018129710006178357
0.017282815999351442
0.018914906002464704
0.019611489988164976
0.01912911600084044
0.02063339999585878
0.02099509400431998
0.020610956999007612
0.019898120008292608
0.019327345988131128
0.01985661000071559
0.01929298999311868
0.019655566007713787
0.01984029999584891
0.01883717699092813
0.019403111000428908
0.020624743003281765
0.019294493991765194
0.01990042500256095
0.02026056600152515
0.020133471000008285
0.020107201009523124
0.019202176001272164
0.019359266996616498
0.019636929995613173
0.019618784994236194
0.020778707999852486
0.01970733499911148
0.020222822000505403
0.0037442289903992787
0.021179466988542117
0.02085333199647721
0.019734365996555425
0.019918029007385485
0.02074355100921821
0.02035799200530164
0.020488952999585308
0.020627207995858043
0.02096841200545896
0.021061400999315083
0.008852732993545942
0.008541425995645113
0.0082174249982927
0.008361981992493384
0.008190203006961383
0.008498504001181573
0.006799887007218786
0.007563482009572908
0.006699284000205807
0.008783870987826958
0.00812497800507117
0.007881181008997373
0.007933050001156516
0.007700794012635015
0.007953730004373938
0.007656239002244547
0.008057468992774375
0.00818802899448201
0.007885208004154265
0.008018022999749519
0.008239688002504408
0.008384424989344552
0.00831482200010214
0.008285094998427667
0.008865057010552846
0.008375698002055287
0.00875924399588257
0.008369335992028937
0.008849367004586384
0.008219248993555084
0.008323228001245297
0.008270366000942886
0.008433009003056213
0.008867981989169493
0.00827051700616721
0.008170746004907414
0.008432397007709369
0.018467818008502945
0.008028402997297235
0.00715125200804323
0.007321737997699529
0.0075216809927951545
0.007138366010622121
0.007223970998893492
0.00813241201103665
0.007456716004526243
0.007235372002469376
0.007605471997521818
0.007961063995026052
0.008334328987984918
0.007583719998365268
0.007951805993798189
0.008232583990320563
0.007568230998003855
0.007265380001626909
0.007719439992797561
0.007407191005768254
0.007413102997816168
0.007075194997014478
0.007598419004352763
0.008124275991576724
0.0075609459890984
0.007203952001873404
0.007920215008198284
0.007501031999709085
0.007158605003496632
0.00795446100528352
0.007873845999711193
0.007096775996615179
0.007248266992974095
0.007672410996747203
0.0073360149981454015
0.007951313993544318
0.007248927999171428
0.007470072014257312
0.007495380996260792
0.0070274540048558265
0.007176409009844065
0.007757241997751407
0.007376061999821104
0.006906380993314087
0.007295436997083016
0.00697811899590306
0.007013736991211772
0.0075503359985305
0.007554964991868474
0.008015478000743315
0.007571105990791693
0.007085645003826357
0.007514929005992599
0.006978379999054596
0.006964652988244779
0.00761171399790328
0.007779876992572099
0.007061137992423028
0.007733908001682721
0.0080034050042741
0.00712795699655544
0.006996935000643134
0.007899165007984266
0.007208070004708134
0.0071415830025216565
0.007611132008605637
0.007439042994519696
0.007527231995481998
0.007056961010675877
0.007069534010952339
0.008056035003392026
0.007281319994945079
0.007353077991865575
0.007642844007932581
0.007589009997900575
0.007078570997691713
0.007639116010977887
0.006934646007721312
0.007132654995075427
0.007208269991679117
0.007004769999184646
0.007531379000283778
0.007036089999019168
0.007210144001874141
0.007603678008308634
0.007427199991070665
0.007647873004316352
0.007858307013520971
0.007525498993345536
0.007814962998963892
0.008052509001572616
0.007684473996050656
0.008537638990674168
0.008157320000464097
0.007937378002679907
0.00858293600322213
0.007993926003109664
0.007554884999990463
0.008039855005335994
0.007973907995619811
0.007985250005731359
0.008217495997087099
0.007653092994587496
0.00768980300927069
0.00816670800850261
0.0076306600094540045
0.008505506993969902
0.007581605997984298
0.007658323011128232
0.00836230200366117
0.007735260995104909
0.008045766007853672
0.00768627600336913
0.018603567994432524
0.019198848996893503
0.01893715700134635
0.021724612000980414
0.01866953499848023
0.01896253600716591
0.01949192200845573
0.019609666996984743
0.018569873995147645
0.01924345499719493
0.019527861004462466
0.019079370991676114
0.019620719001977704
0.01952879199234303
0.019205231001251377
0.018895978995715268
0.018573731009382755
0.01905883100698702
0.018973056998220272
0.018918140995083377
0.018340103997616097
0.01919548299338203
0.01861342698975932
0.0180715379974572
0.01870846000383608
0.019920202990761027
0.019944719009799883
0.019690992994583212
0.01921317700180225
0.019144535006489605
0.018873616005294025
0.018257545001688413
0.018326566991163418
0.018855451009585522
0.019268203002866358
0.01976147899404168
0.01921137300087139
0.01951889300835319
0.01926531699427869
0.019710980996023864
0.01958308600296732
0.01889853400643915
0.019588928000302985
0.01949853400583379
0.01949969699489884
0.01943143500830047
0.019853884994518012
0.01916384301148355
0.019706412000232376
0.018492744988179766
0.01920469998731278
0.019651047012303025
0.018598768991068937
0.018239851007820107
0.018152663004002534
0.017838400992332026
0.017993900008150376
0.019222313989303075
0.020136045990511775
0.020097030996112153
0.018869318009819835
0.019763342002988793
0.0196086549985921
0.019232353995903395
0.019310903997393325
0.01933340799587313
0.019097274998784997
0.019270507007604465
0.018381632005912252
0.01954575499985367
0.018204353007604368
0.01832173801085446
0.018509226996684447
0.018512914000893943
0.017989180007134564
0.018732005002675578
0.01906923099886626
0.018943589995615184
0.019339058999321423
0.019564150003134273
0.019561074004741386
0.019215191001421772
0.01960619998862967
0.019379214994842187
0.019750427003600635
0.019603084001573734
0.019824649003567174
0.019081393998931162
0.019382491998840123
0.01918492298864294
0.0194319370057201
0.019092094007646665
0.018371925005340017
0.01880222999898251
0.02775417199882213
0.018722505992627703
0.018067078999592923
0.018559183008619584
0.018125631992006674
0.0179019129864173
0.018484960004570894
0.018578218994662166
0.019273371988674626
0.01963323300878983
0.018653043007361703
0.01841170000261627
0.01853782199032139
0.018303092001588084
0.01875289400049951
0.018489529989892617
0.018883144002757035
0.01953240900184028
0.018682088993955404
0.01880294999864418
0.018430266005452722
0.01827225300075952
0.01905028500186745
0.01908593298867345
0.018845020997105166
0.019036237994441763
0.015584679989842698
0.015035467004054226
0.015194110994343646
0.015319142010412179
0.01518851998844184
0.01526976699824445
0.01543168700300157
0.015261160006048158
0.007916509013739415
0.007725111005129293
0.008112494004308246
0.007997644002898596
0.007895047005149536
0.007976021996000782
0.007486753995181061
0.007790165996993892
0.007556418000604026
0.007912851011496969
0.008313840997288935
0.00831378999282606
0.007963548006955534
0.00802454499353189
0.00839445499877911
0.008155937990522943
0.007912079003290273
0.007919363997643813
0.007939572009490803
0.007526048997533508
0.007955623004818335
0.007879526994656771
0.007991713006049395
0.007931506988825276
0.008436435004114173
0.008332195007824339
0.008207225007936358
0.008153823000611737
0.004218468006001785
0.009377859998494387
0.009139572997810319
0.015406729013193399
0.015037801989819854
0.008339759995578788
0.015260187996318564
0.007888293999712914
0.015808780008228496
0.01568844899884425
0.015739547001430765
0.015570632996968925
0.01905470300698653
0.0094602580065839
0.008090041010291316
0.019682035999721847
0.01591081499645952
0.014673251993372105
0.002360234997468069
0.012682846005191095
0.002405182007350959
0.015095591996214353
0.0047462399961659685
0.007348548999289051
0.007599860997288488
0.014047452001250349
0.014302081995992921
0.015240690991049632
0.0079862319980748
0.014642012989497744
0.013886073007597588
0.014844089993857779
0.019165756995789707
0.017641222992097028
0.007771730000968091
0.028531081989058293
0.014992554992204532
0.015085242994246073
0.018448810995323583
0.008831853003357537
0.014510730994516052
0.0026934539928333834
0.014444694999838248
0.005992138991132379
0.014782532001845539
0.005197724996833131
0.0036643460043706
0.008092194999335334
0.003606736005167477
0.015323489002184942
0.00453485400066711
0.015436565998243168
0.007834239993826486
0.028960796000319533
0.01622515800409019
0.005941601993981749
0.007609780004713684
0.007393646010314114
0.018293353001354262
0.0054194699914660305
0.008084950997726992
0.007222336993436329
0.018323872005566955
0.015523581998422742
0.008674611992319115
0.016081000998383388
0.0036882419954054058
0.018613046006066725
0.019380618003197014
0.01597260400012601
0.0022336019901558757
0.007722737005678937
0.008021098998142406
0.007837416997062974
0.015541406988631934
0.019122974001220427
0.015065204002894461
0.004163111007073894
0.01473740600340534
0.0048858779919100925
0.00350338700809516
0.007832877992768772
0.01743157100281678
0.015690943007939495
0.007970731996465474
0.01604409099672921
0.01541824100422673
0.00802546700288076
0.008116001001326367
0.014342798996949568
0.018564743993920274
0.013101478994940408
0.01517183800751809
0.02067362700472586
0.007141282010707073
0.002402145997621119
0.015183451003395021
0.00458140300179366
0.007958137997775339
0.014793363006901927
0.019118634998449124
0.009985165001126006
0.015736129993456416
0.008418601006269455
0.019833535989164375
0.00802384399867151
0.0035895120090572163
0.015918028992018662
0.007405910000670701
0.007821535007678904
0.016003053009626456
0.009212291988660581
0.00864188899868168
0.007772382014081813
0.01493477399344556
0.007889126005466096
0.012157268996816128
0.007695163993048482
0.014619098990806378
0.018318332004128024
0.0077912979904795066
0.007626491991686635
0.01455584799987264
0.007491844007745385
0.00494958899798803
0.005843653998454101
0.0034604940010467544
0.027993411000352353
0.0144259590015281
0.015174022992141545
0.015111343003809452
0.012010798003757372
0.004764935001730919
0.014300837996415794
0.01445273999706842
0.03075824200641364
0.007874388000345789
0.014067580996197648
0.012006368997390382
0.014392925004358403
0.019445101992459968
0.024692832987057045
0.015331554997828789
0.014658043990493752
0.019110310007818043
0.008103154992568307
0.008631307995528914
0.016750775001128204
0.015663300990127027
0.0405374319961993
0.015067879998241551
0.024590467000962235
0.01890112900582608
0.008109638001769781
0.002483641990693286
0.01475915800256189
0.008086103000096045
0.005085721000796184
0.01686315100232605
0.007993485996848904
0.013149511010851711
0.012914721010020003
0.020878971001366153
0.014934393009752966
0.01909749499463942
0.014736954006366432
0.014437550998991355
0.0055805400043027475
0.005554718998610042
0.015671765999286436
0.014414956996915862
0.005460689993924461
0.015423110002302565
0.0035302280011819676
0.015069742003106512
0.016762098006438464
0.008802397002000362
0.014989418006734923
0.01407059699704405
0.007497864993638359
0.007800846011377871
0.014724601001944393
0.019094659000984393
0.008302547998027876
0.008641348002129234
0.012616328996955417
0.015227965996018611
0.018672420002985746
0.0143949190096464
0.014038776003872044
0.00814523600274697
0.00240397900051903
0.003238940000301227
0.003516912998748012
0.014364962000399828
0.002503589988918975
0.014965733003919013
0.014599250003811903
0.014423344007809646
0.01396540600399021
0.014964570989832282
0.004787919999216683
0.007506572001148015
0.02143590900232084
0.008331593999173492
0.006883447989821434
0.00758864899398759
0.012256358997547068
0.03152423100254964
0.00735371898917947
0.007957616995554417
0.007992163009475917
0.008240158000262454
0.015572085001622327
0.008004236995475367
2.971698995679617e-05
0.03565844699915033
0.0035931189922848716
0.014622935996158049
0.0038278690044535324
0.006147706997580826
0.004921475992887281
0.008715430012671277
0.023632090000319295
0.006983539002249017
0.014576265995856375
0.007516702011344023
0.015392430999781936
0.007494898993172683
0.008340820990270004
0.01581288799934555
0.023880795008153655
0.021099352990859188
0.0049924220074899495
0.010149969995836727
0.005152769997948781
0.017033939002430998
0.015998893999494612
0.007551549002528191
0.022881288998178206
0.014254499998060055
0.007709671001066454
0.007432791011524387
0.007728327997028828
0.013810428004944697
0.024961557995993644
0.003237416996853426
0.004873002995736897
0.002335527999093756
0.018188742993515916
0.007797960992320441
0.007786218004184775
0.006624029992963187
0.0021950090012978762
0.014148565998766571
0.007821757011697628
0.007671968996874057
0.006467108993092552
0.007352066008024849
0.0033590700040804222
0.016021115996409208
0.01921036100247875
0.015483606010093354
0.014725481989444233
0.005885834994842298
0.014435816992772743
0.019278752006357536
0.007719009998254478
0.00608367400127463
0.018721863991231658
0.015548560986644588
0.015771217993460596
0.007513695993111469
0.007558020995929837
0.02841609100869391
0.003761181011213921
0.00838227198983077
0.014672000004793517
0.015585261004162021
0.004816333996132016
0.01824454999587033
0.019462405005469918
0.005235938006080687
0.0038309750088956207
0.005715929000871256
0.01608494900574442
0.015139947994612157
0.016205680993152782
0.014475282994681038
0.014869188002194278
0.01493812100670766
0.015072006994159892
0.008234307999373414
0.005139745000633411
0.02135312999598682
0.024161073000868782
0.00690430699614808
0.013937241994426586
0.017772505001630634
0.0023522900009993464
0.0022443230118369684
0.007139337991247885
0.03501292900182307
0.007581725993077271
0.007406791002722457
0.014171871007420123
0.014792330999625847
0.007435626001097262
0.018710013013333082
0.00815728900488466
0.014984157998696901
0.01658227299049031
0.009267087007174268
0.01636334299109876
0.002756475005298853
0.0030053719965508208
0.00440365300164558
0.009802223998121917
0.005625716003123671
0.016043750001699664
0.00924191001104191
0.01343322500179056
0.021429325992357917
0.026258475001668558
0.014974119010730647
0.019859755993820727
0.015016801000456326
0.0022039659961592406
0.014210686000296846
0.014025822005351074
0.021899145998759195
0.005577292991802096
0.0035673889942700043
0.014883686002576724
0.007537341007264331
0.007292901995242573
0.00807426098617725
0.01424052299989853
0.008088768008747138
0.018161200991016813
0.018936997003038414
0.014550837993738241
0.005420112007413991
0.015425694989971817
0.015540815991698764
0.014500140998279676
0.018675807004910894
0.008361069994862191
0.014868987011141144
0.02408235298935324
0.01507572400441859
0.017347439992590807
0.018374007995589636
0.0044668749906122684
0.008952172996941954
0.009996777007472701
0.006766383012291044
0.009029431996168569
0.009256467004888691
0.016215209005167708
0.007411148995743133
0.008350049000000581
0.016236809999099933
0.017070739006157964
0.00887174998933915
0.007801337007549591
0.014698501996463165
0.019888041002559476
0.0073610830004327
0.0026120890106540173
0.009309148008469492
0.00873643001250457
0.01480831200024113
0.014956115002860315
0.00787123100599274
0.026354437999543734
0.007921758995507844
0.019300883999676444
0.014484200000879355
0.008255387001554482
0.002322953994735144
0.016375195002183318
0.006135342991910875
0.007382444993709214
0.01998038700548932
0.008600350003689528
0.015660113989724778
0.00815638700441923
0.00782926099782344
0.01612858301086817
0.007993576000444591
0.007369127997662872
0.007524726999690756
0.008440793011686765
0.004366542008938268
0.014457078010309488
0.015407068989588879
0.003897792994393967
0.01461282699892763
0.019005498004844412
0.030347863998031244
0.0156935590057401
0.008593947000917979
0.012328487006016076
0.012616288004210219
0.008848825003951788
0.007380019989795983
0.0155380609940039
0.012568135993205942
0.020469615992624313
0.016384022994316183
0.015634104987839237
0.004969697998603806
0.0707856549997814
0.00957377499435097
0.026315934999729507
0.024145712988683954
0.004173712004558183
0.02347589899727609
0.016848072002176195
0.022171830001752824
0.015854276993195526
0.021794234999106266
0.016203015999053605
0.021646561988745816
0.018752033007331192
0.016117081002448685
0.02233519199944567
0.01722334200167097
0.022681646994897164
0.016899832000490278
0.016142359003424644
0.02191100899653975
0.017814645994803868
0.018221164005808532
0.018858196010114625
0.017465715995058417
0.00775385599990841
0.007386401994153857
0.007950883999001235
0.007824330998118967
0.01589196900022216
0.017795799009036273
0.019617742000264116
0.01564546699228231
0.03855262600700371
0.03429227699234616
0.032058775002951734
0.029349530988838524
0.03698543099744711
0.029523435005103238
0.030185354000423104
0.02864984900224954
0.03786704099911731
0.030994515007478185
0.02848506299778819
0.030139315000269562
0.03800708000198938
0.029706365006859414
0.030805932998191565
0.029966413989313878
0.037220480997348204
0.031216841001878493
0.030185051989974454
0.03910356199776288
0.040364338987274095
0.038306914997519925
0.044376963007380255
0.036286310001742095
0.03663327600224875
0.037067810000735335
0.0450556029973086
0.03746699400653597
0.037360620000981726
0.035906160992453806
0.04522905599151272
0.037253795002470724
0.03881692200957332
0.03666153999802191
0.04600355100410525
0.040567548989201896
0.03858550799486693
0.03405441100767348
0.030320842008222826
0.036503135997918434
0.030165594987920485
0.03118666300724726
0.03089122699748259
0.03749557900300715
0.030798819003393874
0.0307830189995002
0.03117913800815586
0.037911156003247015
0.02985572098987177
0.031049180004629306
0.03079060399613809
0.037202896986855194
0.03043618399533443
0.03088619699701667
0.030466491996776313
0.03702217100362759
0.029303421993972734
0.028622345998883247
0.03095692199713085
0.03646047400252428
0.0306680689973291
0.029975791010656394
0.03035384599934332
0.03790427200146951
0.031876294990070164
0.03247700700012501
0.029560044000390917
0.03755793800519314
0.030856379991746508
0.03119314600189682
0.02269540300767403
0.02914936600427609
0.023201903997687623
0.0292691070062574
0.022456986000179313
0.027986457003862597
0.022469250005087815
0.021521262009628117
0.0280542870023055
0.02144297100312542
0.028333914000540972
0.022444211004767567
0.02297457899840083
0.029473668997525238
0.019217213994124904
0.018210564012406394
0.01889493700582534
0.008137431999784894
0.0076497370027936995
0.007885337996413
0.01609458700113464
0.015192858001682907
0.016333526000380516
0.03640419700241182
0.02863370800332632
0.028672302010818385
0.02865699199901428
0.037120510009117424
0.029560203998698853
0.030733934996533208
0.02887762599857524
0.03768301800300833
0.029890498000895604
0.029383286004303955
0.02732810500310734
0.03739952499745414
0.030695991998072714
0.031894911007839255
0.039268988999538124
0.0371774889936205
0.03792515200620983
0.04713173299387563
0.03894688098807819
0.03867466999508906
0.038700698991306126
0.04578168499574531
0.03797809399839025
0.03819617201224901
0.036368668006616645
0.04786867700750008
0.038118093012599275
0.03717381099704653
0.020394631996168755
0.029257665009936318
0.03019613301148638
0.03651739300403278
0.028076438989955932
0.03036185199744068
0.03132541799277533
0.03699062000669073
0.029865620002965443
0.0326636050012894
0.030950430009397678
0.036719912008265965
0.028969863007660024
0.030306344997370616
0.030367300991201773
0.03695477200380992
0.031051142999785952
0.03212084400001913
0.033906406999449246
0.03875584500201512
0.030763921997277066
0.0310015479917638
0.030124255994451232
0.03755791900039185
0.030108605002169497
0.029595391999464482
0.021753646986326203
0.01716764499724377
0.023285695002414286
0.016661595000186935
0.022026539998478256
0.016818796008010395
0.017077672004234046
0.023290234006708488
0.016680650995112956
0.021960212994599715
0.01666964999458287
0.01730940600100439
0.0233597960032057
0.022207617003004998
0.02940561799914576
0.02337734001048375
0.02862222598923836
0.02267198800109327
0.023019343992928043
0.029380289997789077
0.021431609988212585
0.02745019900612533
0.022220312006538734
0.02330469099979382
0.02889139200851787
0.018366673990385607
0.018186459012213163
0.007976451990543865
0.007341295000514947
0.03537706700444687
0.028651002008700743
0.028814876000978984
0.027270074002444744
0.03656795001006685
0.02960066199011635
0.032037023003795184
0.028513547993497923
0.03634014300769195
0.02878216300450731
0.02943344198865816
0.03646996201132424
0.037508774010348134
0.037247874002787285
0.04431089499848895
0.03836787000182085
0.03796829500060994
0.03936184600752313
0.046877515997039154
0.038572011995711364
0.03876401099842042
0.030208146999939345
0.03076839100685902
0.038433095993241295
0.031061001995112747
0.03255613800138235
0.031090869000763632
0.03967792299226858
0.031024341005831957
0.03119873598916456
0.03091238699562382
0.03972860898647923
0.03107201300736051
0.030236099992180243
0.03032083199650515
0.038910161005333066
0.029966463000164367
0.031212721994961612
0.023056024001562037
0.01744441500341054
0.021820515001309104
0.015619837009580806
0.01607571099884808
0.022187588998349383
0.016611999002634548
0.02181114700215403
0.0165142230107449
0.017073513998184353
0.022796486999141052
0.019253222999395803
0.02157662699755747
0.028395841989549808
0.022889935004059225
0.023241650007548742
0.028648797000641935
0.02321380699868314
0.02996376800001599
0.023058197999489494
0.02336899400688708
0.030329098997754045
0.008626619004644454
0.03791370999533683
0.030475349005428143
0.029933459998574108
0.029214661990408786
0.037850389009690844
0.03035204199841246
0.030157318993587978
0.038312705990392715
0.03782126199803315
0.0381346430076519
0.045570729998871684
0.03689194099570159
0.03874833999725524
0.030139555005007423
0.02965073799714446
0.03759331499168184
0.02865253399068024
0.030169101999490522
0.029596123000374064
0.03742162599519361
0.030112161999568343
0.030825249996269122
0.022825000996817835
0.016758490004576743
0.016863693002960645
0.022419483997509815
0.01703518100839574
0.021828942000865936
0.016990875999908894
0.016923185990890488
0.0221795329998713
0.021789827005704865
0.023648169997613877
0.030206002003978938
0.022534124000230804
0.029229139996459708
0.023081572988303378
0.023308708012336865
0.028568102003191598
0.017634780990192667
0.018162642998504452
0.03675556900270749
0.029432379000354558
0.03003241900296416
0.0359525300009409
0.03803877999598626
0.030596099997637793
0.0046248769940575585
0.004427748994203284
0.004414663999341428
0.0045308170083444566
0.004595951002556831
0.004592564990161918
0.01584709298913367
0.021711276000132784
0.017026825007633306
0.021941778002656065
0.015720280003733933
0.015901437000138685
0.02244270899973344
0.016557684997678734
0.02146617599646561
0.015707685990491882
0.021984089005854912
0.01688881999871228
0.016506265994394198
0.021871952994843014
0.021631793992128223
0.029576004992122762
0.022285185987129807
0.022782811007346027
0.029688059992622584
0.02327935201174114
0.01681287499377504
0.016554228001041338
0.023127110005589202
0.02252756099915132
0.022331223997753114
0.02851927900337614
0.017503208000562154
0.022711875004461035
0.022091504986747168
0.006645330009632744
0.029413833995931782
0.003463710003416054
0.03001575800590217
0.002840415996615775
0.007928762002848089
0.04770850900968071
0.024535451011615805
0.013691550004296005
0.027368643000954762
0.003079464004258625
0.022873414010973647
0.023680210011661984
0.01778188299795147
0.02788473101099953
0.01660443498985842
0.02403738599969074
0.007373196000116877
0.0312497139966581
0.013854271994205192
0.003940484995837323
0.007653594002476893
0.0037261539982864633
0.016499534001923166
0.003500081002130173
0.028702349998638965
0.03646411100635305
0.003682349997689016
0.036249749988201074
0.0029338650056160986
0.030610337998950854
0.0461843359953491
0.016632598009891808
0.003100454996456392
0.003501855011563748
0.0025902159977704287
0.023171524997451343
0.027468164000310935
0.028962368000065908
0.01479702998767607
0.0029024750110693276
0.0034850810043280944
0.02917011600220576
0.03734112200618256
0.015487053009564988
0.016341400012606755
0.022216092998860404
0.02366595299099572
0.003936577006243169
0.0037005150079494342
0.0309926310001174
0.06098067499988247
0.0037219650112092495
0.007342336990404874
0.005309058993589133
0.007002865997492336
0.01494233800622169
0.022791366995079443
0.029314603001694195
0.025584350994904526
0.00743330099794548
0.02722194101079367
0.03856585999892559
0.02229453499603551
0.021650188995408826
0.022572557005332783
0.021932941002887674
0.013562813008320518
0.031116327998461202
0.016426884001703
0.023160013006418012
0.02349317300831899
0.02775576499698218
0.006353621996822767
0.02276741100649815
0.0027977739955531433
0.0027588389930315316
0.01882824800850358
0.029507232989999466
0.007482404995243996
0.022591011991607957
0.004693959999713115
0.047620950994314626
0.016634523009997793
0.018339911999646574
0.0037225569976726547
0.01658670099277515
0.003585854996345006
0.003312681001261808
0.0035232750087743625
0.022697227002936415
0.03125441199517809
0.0036754970060428604
0.03797854500589892
0.013966846992843784
0.031156886005192064
0.03044667399080936
0.0037175370089244097
0.01543415199557785
0.030373241999768652
0.028642133998801
0.02330564201110974
0.047320654994109645
0.013325849009561352
0.02893908398982603
0.023480486997868866
0.023487461992772296
0.003070457009016536
0.0034002689935732633
0.023219428010634147
0.007292290989425965
0.012861538998549804
0.0034988179977517575
0.018866630998672917
0.003634086999227293
0.0037291990010999143
0.013424407996353693
0.0030638440075563267
0.0166747599869268
0.016497970995260403
0.00817772799928207
0.007162693000282161
0.003719000000273809
0.024082221993012354
0.024314447000506334
0.01498481999442447
0.018655177002074197
0.016869201994268224
0.01389465999091044
0.003047172009246424
0.0054765500099165365
0.012973824006621726
0.030750105011975393
0.023457663992303424
0.0036355509946588427
0.0030559690057998523
0.007108699006494135
0.0038311350072035566
0.02403876799507998
0.01698280099662952
0.0031186289998004213
0.017961315999855287
0.00441019500431139
0.007185276001109742
0.003704763003042899
0.0036033790092915297
0.023426283994922414
0.003077469998970628
0.029154806994483806
0.016023711010348052
0.012792516004992649
0.003047232996323146
0.015931365007418208
0.019193308005924337
0.023237692992552184
0.0028885479987366125
0.022881198005052283
0.0033412559860153124
0.007361563999438658
0.03418853800394572
0.004060926003148779
0.0073143329937011
0.024081871000817046
0.003054186003282666
0.016848593004397117
0.00369194800441619
0.023138050994020887
0.028190147000714205
0.006938734004506841
0.012700821011094376
0.005582052006502636
0.0038232100050663576
0.003630911000072956
0.007863656006520614
0.034666274004848674
0.029888934004702605
0.023322164997807704
0.022716161998687312
0.0379469239996979
0.018175938006606884
0.00394330000563059
0.017472139006713405
0.007185426002251916
0.022972513994318433
0.006028638003044762
0.016611266997642815
0.002918004000093788
0.01778218300023582
0.01550771199981682
0.02320369699737057
0.01834471100301016
0.024304157006554306
0.019363534986041486
0.003844149992801249
0.02282427900354378
0.00388550000207033
0.003756671998417005
0.002718932999414392
0.012796694005373865
0.002970966001157649
0.006931388998054899
0.015075584000442177
0.030643101010355167
0.028800187006709166
0.013630593006382696
0.0247811710141832
0.016519893004442565
0.007254168012877926
0.023301174005609937
0.0036966569896321744
0.030626687992480583
0.002792814004351385
0.03087158799462486
0.03127506199234631
0.037887478989432566
0.023910672010970302
0.0038606309972237796
0.016323315998306498
0.0037953569990349934
0.013563083004555665
0.03011644000071101
0.006609011004911736
0.003615351000917144
0.022675242988043465
0.0036389560118550435
0.013644930993905291
0.02740560298843775
0.0036547570052789524
0.0027506139886099845
0.0138843890017597
0.018408553005428985
0.016219796991208568
0.004208679005387239
0.026897117990301922
0.023015817001578398
0.01911635001306422
0.0038265769981080666
0.022436876999563538
0.01902212000277359
0.004188741004327312
0.022971853002673015
0.02355365800030995
0.018312899992452003
0.02378061300260015
0.0035451169969746843
0.024052694003330544
0.03369928999745753
0.015835229991353117
0.007487516006221995
0.003705032999278046
0.02372859300521668
0.013832519995048642
0.006503408003482036
0.008064611000008881
0.024043747995165177
0.0035207000037189573
0.015848003997234628
0.023769381994497962
0.01639108500967268
0.029949880990898237
0.023340699000982568
0.022492232994409278
0.013183265007683076
0.04698096399079077
0.028883908002171665
0.002873428995371796
0.018607254009111784
0.027045131995691918
0.007396891000098549
0.01233206300821621
0.007248666996019892
0.009096741006942466
0.022695453008054756
0.003922119998605922
0.003509849004331045
0.014880189002724364
0.028121836003265344
0.029124628999852575
0.03316135800560005
0.014028726000105962
0.024549467008910142
0.013735404005274177
0.0028376909904181957
0.018178352009272203
0.029818107999744825
0.007358749004197307
0.0070741630042903125
0.0036969680077163503
0.009170101999188773
0.029891389000113122
0.0038178499962668866
0.023209296996355988
0.004749165003886446
0.016377157997339964
0.002824584997142665
0.023310401011258364
0.04677352600265294
0.02260652200493496
0.016501817997777835
0.008186966995708644
0.02361142799782101
0.016875074012205005
0.018254348004120402
0.04768453200813383
0.03532650899433065
0.007840602993383072
0.0030951040098443627
0.017239032007637434
0.023461471995688044
0.01961699999810662
0.017254059988772497
0.02540356499957852
0.01928062598744873
0.013341167999897152
0.013063175007118843
0.01979156499146484
0.026492531993426383
0.005307826999342069
0.003283063997514546
0.0035237760021118447
0.003419517001020722
0.04389492700283881
0.0036699260090244934
0.007603057005326264
0.0047905240062391385
0.01960155100096017
0.027930659998673946
0.016192605005926453
0.025899564992869273
0.022993314007180743
0.00303752398758661
0.029288211997481994
0.01904367200040724
0.01774267699511256
0.016040342990891077
0.046806960002868436
0.01916613600042183
0.01936685100372415
0.021892673001275398
0.007221305000712164
0.022992441998212598
0.01659335299336817
0.01608857601240743
0.013786611991235986
0.022630867999396287
0.0037881829921389
0.002850725009921007
0.002957589997095056
0.047916378010995686
0.0031264240096788853
0.022115871994174086
0.02747748100955505
0.03769902800559066
0.018604899989441037