0.02602686799946241
0.02614192799956072
0.032697506991098635
0.032555493991822004
0.02577531499264296
0.027474031987367198
0.02589677699143067
0.02654188498854637
0.027241627001785673
0.026519573002588004
0.03252912299649324
0.03193326100881677
0.02716705299098976
0.02637851200415753
0.02898270500008948
0.02769813199120108
0.02696638900670223
0.03382592000707518
0.03407266299473122
0.02976767900690902
0.030699185008415952
0.0329684859898407
0.029509444007999264
0.028011642993078567
0.04597499099327251
0.032717103997129016
0.032288852002238855
0.0318769730074564
0.03248181298840791
0.03308189300878439
0.03275693999603391
0.03347625900642015
0.032301667000865564
0.033886826000525616
0.035191597999073565
0.02846128400415182
0.03521050400740933
0.033749213005648926
0.034841076005250216
0.04048182998667471
0.029697915000724606
0.03346905599755701
0.031680336003773846
0.029920942994067445
0.03373702900717035
0.0175063929928001
0.016698083010851406
0.017340663995128125
0.0297761159890797
0.031435886994586326
0.03869680799834896
0.03534259799926076
0.03186336699582171
0.03099081400432624
0.03303738799877465
0.030274260003352538
0.031577999994624406
0.031017015004181303
0.030461068992735818
0.03008526799385436
0.03206533400225453
0.03263879400037695
0.030053587004658766
0.028921717006596737
0.028179274013382383
0.027831999002955854
0.02850142100942321
0.027698763005901128
0.027857356995809823
0.02793748000112828
0.026383531003375538
0.026000868005212396
0.027511363005032763
0.027851505001308396
0.026506727997912094
0.026084597993758507
0.027213562992983498
0.026810969997313805
0.02592717600055039
0.026108103003934957
0.02669627100112848
0.0293650469975546
0.027299206994939595
0.02813237400550861
0.026440039000590332
0.02666943999065552
0.027562160001252778
0.026715437998063862
0.028108989004977047
0.027146594002260827
0.028325284001766704
0.027120343002025038
0.030428596001002006
0.0367375010100659
0.007622372999321669
0.006659386999672279
0.01127047699992545
0.010709371999837458
0.011409072991227731
0.022279322991380468
0.03335302299819887
0.043297627998981625
0.05946246899839025
0.05407805601134896
0.06857060000766069
0.06120387699047569
0.0641425609937869
0.0702789560018573
0.005109937002998777
0.005075730994576588
0.0049916189891519025
0.005537256001844071
0.004701704005128704
0.0050218270043842494
0.010892573001910932
0.027528456004802138
0.028468167991377413
0.02708662899385672
0.005206421003094874
0.005832802999066189
0.004866379997110926
0.00481969999964349
0.004874114005360752
0.00532112100336235
0.01315651299955789
0.031667871997342445
0.007372164007392712
0.009056682989466935
0.00816861100611277
0.008478062998619862
0.009300209989305586
0.008725017003598623
0.009070799991604872
0.007720700989011675
0.008278231005533598
0.00812456599669531
0.007816526005626656
0.008496658992953598
0.009295229989220388
0.011937526011024602
0.011558689991943538
0.011690182000165805
0.01136926699837204
0.011690703002386726
0.011711451996234246
0.011601923004491255
0.011040826997486874
0.01620888499019202
0.0171068070048932
0.014923249997082166
0.011663861994748004
0.01247336299275048
0.012652375997276977
0.012173769006039947
0.008710138994501904
0.008455729999695905
0.008890494995284826
0.008498162002069876
0.008482110992190428
0.008789029001491144
0.008546364988433197
0.011959628012846224
0.013354362003155984
0.012786665000021458
0.012690358998952433
0.012463363993447274
0.013469483004882932
0.01287828000204172
0.012558747010189109
0.012617429994861595
0.013052563997916877
0.012166985994554125
0.012920761000714265
0.012505675011198036
0.01303195400396362
0.012916503008455038
0.013540498999645934
0.013713631007703952
0.01285670899960678
0.012717411998892203
0.012884151001344435
0.012991747003979981
0.005011588000343181
0.033777967997593805
0.02734601699921768
0.02843560501059983
0.005218614998739213
0.02347828100027982
0.014935853992938064
0.006401453007129021
0.029942855006083846
0.005106399999931455
0.005149281001649797
0.028247634996660054
0.005662224997649901
0.02549962700868491
0.030176212996593677
0.01119306799955666
0.007116113003576174
0.008347402996150777
0.01411025099514518
0.025629936993937008
0.025470170003245585
0.009958060996723361
0.007729617995209992
0.025589468990801834
0.012682464002864435
0.012643440000829287
0.018583637996925972
0.006714122006087564
0.04398299299646169
0.020279539006878622
0.02645474800374359
0.03029724399675615
0.007147903001168743
0.018703196998103522
0.00936331100820098
0.004923708998830989
0.005222523002885282
0.027590394995058887
0.02361812900926452
0.008069239993346855
0.006234371991013177
0.021702466998249292
0.010807409009430557
0.020862976991338655
0.005263801998808049
0.031501012010267004
0.017055749005521648
0.027551088991458528
0.008500016003381461
0.02110435999929905
0.023752086010063067
0.030453543993644416
0.041625331999966875
0.009037246010848321
0.009310590001405217
0.021010740994825028
0.005404962008469738
0.019700318996910937
0.030004963991814293
0.01560662999690976
0.009791541000595316
0.005127240001456812
0.018819330012775026
0.005061363001004793
0.033372170000802726
0.0071292169886874035
0.0060493070050142705
0.006476055001257919
0.005839655001182109
0.008081413005129434
0.010858175999601372
0.0050583379925228655
0.00831314800598193
0.0052180739876348525
0.017907280998770148
0.008535914996173233
0.0052759950049221516
0.008993953000754118
0.020679165012552403
0.015444528995431028
0.023101168000721373
0.0060356610047165304
0.010584732997813262
0.025789862003875896
0.01865714800078422
0.023178105999249965
0.009591969006578438
0.00546138099161908
0.02524253400042653
0.012952923003467731
0.03475076200265903
0.005209817987633869
0.013737957997363992
0.005018590993131511
0.004990146990166977
0.04669224600365851
0.007039325995719992
0.005184007997740991
0.005248011002549902
0.03299125999910757
0.009589875000528991
0.02945229399483651
0.0317444779939251
0.008942133994423784
0.005215198005316779
0.019715948001248762
0.008735797993722372
0.005033089008065872
0.004540014007943682
0.00843016199360136
0.006164588005049154
0.01483965000079479
0.012744954001391307
0.02509619400370866
0.009923273988533765
0.0228140180115588
0.010630049000610597
0.00515480300236959
0.008127512002829462
0.011849848000565544
0.005089095997391269
0.00539791799383238
0.005205079010920599
0.06967431500379462
0.02946133200020995
0.03171495199785568
0.00922377299866639
0.005082242991193198
0.004937735997373238
0.02446411100390833
0.006614831989281811
0.009977928988519125
0.00937600499310065
0.02729984799225349
0.005670750993886031
0.033089327000197954
0.021482074007508345
0.014870970000629313
0.013047082989942282
0.008633411009213887
0.01103246099955868
0.005303708006977104
0.02019344399741385
0.03424834900943097
0.041878977994201705
0.018125329006579705
0.015368272986961529
0.0050779150042217225
0.015627439992385916
0.014853347005555406
0.0064054699905682355
0.014876059009111486
0.0062924140074756
0.017903163010487333
0.014539545009029098
0.008597983993240632
0.010934463003650308
0.012409832008415833
0.03147215700300876
0.02410695700382348
0.00863991399819497
0.010556127002928406
0.04015242800232954
0.0246162229886977
0.009667513993917964
0.02381822300958447
0.01592742500361055
0.005098305002320558
0.006353510994813405
0.012821980999433435
0.012255666006240062
0.02159586201014463
0.0065368119976483285
0.008767759005422704
0.013344463004614227
0.00874582699907478
0.011857283010613173
0.016250464992481284
0.017320604994893074
0.025148474000161514
0.011767620002501644
0.0241868900047848
0.0039949890051502734
0.008778168994467705
0.006432142006815411
0.006249600992305204
0.00522254200768657
0.005769661001977511
0.00546372499957215
1.837499439716339e-05
0.004653861993574537
0.02752157300710678
0.015029472997412086
0.010275538996211253
0.008835378001094796
0.011139936992549337
0.005272879003314301
0.005017780000343919
0.0050365549977868795
0.0052373710059328005
0.005983181006740779
0.005938114001764916
0.0062314059905475006
0.006246846009162255
0.005849985987879336
0.006139078992418945
0.005984433999401517
0.006060858999262564
0.006073974989703856
0.005964825002592988
0.005756737009505741
0.03214929500245489
0.004774944012751803
0.00833997898735106
0.007713137005339377
0.00895766299800016
0.00498408499697689
0.007686176002607681
0.005334226996637881
0.005401183996582404
0.005056394002167508
0.005187204005778767
0.0045609850058099255
0.004541205998975784
0.004801324001164176
0.008257822002633475
0.00825074799649883
0.008022109992452897
0.008728043001610786
0.00865847899694927
0.008358093997230753
0.010223000004771166
0.0050602809933479875
0.007340643991483375
0.004473155000596307
0.0042994130053557456
0.004482534000999294
0.0046240749943535775
0.004540535010164604
0.004510908998781815
0.0046348749892786145
0.004578398002195172
0.004597524006385356
0.004646116998628713
0.004546276002656668
0.005905922007514164
0.006301932007772848
0.005664849988534115
0.005641736002871767
0.0054726020025555044
0.006051290998584591
0.0060600779979722574
0.005975216001388617
0.005993872007820755
0.006716335992678069
0.007737013002042659
0.006856876003439538
0.008312896999996156
0.012223683996126056
0.03263537600287236
0.03479419500217773
0.025802157004363835
0.023300981003558263
0.004409583008964546
0.004247794000548311
0.004437297000549734
0.028434904001187533
0.006172193010570481
0.012094366989913397
0.015097884999704547
0.015003192995209247
0.015296124998712912
0.021872202996746637
0.009163246999378316
0.008134746007272042
0.00451456499285996
0.03886527000577189
0.03650358199956827
0.02175312400504481
0.049385940001229756
0.049386811995645985
0.060983183997450396
0.0586900769994827
0.05934063500899356
0.04897492199961562
0.05045797499769833
0.03944035299355164
0.0481491180107696
0.046065625007031485
0.04458604799583554
0.037367017997894436
0.03816410599392839
0.045869217996369116
0.05016147700371221
0.06498553699930198
0.03975690899824258
0.03682718200434465
0.02960811200318858
0.04142836401297245
0.04056167299859226
0.031684834000770934
0.013850282994098961
0.02053899600286968
0.013362999001401477
0.020773805998032913
0.013431730010779575
0.021770808001747355
0.03368135199707467
0.032988102990202606
0.025579578999895602
0.005154963000677526
0.004928458001813851
0.005061293006292544
0.005025395003031008
0.0048523430014029145
0.024509858994861133
0.02957288500329014
0.022723503992892802
0.03710234099708032
0.03113913799461443
0.03225271200062707
0.03292732700356282
0.04379769699880853
0.04222577299515251
0.029477903997758403
0.03925066901138052
0.004651347000617534
0.034704242993029766
0.035326896992046386
0.029480337994755246
0.02274634799687192
0.029319128996576183
0.02190136699937284
0.023476197005948052
0.023269800993148237
0.029867089993786067
0.029320682006073184
0.020055068991496228
0.025944580003852025
0.026929587998893112
0.03825876799237449
0.029974706005305052
0.029035325002041645
0.029637989995535463
0.0362558469932992
0.034354923001956195
0.025800813993555494
0.03602219000458717
0.029856850000214763
0.023278628999833018
0.0235010640026303
0.023067714006174356
0.02899156100465916
0.029233014007331803
0.02059012399695348
0.027536701993085444
0.028209352007252164
0.029927786003099754
0.028290817004744895
0.03527497700997628
0.03645267500542104
0.025890275996061973
0.033541783996042795
0.004553599996143021
0.004259185996488668
0.004386779997730628
0.00481959999888204
0.02027279499452561
0.02131552500941325
0.029452284012222663
0.030147215991746634
0.020543544000247493
0.027495041998918168
0.00496536900755018
0.004730478991405107
0.004771287000039592
0.004473225999390706
0.004306044997065328
0.004450060994713567
0.004310563992476091
0.004651027004001662
0.0043227580026723444
0.0044789469975512475
0.004337997001130134
0.004283332003979012
0.004457727001863532
0.03625364300387446
0.004212134997942485
0.020678022992797196
0.02956502999586519
0.02825163200031966
0.02057595699443482
0.028257693993509747
0.03084487399610225
0.029549680999480188
0.020837207994190976
0.025791125008254312
0.005755252990638837
0.006240593997063115
0.005953935004072264
0.005327693987055682
0.005121688998769969
0.005433967002318241
0.0574172969936626
0.007014838003669865
0.005856246993062086
0.004974487004801631
0.00518476999423001
0.0357459490041947
0.027262857009191066
0.0351331050042063
0.004839437999180518
0.004860589004238136
0.0045693600113736466
0.004881016997387633
0.004636808997020125
0.004797809000592679
0.004598886996973306
0.004771307008923031
0.004640135986846872
0.0046537019952666014
0.00448042900825385
0.004657268000300974
0.0048733830044511706
0.004756880007334985
0.00477222898916807
0.0049247410061070696
0.004941323000821285
0.004858575004618615
0.004780896008014679
0.00483597100537736
0.0047893209994072095
0.00464550600736402
0.0048452790069859475
0.004662880004616454
0.004809650999959558
0.004470371000934392
0.004801584989763796
0.004495016997680068
0.004980808997061104
0.004528642006334849
0.004810522004845552
0.0043870509980479255
0.004859976994339377
0.027223511002375744
0.034710595005890355
0.039344238000921905
0.031130481002037413
0.004996568997739814
0.004873514000792056
0.004793480009539053
0.004617943006451242
0.004426385989063419
0.0045977150002727285
0.004714929003966972
0.004887740011326969
0.004780884992214851
0.0048261820047628134
0.004526128002908081
0.004689770998083986
0.004582534995279275
0.0044724239996867254
0.004478475995711051
0.004399835001095198
0.004320161999203265
0.0044655910023720935
0.004507552002905868
0.004408421998959966
0.00441300000238698
0.004416355994180776
0.004358695994596928
0.004304873000364751
0.004576864987029694
0.004914691991871223
0.016087922995211557
0.00891214600414969
0.008815421009785496
0.004723254998680204
0.004597193008521572
0.00427382301131729
0.004687296008341946
0.0043100930051878095
0.00445169500017073
0.004587175004417077
0.0044464639940997586
0.053633042000001296
0.05485305000911467
0.04477921800571494
0.047134394000750035
0.05682175498805009
0.04465828598767985
0.04397979599889368
0.004574078993755393
0.004984977000276558
0.04749492400151212
0.0463197310018586
0.025674140997580253
0.004689020002842881
0.03645600099116564
0.016791821995866485
0.00538800899812486
0.0049858489946927875
0.007613585999934003
0.015245909002260305
0.016758518002461642
0.004574209000566043
0.00876791900373064
0.004458127004909329
0.025705341002321802
0.02750740500050597
0.004414223003550433
0.0334933409903897
0.07220288200187497
0.027037704989197664
0.004473516994039528
0.00718588700692635
0.05751259000680875
0.02219039198826067
0.006822479990660213
0.00433705399336759
0.018196685996372253
0.011829408002085984
0.004225049997330643
0.0043601689976640046
0.004208418002235703
0.004711211993708275
0.004082496991031803
0.004306015995098278
0.004290484997909516
0.004119639008422382
0.004625107001629658
0.004232293998938985
0.004195724002784118
0.004153222005697899
0.005748129988205619
0.004950720991473645
0.004208498008665629
0.004258684988599271
0.004175313995801844
0.0047053599992068484
0.00433326700294856
0.0041474609897704795
0.004126460000406951
0.004168410989223048
0.004501981005887501
0.004299081992940046
0.004091063005034812
0.004147311003180221
0.004752571010612883
0.004189101004158147
0.004179121999186464
0.004701302998000756
0.004333477991167456
0.005483453001943417
0.004713757007266395
1.7092999769374728e-05
0.004985348001355305
0.003859029005980119
0.004607792987371795
0.004320423002354801
0.004384485000628047
0.02015562199812848
1.945700205396861e-05
0.00464857199403923
0.005202925007324666
0.005777055994258262
0.0043856879929080606
0.006440026001655497
0.006751112989149988
1.9778002751991153e-05
0.004558790009468794
1.5298996004275978e-05
0.02510150299349334
0.004937175996019505
0.004810352009371854
0.004403111001010984
0.022917114998563193
0.014242535005905665
0.029802675999235362
0.00489593599922955
1.6240999684669077e-05
0.005063657998107374
0.01539794000564143
1.9497994799166918e-05
0.005554838993703015
0.005142257999978028
0.005060302006313577
0.02027860700036399
2.0728999515995383e-05
0.005334375993697904
0.005274962997646071
0.0057235330023104325
0.003955562991905026
0.005030854998040013
1.593100023455918e-05
0.00635369100200478
0.005241147009655833
0.006123348997789435
1.953700848389417e-05
0.0043502100015757605
0.015382089011836797
0.004026419002912007
0.0045042450074106455
0.005257799988612533
0.0056474769953638315
0.009044760998222046
0.0055211949947988614
0.03302900100243278
0.004804039999726228
0.0165431549976347
0.0052645230025518686
0.005447393006761558
0.006414528004825115
0.017684793987427838
2.2734006051905453e-05
0.007082518000970595
0.02593658398836851
0.00472513800195884
0.004619806000846438
0.003912180007318966
0.004732091998448595
0.00404620700282976
0.016730996008845977
0.005102291994262487
0.006485725010861643
0.027480312986881472
0.005200190003961325
0.03605707599490415
2.2814012481831014e-05
0.019416905008256435
0.027919575994019397
1.9416998839005828e-05
1.2142991181463003e-05
1.3105003745295107e-05
0.03587703101220541
0.006425758998375386
0.020619269998860545
0.01645218100748025
0.004848746000789106
0.005754502009949647
0.0042728209955384955
0.004719999007647857
0.004743935001897626
1.910699938889593e-05
0.006969572001253255
1.9907995010726154e-05
1.0029994882643223e-05
0.021171808999497443
2.1651998395100236e-05
1.4196994015946984e-05
0.005390954989707097
0.004112123002414592
0.008123834006255493
0.004868814008659683
0.0051768950070254505
0.00498009700095281
0.006006454990711063
2.223299816250801e-05
0.0048798049974720925
1.5950994566082954e-05
0.010058844010927714
0.005709766992367804
1.610099570825696e-05
0.028728485995088704
0.0047945919941412285
0.004759194009238854
2.1341009414754808e-05
0.006206869991729036
0.0046536919981008396
0.004778089991305023
0.0067245520040160045
0.04901963700831402
0.005987780008581467
0.005692473001545295
0.00510254199616611
2.3073996999301016e-05
0.0047656859969720244
0.005504992994247004
0.004459678995772265
0.004840228997636586
1.9226994481869042e-05
0.005666944009135477
0.005274281997117214
1.589000748936087e-05
0.004283342001144774
0.004792356994585134
0.005048318009357899
0.0056723439920460805
0.004120589001104236
0.0045934970112284645
0.005105318006826565
0.006700626006931998
0.005280474011669867
1.768399670254439e-05
0.005195540012209676
0.006209735001903027
0.0055107139924075454
0.007742613990558311
0.004446163002285175
0.004821373004233465
0.005014923997805454
0.005089457001304254
0.02815143000043463
0.004972712995368056
0.0052053090039407834
0.004538160006632097
0.006764759003999643
0.004785425000591204
0.0051800700020976365
0.005149872988113202
2.3294996935874224e-05
0.0453256360051455
0.005483472996274941
0.021644635999109596
0.0051807220006594434
0.005320669995853677
0.022376830005669035
0.00693322200095281
0.006021763998433016
0.005077674999483861
0.0049426550103817135
0.005024052006774582
0.004950059999828227
0.03288956399774179
0.006131835005362518
0.0065885609947144985
0.004449550993740559
0.004731420005555265
0.0045029729953967035
2.442700497340411e-05
0.00473685099859722
0.009698552996269427
0.004621689993655309
0.005448234995128587
0.004988954999134876
0.02019040798768401
0.005430660996353254
0.005680779999238439
0.01681944499432575
0.006514680004329421
0.004878833002294414
0.031081357010407373
0.00486177000857424
0.005261497004539706
0.005866296007297933
2.5839006411843002e-05
0.00649683500523679
0.005125096009578556
0.005283309001242742
0.005734373989980668
2.5729008484631777e-05
0.005680381000274792
0.004934880998916924
0.0050396519945934415
0.009112169995205477
2.1881991415284574e-05
0.005370957005652599
0.005412757003796287
0.006150481000076979
0.0050262059958186
0.006744770013028756
0.005730716991820373
1.9336992409080267e-05
0.005046254998887889
0.020984258997486904
0.005687985001713969
0.005652277002809569
0.009892294998280704
0.014789773995289579
0.03767798400076572
0.008456943003693596
0.005698875000234693
0.006294807986705564
2.340499486308545e-05
0.02075968901044689
2.026899892371148e-05
0.005665862001478672
0.019072644994594157
0.005525041997316293
0.007745367998722941
0.007103007999830879
0.005408529003034346
0.029634051999892108
0.01631206199817825
0.008358505001524463
0.0048837429931154475
1.9687999156303704e-05
0.005821671002195217
0.005385986005421728
0.0059550870064413175
0.005322875003912486
0.008263052004622295
0.022307507009827532
0.026470978002180345
0.004880275999312289
0.005402508002589457
0.005526915003429167
0.039377963010338135
0.00482266501057893
0.007270257992786355
0.03483442199649289
0.006041732005542144
0.016098932988825254
0.004868192991125397
0.004895114994724281
0.0059998819924658164
0.004851931007578969
0.004987262000213377
0.01581365699530579
0.004950982009177096
0.03406116898986511
2.0538995158858597e-05
1.4107004972174764e-05
0.0047051309957169
0.005143750997376628
0.004967964006937109
0.005410361991380341
0.004855107996263541
0.028913511006976478
2.1792002371512353e-05
0.005531294998945668
0.025657588994363323
0.004687225999077782
0.004711051005870104
0.004564230999676511
0.004945690991007723
0.0045440719986800104
0.006745081002009101
1.6492005670443177e-05
0.006145362000097521
0.005186352995224297
0.004947984998580068
0.004960209000273608
0.006532252999022603
1.982800313271582e-05
0.004048670991323888
0.00651506100257393
0.02098758598731365
0.005738891995861195
0.005320158990798518
0.004278702006558888
0.004048802002216689
0.004749765997985378
0.00528352901164908
0.004958235003869049
0.005247580003924668
0.008487712999340147
0.005377248002332635
0.004723674996057525
0.0052755739889107645
0.005914970010053366
0.029682634994969703
0.005021406002924778
0.03582623400143348
0.004965458996593952
0.004625387999112718
0.03321378500550054
0.005152518002432771
0.005084927994175814
1.7843995010480285e-05
0.0073425970040261745
1.6502002836205065e-05
0.02227603699429892
0.006522393989143893
0.019093505005002953
2.1992003894411027e-05
1.0981006198562682e-05
0.005978020999464206
0.005284851999022067
0.004302068002289161
0.005598482995992526
0.004396299002110027
2.13009916478768e-05
0.006102478990214877
0.004738463991088793
0.00470855699677486
0.020546160012600012
0.016847588995005935
0.005754261001129635
0.004574299993691966
0.006296731997281313
0.007291076995898038
0.005734323000069708
0.005375305991037749
2.7973990654572845e-05
0.004938227997627109
1.8645994714461267e-05
0.006108240995672531
0.006132014998001978
0.01577631599502638
0.004309240990551189
0.0041954030020860955
0.0044195529917487875
0.0050951570010511205
0.01837911499023903
0.019533668004442006
0.005984873991110362
0.038750580002670176
0.03416770399780944
0.004942285988363437
1.8045000615529716e-05
0.004992700996808708
0.004778390997671522
0.004291257006116211
0.007794263001414947
0.004793048996361904
0.018865788995753974
2.038999809883535e-05
0.0053015429875813425
0.005379423004342243
0.004257362990756519
0.00510308300727047
0.009043897996889427
0.005826178996358067
0.005000848002964631
0.0055440279975300655
0.004955369993695058
0.004926705005345866
0.02531990100396797
0.006155070004751906
0.00844864700047765
0.009629962005419657
0.006616164013394155
0.055126295002992265
0.018570963002275676
0.005337533002602868
0.02317729299829807
0.06311022100271657
0.013494921004166827
0.01453863199276384
0.014810823995503597
0.014446226006839424
0.014519646007101983
0.014419233004446141
0.014712345000589266
0.014737895005964674
0.015092073997948319
0.014669203010271303
0.014914172003045678
0.014897309985826723
0.014815793998423032
0.015098065006895922
0.014977724000345916
0.014687397997477092
0.014683008994325064
0.014966422997531481
0.014695874007884413
0.015099677999387495
0.015134475004742853
0.015225648996420205
0.01481227700423915
0.015150356004596688
0.014977955012000166
0.015124194993404672
0.015282088003004901
0.014731671995832585
0.027625361995887943
0.021659594000084326
0.026729454009910114
0.011137421999592334
0.011272309988271445
0.03752503999567125
0.03576944499218371
0.057984462997410446
0.07070534100057557
0.04470671800663695
0.05502252600854263
0.06441297801211476
0.05705096399469767
0.06541037000715733
0.08131481100281235
0.025094048003666103
0.026136045999010094
0.02650054599507712
0.025198518997058272
0.024469771000440232
0.024372555009904318
0.022907927006599493
0.02479545598907862
0.022993421996943653
0.023005805007414892
0.024350312989554368
0.025927435999619775
0.025774473004275933
0.024533914009225555
0.023928944996441714
0.02574253099737689
0.025567275006324053
0.024592838002718054
0.02584780399047304
0.025935200988897122
0.024624818994197994
0.031069093995029107
0.029736538999713957
0.02724833899992518
0.027958008999121375
0.02821949998906348
0.028155287000117823
0.026771384000312537
0.026432445010868832
0.026834414995391853
0.028315744988503866
0.026730434998171404
0.02676668600179255
0.02693833500961773
0.02630994000355713
0.027277645000140183
0.02630741499888245
0.02659652898728382
0.02626547499676235
0.02559259400004521
0.026134803003515117
0.025765625992789865
0.024429184006294236
0.025360809013363905
0.025337975996080786
0.02741846500430256
0.02636918298958335
0.02555345000291709
0.02580983100051526
0.00988295700517483
0.027687410998623818
0.025279463996412233
0.025772880006115884
0.02785154500452336
0.02780088799772784
0.026884381004492752
0.02705549901293125
0.02647311300097499
0.02709434399730526
0.02723512300872244
0.021596653998130932
0.021372533999965526
0.01901110699691344
0.01794347001123242
0.013951586006442085
0.01423607200558763
0.013449303995002992
0.01782838899816852
0.024187571005313657
0.015549289993941784
0.015510484998230822
0.015747400000691414
0.015544670997769572
0.01539469399722293
0.01549504601280205
0.015756356995552778
0.015366299994639121
0.015283850996638648
0.015287588001228869
0.01593306500581093
0.015434811008162796
0.015833094003028236
0.015332875002059154
0.01633473600668367
0.020346035991678946
0.021535055988351814
0.016627007003990002
0.014173783012665808
0.013923072998295538
0.013783324000542052
0.014323139999760315
0.014852123000309803
0.014245019003283232
0.013765310010057874
0.014070213990635239
0.014060857007279992
0.013872915995307267
0.027148517008754425
0.010229021005216055
0.01022634499531705
0.009989319994929247
0.01013906799198594
0.010763796002720483
0.010966704998281784
0.011789572003181092
0.012253942011739127
0.012710438008070923
0.012155964999692515
0.010424904990941286
0.011055965005652979
0.01137899499735795
0.011462034002761357
0.011386629994376563
0.011313840004731901
0.011084981000749394
0.011337725998600945
0.011279353988356888
0.011117333997390233
0.011383213000954129
0.011314069997752085
0.011589468995225616
0.011366400998667814
0.011654372996417806
0.011288482011877932
0.011534221994224936
0.011401739000575617
0.011398933012969792
0.011293992007267661
0.011461223009973764
0.01167924000765197
0.011472674988908693
0.011296776996459812
0.011492541991174221
0.011447255004895851
0.011282019011559896
0.01164883300953079
0.011406468009226955
0.011284634005278349
0.01121221500216052
0.011004045998561196
0.010784425001475029
0.011078118011937477
0.010944301990093663
0.01125714200315997
0.01104026599205099
0.011226983988308348
0.010850252001546323
0.010555236003710888
0.010718128003645688
0.010741883001173846
0.011041869001928717
0.010838588001206517
0.009673214997746982
0.010704972999519669
0.009859851998044178
0.010383065993664786
0.009838351004873402
0.010410007002064958
0.009880211990093812
0.010524696990614757
0.010104742003022693
0.010970741990604438
0.010858768000616692
0.010761040000943467
0.010996911994880065
0.011828517002868466
0.010797800990985706
0.011413040003390051
0.011713066007359885
0.01069815999653656
0.010887291995459236
0.010434072988573462
0.010060046988655813
0.010705663997214288
0.01012264599557966
0.010265821008943021
0.011052920002839528
0.010494239002582617
0.010440024998388253
0.010943731002043933
0.010511892003705725
0.01074705300561618
0.0132888170046499
0.013223961999756284
0.012239453993970528
0.01339913799893111
0.013070638000499457
0.012454647003323771
0.012391216005198658
0.012369103002129123
0.01224007600103505
0.01278194501355756
0.01253525199717842
0.013599192010588013
0.012962761000380851
0.013798593994579278
0.012184409002657048
0.01195744400320109
0.012458363999030553
0.013258578997920267
0.013649177009938285
0.013297323006554507
0.013262576001579873
0.013582979998318478
0.013642395002534613
0.013586347005912103
0.01350155399995856
0.013054626993834972
0.013368589003221132
0.013469812998664565
0.026398539004730992
0.026663267010007985
0.026275393000105396
0.026360195013694465
0.026308996995794587
0.02634281199425459
0.025727553002070636
0.026272978997440077
0.025802846997976303
0.025622711997129954
0.02601518500887323
0.02498131299216766
0.02432747899729293
0.025244667995139025
0.023493981003412046
0.02627110500179697
0.02569859698996879
0.025516578010865487
0.02653160400222987
0.0266905600001337
0.026399962007417344
0.026649901003111154
0.026686811994295567
0.02519990099244751
0.02509611200366635
0.026839234997169115
0.02504477401089389
0.025904281006660312
0.026344105004682206
0.026522767002461478
0.026118712004972622
0.02359168899420183
0.0243340309971245
0.023682993996771984
0.023936169003718533
0.023754920999635942
0.02474867600540165
0.025626620001276024
0.024415376989054494
0.024367985999560915
0.024127486001816578
0.02359208899724763
0.02361640500021167
0.02389387799485121
0.02432728899293579
0.02372375199047383
0.02352668398816604
0.02395503400475718
0.024146661991835572
0.02452761199674569
0.024504107001121156
0.025223166987416334
0.02557430899469182
0.025291876998380758
0.025863865012070164
0.025186085011227988
0.026195539991022088
0.02598807199683506
0.025145306004560553
0.026103252996108495
0.02513488699332811
0.02739462800673209
0.02469369099708274
0.023673204006627202
0.023631966003449634
0.02426886600733269
0.02355890600301791
0.02471477100334596
0.026424910000059754
0.026344967001932673
0.024905597005272284
0.02449832600541413
0.026139061999856494
0.024086186997010373
0.024119349996908568
0.026385664998088032
0.02635759100667201
0.025779292001971044
0.02605427900562063
0.025576603002264164
0.02643348700075876
0.026377608999609947
0.02628825799911283
0.0265000140061602
0.025907688002916984
0.026180941989878193
0.026876625008299015
0.026151184996706434
0.026301061996491626
0.02637796000635717
0.02642491900769528
0.02565708800102584
0.026694134998251684
0.026365595986135304
0.02652858900546562
0.026483452005777508
0.026865524996537715
0.026236598001560196
0.02613631699932739
0.025920432002749294
0.026117380999494344
0.02614900001208298
0.025738363998243585
0.02560229299706407
0.025734655995620415
0.0258763279998675
0.02632493899727706
0.02651921998767648
0.026685780001571402
0.026070701002026908
0.026455429004272446
0.026230556002701633
0.02624393299629446
0.02640241599874571
0.02693612899747677
0.026184368995018303
0.02638488300726749
0.026384532990050502
0.02674236800521612
0.025948897993657738
0.02161726298800204
0.02123859700805042
0.02135947800707072
0.021353597010602243
0.021468598002684303
0.021189052000408992
0.021306087000994012
0.021200873990892433
0.012802544006262906
0.012850314989918843
0.015951351000694558
0.01316071099427063
0.012726909000775777
0.011650596003164537
0.012071873003151268
0.012064488997566514
0.012155563003034331
0.012521133990958333
0.011388743994757533
0.012226589999045245
0.012506667000707239
0.012774620001437142
0.012615083993296139
0.013017236007726751
0.013706427009310573
0.013824383000610396
0.012737129000015557
0.012611678001121618
0.012141697006882168
0.012811971988412552
0.012680369996814989
0.012291805003769696
0.012738261997583322
0.012183888000436127
0.012449387009837665
0.012165723004727624
0.009847588997217827
0.017890288989292458
0.017980700999032706
0.01923540700227022
0.019611958996392787
0.0144026420020964
0.02007107899407856
0.01396907000162173
0.023501044008298777
0.032886297994991764
0.02876064699376002
0.030065699000260793
0.03346757098915987
0.021861140005057678
0.01520927700039465
0.024272453010780737
0.021134918002644554
0.021672680013580248
0.0036173050029901788
0.01861265199841
0.0034578990016598254
0.02314548300637398
0.014038923996849917
0.016643256996758282
0.012269332000869326
0.01800342500791885
0.020262696998543106
0.022702112997649238
0.01432308899529744
0.020168635994195938
0.01938866000273265
0.018552927998825908
0.02516422299959231
0.024919243005570024
0.01022081499104388
0.03406877399538644
0.021351634000893682
0.02043696999317035
0.027440445992397144
0.01605274599569384
0.017973606998566538
0.0034052789997076616
0.018724936991930008
0.015275744997779839
0.020635961991501972
0.01506211599917151
0.00717417401028797
0.011755605999496765
0.007787709997501224
0.020500752987572923
0.011628883992671035
0.020919686008710414
0.010584360992652364
0.037674856997909956
0.025886076997267082
0.010618045998853631
0.012059057989972644
0.012161284990725107
0.027012906997697428
0.01613500299572479
0.014902017996064387
0.018435502992360853
0.028801575012039393
0.02330817400070373
0.012892345999716781
0.020917682006256655
0.007428832002915442
0.026372128995717503
0.025931944997864775
0.022832672999356873
0.0033026510063791648
0.013298564997967333
0.013092038003378548
0.011123074000352062
0.02835664300073404
0.03529991400137078
0.018654883999261074
0.00988807700923644
0.020556149000185542
0.015223173992126249
0.009191842007567175
0.012946639995789155
0.019429529012995772
0.020723109002574347
0.010019879991887137
0.019829425000352785
0.02145731599011924
0.012087552997400053
0.013545107998652384
0.021196305999183096
0.025835159001871943
0.0172353119996842
0.020407524003530852
0.027628448005998507
0.023706508000032045
0.0034601330116856843
0.02406504499958828
0.011895235002157278
0.011625747996731661
0.021061677995021455
0.025093087009736337
0.015421445001265965
0.021145688006072305
0.014054895000299439
0.025784010998904705
0.01190680600120686
0.007519254999351688
0.02417448500636965
0.01776481700653676
0.010742585000116378
0.022006449013133533
0.01601339000626467
0.01448248499946203
0.013206197996623814
0.021067559006041847
0.013680115996976383
0.018639743997482583
0.012837079993914813
0.020162312997854315
0.027664467008435167
0.011619526005233638
0.011869845999171957
0.022886245991685428
0.012075209990143776
0.01397426999756135
0.011246351001318544
0.007474479003576562
0.03933704399969429
0.021091764996526763
0.021343548010918312
0.02041570899018552
0.017667390013230033
0.014706803995068185
0.018959346998599358
0.020578761992510408
0.04254226799821481
0.01321206899592653
0.01957109999784734
0.017215544008649886
0.01773608199437149
0.025166467996314168
0.03489040900603868
0.021069021997391246
0.019238463006331585
0.02595104200008791
0.012635674007469788
0.014742503000888973
0.019855585996992886
0.019844423994072713
0.05231155699584633
0.01953335799043998
0.03694557899143547
0.025162248988635838
0.012684055996942334
0.003132345009362325
0.02236282199737616
0.01648295899212826
0.013607276996481232
0.020066500001121312
0.011017882003216073
0.01870817599410657
0.018150677002267912
0.03199001900793519
0.019030533992918208
0.028867020999314263
0.02033318100438919
0.02059812899096869
0.016257648007012904
0.016502076003234833
0.022354044995154254
0.02241345999937039
0.010495791007997468
0.020891020001727156
0.007387833000393584
0.020873667002888396
0.02277579299698118
0.01749179400212597
0.02323245900333859
0.020705604998511262
0.013425158002064563
0.011870486996485852
0.02094115699583199
0.024081276002107188
0.012533599001471885
0.0133183230063878
0.015625967003870755
0.020545829000184312
0.02691809501266107
0.02023506299883593
0.020382606002385728
0.01321060700865928
0.0036981699959142134
0.007222145010018721
0.00724358600564301
0.020395029001520015
0.0033090640063164756
0.017818070002249442
0.018248976004542783
0.021483475997229107
0.02091440600634087
0.019145022990414873
0.01409292800235562
0.011121973002445884
0.032296545992721803
0.015291535994037986
0.013783123999019153
0.010349430987844244
0.016747647008742206
0.04219384101452306
0.017667641004663892
0.012686571993981488
0.010635961007210426
0.014339920991915278
0.020687310010544024
0.011527439011842944
2.6861991500481963e-05
0.049061886995332316
0.007646468991879374
0.019793817002209835
0.009062804005225189
0.01203463198908139
0.014200324003468268
0.015497781001613475
0.036666503991000354
0.01780539499304723
0.020825654995860532
0.012462842991226353
0.019180490999133326
0.012132710005971603
0.013004110005567782
0.021183079996262677
0.019271534998551942
0.029067055002087727
0.007874777002143674
0.014938067994080484
0.014648923999629915
0.021885697991820052
0.025375517987413332
0.010859809000976384
0.036108273998252116
0.018995837002876215
0.010768724998342805
0.011035946998163126
0.012035834006383084
0.01866449200315401
0.034909093999885954
0.006577339008799754
0.013175419007893652
0.0032136109948623925
0.027522794000105932
0.012451039990992285
0.013395310001214966
0.014904042007401586
0.0031608490098733455
0.01903897999727633
0.015255325997713953
0.013964361001853831
0.021541587004321627
0.013556199002778158
0.006981894999626093
0.01965863798977807
0.028429782993043773
0.021111893001943827
0.02196917700348422
0.013320676996954717
0.02163957600714639
0.02312071500637103
0.01025124300213065
0.016073524006060325
0.02487113099778071
0.023399198995321058
0.023801640010788105
0.01220792400999926
0.014167951987474225
0.036082133010495454
0.008818346002954058
0.014268814993556589
0.019420771990553476
0.018912678002379835
0.012356228005955927
0.023629439994692802
0.027217348993872292
0.016072914004325867
0.00932870400720276
0.011983934993622825
0.022024592995876446
0.02240684599382803
0.02426127198850736
0.020306270002038218
0.019673396003781818
0.02132670501305256
0.022707362004439346
0.016594082000665367
0.015141306997975335
0.0344500950013753
0.035040445989579894
0.018144795001717284
0.019550120006897487
0.02493462199345231
0.0034677680087042972
0.003248427005019039
0.010891099998843856
0.04906998299702536
0.013117506998241879
0.012267047000932507
0.020606484991731122
0.022347172009176575
0.013313313000253402
0.025614314989070408
0.014834558998700231
0.020109873003093526
0.01976238600036595
0.013768716002232395
0.019927122004446574
0.003347448000567965
0.0034012300020549446
0.010077740007545799
0.013285098990309052
0.01567091199103743
0.020534145995043218
0.012600386995472945
0.01626914000371471
0.020434475009096786
0.02580812700034585
0.024304584992933087
0.026708192002843134
0.02302554200286977
0.003599510993808508
0.022212933996343054
0.02299800999753643
0.027950093994149938
0.016505863997736014
0.00783511099871248
0.022123072005342692
0.012653828001930378
0.011386479003704153
0.015522447996772826
0.021405646999482997
0.014126943002338521
0.027804164012195542
0.025813877990003675
0.023939303995575756
0.016672372992616147
0.020770078001078218
0.02054724100162275
0.018508613007725216
0.027236615991569124
0.013952548993984237
0.02241235699329991
0.03454647900070995
0.020523605999187566
0.022004054000717588
0.02335954199952539
0.0099098380014766
0.015413319008075632
0.013443022005958483
0.016946157003985718
0.014594428997952491
0.015192636012216099
0.020251174006261863
0.01681105900206603
0.013520268999855034
0.021571845005382784
0.022611668988247402
0.015416173991980031
0.012181944999611005
0.02036948999739252
0.021835121006006375
0.01865792898752261
0.003670687001431361
0.017465352997533046
0.015107091996469535
0.020868396997684613
0.02180764699005522
0.01246756200271193
0.03684825199889019
0.012359685002593324
0.02693980699405074
0.02187220100313425
0.015147277998039499
0.003663544004666619
0.022013763009454124
0.011255047007580288
0.011315953990560956
0.027261764000286348
0.013822558990796097
0.021198208996793255
0.014226102997781709
0.013992484993650578
0.02335510400007479
0.011365879996446893
0.012133281008573249
0.011196013991138898
0.015573166005196981
0.011811383999884129
0.020633997992263176
0.022466390990302898
0.009822902007726952
0.02382806000241544
0.0270984709932236
0.038660517006064765
0.02177931299956981
0.016909556987229735
0.016650190998916514
0.016192373004741967
0.015044461993966252
0.011248405004153028
0.021465390993398614
0.01762065099319443
0.025734955997904763
0.023387305991491303
0.021107936001499183
0.012788356994860806
0.0807090479938779
0.021575883001787588
0.04525644199748058
0.050998038990655914
0.00966121201054193
0.029523089004214853
0.02243604199611582
0.02893119399959687
0.022512349009048194
0.02901584599749185
0.02241037299972959
0.028905054001370445
0.02501774199481588
0.02220917699742131
0.027331788005540147
0.02085723599884659
0.027506874001119286
0.022439699998358265
0.022048448998248205
0.02959664999798406
0.03039466000336688
0.02769688901025802
0.02744665800128132
0.02792358200531453
0.0130897849885514
0.011995306005701423
0.012423556996509433
0.012114765995647758
0.019902575004380196
0.02195064100669697
0.024419314999249764
0.020081247988855466
0.04511842699139379
0.037506474007386714
0.03668609099986497
0.032664682003087364
0.04430456600675825
0.03586902499955613
0.035543520003557205
0.033639700995991006
0.0413083729945356
0.03338131500640884
0.03588996399776079
0.032802606001496315
0.041635500005213544
0.03642271598801017
0.03652024299663026
0.034884016000432894
0.04475190400262363
0.03590794900082983
0.03526658900955226
0.04835685499710962
0.04661271200166084
0.041649777005659416
0.05439466099778656
0.043173848011065274
0.04456511599710211
0.04300746000080835
0.05164951800543349
0.042867992000537924
0.046378312006709166
0.04441253400000278
0.05345808499259874
0.04440588000579737
0.043968382000457495
0.042868773991358466
0.05236541999329347
0.04290213799686171
0.04240477400890086
0.03719947500212584
0.03437114300322719
0.04410901200026274
0.03498577199934516
0.03797513199970126
0.03572941699530929
0.043716739004594274
0.03504256000451278
0.03679470000497531
0.035677798005053774
0.04216303100110963
0.03617926900915336
0.036463374010054395
0.03559039099491201
0.042141500001889654
0.03492832099436782
0.03419029599172063
0.03512056000181474
0.0431426389986882
0.03704222399392165
0.03311472400673665
0.03438602198730223
0.0430604819994187
0.03773870899749454
0.03584608000528533
0.03630427899770439
0.04603825000231154
0.03781804100435693
0.037006786005804315
0.03677786700427532
0.04562673199689016
0.035786937005468644
0.0358525030023884
0.028653020999627188
0.034930845999042504
0.02802827299456112
0.03611296298913658
0.029316632004338317
0.03834744599589612
0.027344992995494977
0.026304058003006503
0.03841312200529501
0.03908088199386839
0.043305971994413994
0.02959488600026816
0.02973491400189232
0.03668276499956846
0.02917810800136067
0.02781480399426073
0.02937967398611363
0.014017051988048479
0.016123290013638325
0.012854172993684188
0.021779884991701692
0.019828153002890758
0.02032542700180784
0.04303154599620029
0.03607572100008838
0.03571038000518456
0.03668006000225432
0.04538666999724228
0.04388711600040551
0.0454445919895079
0.035310184000991285
0.04885094201017637
0.03546812600689009
0.034269819007022306
0.03513889499299694
0.04463554100948386
0.036167457001283765
0.03438969900889788
0.04436343000270426
0.045441866997862235
0.04595975000120234
0.06774738799140323
0.06168577799689956
0.05179369400138967
0.04366279499663506
0.055436066002584994
0.04576618899591267
0.047197452004184015
0.04541925400553737
0.05707459800760262
0.04605666499992367
0.04625513599603437
0.031847434991505
0.03820511300000362
0.03469588598818518
0.044536379995406605
0.03576035599689931
0.03681921599491034
0.03505961199698504
0.04577324200363364
0.03671184999984689
0.03433014500478748
0.03614252900297288
0.04603898098866921
0.036757819005288184
0.03748567300499417
0.037046380995889194
0.046310331992572173
0.03749998100101948
0.039036967005813494
0.03774009099288378
0.046461341000394896
0.03800542000681162
0.03859494099742733
0.03783238799951505
0.045539623009972274
0.038281398999970406
0.04194996198930312
0.02846348800812848
0.02217790699796751
0.029324217000976205
0.022916574002010748
0.028700391994789243
0.02052566000202205
0.022018602001480758
0.028864496009191498
0.02318182200542651
0.028547096997499466
0.022652647996437736
0.02257911600463558
0.029302435999852605
0.028947794999112375
0.03719807299785316
0.02979886699176859
0.03584490799403284
0.029347681993385777
0.02913146799255628
0.036100679004448466
0.029228514002170414
0.03557903799810447
0.04086757700133603
0.03839169100683648
0.036754843007656746
0.02953277800406795
0.030155690998071805
0.01320668900734745
0.012836277994210832
0.043280733996653
0.03652626401162706
0.03883513101027347
0.03631020001193974
0.043786021997220814
0.035395696002524346
0.03597765299491584
0.03315189499699045
0.04440574000182096
0.03759816900128499
0.03592119400855154
0.045592424998176284
0.04555819000233896
0.04462714500550646
0.055263686008402146
0.044820084993261844
0.04504193000320811
0.04488897600094788
0.054943000999628566
0.04567813000176102
0.045767290008370765
0.03862044900597539
0.03756047699425835
0.045932677006931044
0.036154881992843
0.03690311699756421
0.03703990900248755
0.04535591100284364
0.0372101550019579
0.03781118799815886
0.037440187006723136
0.04673662800632883
0.03760192700428888
0.03663690599205438
0.037132657002075575
0.046659350002300926
0.03763409800012596
0.03906147500674706
0.02967181299754884
0.022716519990353845
0.029731217000517063
0.02297617800650187
0.02281451699673198
0.029454627001541667
0.023121506004827097
0.02933739199943375
0.02203624599496834
0.02097759599564597
0.026971997998771258
0.027034056998672895
0.028658862007432617
0.03673054699902423
0.029324458009796217
0.02949874199111946
0.036826128998654895
0.029521054995711893
0.03703586199844722
0.02944252399902325
0.029539069000747986
0.0371743159921607
0.013427402009256184
0.04463763399689924
0.036823625006945804
0.03622182000253815
0.036068778004846536
0.045045937004033476
0.037408696007332765
0.037096116997417994
0.04619693401036784
0.046940279004047625
0.04537619098846335
0.05497351899975911
0.04579832899617031
0.04533423999964725
0.03779048800060991
0.03742608899483457
0.04556823799794074
0.037884056990151294
0.03777504799654707
0.03807231799873989
0.0468701339996187
0.03795366999111138
0.03853726999659557
0.029767205996904522
0.022697704000165686
0.02209231299639214
0.028649172993027605
0.02237188900471665
0.02882204500201624
0.022407027005101554
0.0209585389966378
0.027731554000638425
0.02737121400423348
0.0287852540059248
0.03708050699788146
0.029614764003781602
0.036569757998222485
0.029588524004793726
0.02977559198916424
0.03676433001237456
0.02194386899645906
0.022475117002613842
0.04389067299780436
0.03651565400650725
0.0379855920036789
0.04630455000733491
0.04535427800146863
0.037827017993549816
0.006981543992878869
0.0063369389972649515
0.006316058002994396
0.006979049008805305
0.006522413998027332
0.006587207986740395
0.020713639998575673
0.029497048002667725
0.02261445499607362
0.029155974989407696
0.022209096990991384
0.02219567100109998
0.029442573999403976
0.021542177986702882
0.02958421599760186
0.022647887002676725
0.02916599399759434
0.0228913350001676
0.02299867100373376
0.02833541099971626
0.028743734990712255
0.036568374998751096
0.029525423000450246
0.029040894005447626
0.03585434598790016
0.027347568000550382
0.02233870500640478
0.0219406020041788
0.027622124005574733
0.028809680996346287
0.028990247010369785
0.03590315001201816
0.022097273002145812
0.028859124999144115
0.029144693005946465
0.013870571012375876
0.03754371499235276
0.00814588600769639
0.03447045299981255
0.00424521800596267
0.023551600010250695
0.05861014100082684
0.029619672990520485
0.018689970995183103
0.03238495500409044
0.0053628309979103506
0.028740388006553985
0.03269819500565063
0.02167377099976875
0.03659300300932955
0.021541335998335853
0.03151439598877914
0.020694321996415965
0.036079648009035736
0.01809445899561979
0.008328014999278821
0.020816727002966218
0.006815726010245271
0.022188867995282635
0.007366302001173608
0.03200741100590676
0.04564013599883765
0.007482074011932127
0.04478897499211598
0.004281086003175005
0.034259257998201065
0.05412615400564391
0.020450315001653507
0.005302726000081748
0.007335552989388816
0.004739645999507047
0.02711214699957054
0.03221597099036444
0.0364169749955181
0.0200978190114256
0.004417459000251256
0.007425714997225441
0.03677458000311162
0.04282841600070242
0.01974227798928041
0.024775858008069918
0.028044414008036256
0.030863298001349904
0.00837831299577374
0.007958267000503838
0.035350719990674406
0.06454998800472822
0.007333649991778657
0.019806750991847366
0.007375519009656273
0.018953345002955757
0.021132883004611358
0.026288538007065654
0.038033543998608366
0.03189845199813135
0.020349551996332593
0.0347695759992348
0.045180815999628976
0.0316920160112204
0.028828266003984027
0.02905061299679801
0.029043409012956545
0.01679745299043134
0.03734648699173704
0.022795050012064166
0.03154866100521758
0.02919536999252159
0.03422580400365405
0.010163614002522081
0.028398773007211275
0.003885819998686202
0.004274755003280006
0.022545341998920776
0.03458338900236413
0.02036706599756144
0.02716198099369649
0.01053781301015988
0.05293956000241451
0.022513841002364643
0.02546329599863384
0.0077929190010763705
0.02429356300854124
0.007143114009522833
0.006740381999406964
0.007960650997119956
0.029034241000772454
0.03796339899417944
0.007211385003756732
0.04237410500354599
0.020826045001740567
0.03623245099151973
0.036328675007098354
0.008011088008061051
0.02024426001298707
0.038101933998405
0.036552224002662115
0.03302349899604451
0.053539589993306436
0.015841569998883642
0.03185030000167899
0.0275084360036999
0.02704622999590356
0.005225959001109004
0.007243675994686782
0.02774736500578001
0.020198472004267387
0.017065054998965934
0.00692292200983502
0.02687959100876469
0.007815703997039236
0.007879825992858969
0.020723759997054003
0.005209578011999838
0.02111932799743954
0.022987739997915924
0.022524471001815982
0.020378336994326673
0.007437299005687237
0.032198207001783885
0.03100130200618878
0.024537970995879732
0.027661931002512574
0.02322443299635779
0.020435577011085115
0.0053496350010391325
0.009168487013084814
0.01628576200164389
0.03550006700970698
0.028476250998210162
0.0071729310002410784
0.0047920560027705505
0.018421725995722227
0.007870668996474706
0.029678856997634284
0.019748108999920078
0.0046819559938739985
0.02283816300041508
0.010737125005107373
0.01943552900047507
0.007558480996522121
0.006624058005400002
0.027724640996893868
0.005100036985822953
0.036354003997985274
0.022374613996362314
0.01650567199976649
0.004677397009800188
0.02312866000283975
0.026649210005416535
0.028516118007246405
0.004665934990043752
0.027795727000921033
0.006812188992626034
0.019926720997318625
0.03882979000627529
0.009364653000375256
0.019867798007908277
0.03153165899857413
0.004990417000954039
0.021868914001970552
0.00734172499505803
0.028620839002542198
0.03330224299861584
0.019507356992107816
0.017105001999880187
0.008007210999494419
0.007632703011040576
0.007059764000587165
0.023162575002061203
0.03962854099518154
0.035627611010568216
0.030268387010437436
0.027923401998123154
0.04333496700564865
0.02482743700966239
0.007774113997584209
0.02303007000591606
0.018495697993785143
0.025810311009990983
0.010000622001825832
0.01945024800079409
0.004273642989574
0.023172212997451425
0.01900282000133302
0.026882195001235232
0.02670016601041425
0.031628204000298865
0.025666385001386516
0.008226439997088164
0.027393234995543025
0.007787809998262674
0.007788011003867723
0.004226892997394316
0.015690088999690488
0.004802397001185454
0.01760822700452991
0.019281864995718934
0.03636764000111725
0.036349525005789474
0.01704832399263978
0.03242730599595234
0.02225173900660593
0.01852976299414877
0.02610904299945105
0.007689631995162927
0.03347526499419473
0.004199992006761022
0.033502708000014536
0.033364813003572635
0.041574861999833956
0.029556391993537545
0.008059080006205477
0.022244974999921396
0.008203215998946689
0.019897304999176413
0.03393583699653391
0.011375557995052077
0.006935094992513768
0.02660183800617233
0.007579982004244812
0.019560899992939085
0.03173089100164361
0.007404484989820048
0.00414007599465549
0.020210565999150276
0.024942636999185197
0.02607697200437542
0.009242397994967178
0.03248214100312907
0.027556668006582186
0.025975718002882786
0.008521216004737653
0.02780334099952597
0.02515971299726516
0.009585477004293352
0.02678621200902853
0.0319308139878558
0.02525222100666724
0.03431247999833431
0.007982754003023729
0.031023995994473808
0.03966346799279563
0.021138203010195866
0.01998987200204283
0.007909652995294891
0.029946310009108856
0.01737666199915111
0.01203087400062941
0.023601697001140565
0.02762381700449623
0.007233978001750074
0.02370335099112708
0.030501543995342217
0.021976520991302095
0.038550635013962165
0.030364500998985022
0.02905141399241984
0.019946658998378552
0.053336190001573414
0.03381889400770888
0.004618292994564399
0.026573563998681493
0.0339738509937888
0.02087913700961508
0.017006381996907294
0.020021422998979688
0.015612629998940974
0.027629417993011884
0.008361258995137177
0.007085283999913372
0.020297973009292036
0.034121643999242224
0.03628887899685651
0.039782095002010465
0.02017305300978478
0.031861040988587774
0.017805433992180042
0.004219348993501626
0.0230293999920832
0.03555648500332609
0.018432545999530703
0.017903471991303377
0.008553327003028244
0.016029409991460852
0.036548647010931745
0.008099918995867483
0.028990286999032833
0.011565030989004299
0.02295942499767989
0.004387000997667201
0.02667433599708602
0.04996407600992825
0.027847345001646318
0.020479190003243275
0.02275219799776096
0.03144177599460818
0.020882073004031554
0.02428057799988892
0.052708236005855724
0.044663643988315016
0.02110869699390605
0.004944379004882649
0.021214540000073612
0.0280572880001273
0.02708545498899184
0.02099474798887968
0.030959412004449405
0.02516815900162328
0.018841961995349266
0.0160423439956503
0.02360198700625915
0.0286809139943216
0.007382833005976863
0.0066816890030168
0.006875531005789526
0.007499708008253947
0.04357808300119359
0.007443169000907801
0.01770906000456307
0.007849098008591682
0.023939635007991455
0.033981675005634315
0.02148715200019069
0.03212389399413951
0.028328858999884687
0.004905234003672376
0.03704979699978139
0.02643045900913421
0.025012962010805495
0.020003398007247597
0.051278434999403544
0.0239043670007959
0.028149805002612993
0.024986481002997607
0.01896746299462393
0.026343202000134625
0.02058273799775634
0.023656049990677275
0.020875450005405582
0.027556957997148857
0.00829923000128474
0.0045390710001811385
0.005073477004771121
0.053929017012706026
0.0054058930109022185
0.028485239003202878
0.03315687400754541
0.0440143190062372
0.026249864007695578