0.02601047800271772
0.02807886400842108
0.032534046011278406
0.03239006000512745
0.027491447995998897
0.026945781006361358
0.026641017000656575
0.028577689998201095
0.027853271007188596
0.02814146300079301
0.034116438997443765
0.03420767400530167
0.028647483995882794
0.0294848800112959
0.027982137995422818
0.027126378001412377
0.028457009000703692
0.03357528199558146
0.034517317995778285
0.029147081993869506
0.029345721995923668
0.03147030599939171
0.03052245799335651
0.02988436601299327
0.051576956000644714
0.03531750199908856
0.032934172995737754
0.03267176898953039
0.03362822299823165
0.03313971600437071
0.033358225991833024
0.03526462000445463
0.03396861600049306
0.03932377300225198
0.03558780098683201
0.029572326995548792
0.03322555100021418
0.038470637999125756
0.03057067099143751
0.030346189989359118
0.03192115999991074
0.03064939299656544
0.029691906995140016
0.0325808049965417
0.031080899003427476
0.017316148994723335
0.01679499000601936
0.02158105600392446
0.04275759599113371
0.04121327499160543
0.02962157200090587
0.02999685099348426
0.030018442004802637
0.033522048994200304
0.03162809899367858
0.030690681000123732
0.02949265499773901
0.029340391993173398
0.030507579998811707
0.030715218003024347
0.03030640399083495
0.03319863999786321
0.039610061008716
0.03799996498855762
0.026556775002973154
0.024340557007235475
0.024506533998646773
0.02455687100882642
0.025089642993407324
0.02527852500497829
0.02520824999373872
0.025919884006725624
0.025274436993640848
0.024613460002001375
0.025944491993868724
0.0273622289969353
0.028064776997780427
0.02690571401035413
0.02778576099080965
0.027299310007947497
0.027562132992898114
0.02766743500251323
0.027621877990895882
0.027562955001485534
0.02753513099742122
0.02689138699497562
0.02776802799780853
0.02791304599668365
0.026845688989851624
0.025734198992722668
0.02661044900014531
0.026416325999889523
0.029085943999234587
0.035583391989348456
0.007300696990569122
0.006844822986749932
0.01014383700385224
0.01048042401089333
0.011326695996103808
0.02346266400127206
0.03432713300571777
0.04196479699749034
0.06192167800327297
0.053335036005591974
0.06931918099871837
0.06358285300666466
0.07070911600021645
0.07084723099251278
0.005211732001043856
0.005208956004935317
0.00527426200278569
0.005252549992292188
0.0050451520073693246
0.005172496996237896
0.010642684996128082
0.027590106998104602
0.02780193199578207
0.029587185999844223
0.005221650993917137
0.004936924990033731
0.004856942003243603
0.005035684007452801
0.004934320008032955
0.005140945999301039
0.013938482996309176
0.03161812000325881
0.0077992329897824675
0.007858236000174657
0.007392822997644544
0.00769749800383579
0.00778246000118088
0.008289242992759682
0.008272199003840797
0.008295424006064422
0.007822788000339642
0.008406588007346727
0.00790995500574354
0.007815182994818315
0.008228706996305846
0.007880228004069068
0.007943460004753433
0.008279674002551474
0.007772151002427563
0.008036047001951374
0.008491139000398107
0.00801601899729576
0.007905456994194537
0.01135450899892021
0.011393043008865789
0.011683680000714958
0.011571183989872225
0.011202837995369919
0.011585461994400248
0.011403983997297473
0.008192916997359134
0.00785274599911645
0.0072659610013943166
0.007210914991446771
0.007338921001064591
0.007153956001275219
0.007631931992364116
0.011186848001671024
0.011613927010330372
0.011632773006567731
0.012247461010701954
0.012041907000821084
0.01131045499641914
0.012271728002815507
0.011879655998200178
0.012212433997774497
0.012402469001244754
0.012013041006866843
0.011806936992798
0.012289671998587437
0.01194338800269179
0.011336925002979115
0.012013191997539252
0.012422647007042542
0.012405683999531902
0.012518290997832082
0.01254644399159588
0.011754727005609311
0.004983826001989655
0.032483679009601474
0.026374526001745835
0.028586816988536157
0.005074599001090974
0.02235508000012487
0.014109682000707835
0.005918907991144806
0.0295342440076638
0.004423010002938099
0.005094356994959526
0.026650686006178148
0.004976249998435378
0.02286036900477484
0.028973798995139077
0.012603884999407455
0.010480393990292214
0.011891229005414061
0.019280836000689305
0.033161409010062926
0.027534891007235274
0.00867260700033512
0.007219731996883638
0.023591110002598725
0.011769393997383304
0.011511931006680243
0.01705534900247585
0.0062542099913116544
0.04383177500858437
0.019908189002308063
0.026063069002702832
0.030795392012805678
0.00707162800244987
0.019534161998308264
0.010200385993812233
0.004355109005700797
0.00463724099972751
0.03472247099853121
0.030883361003361642
0.011024807012290694
0.008345770998857915
0.019985466002253816
0.00935870200919453
0.018939902001875453
0.004709159009507857
0.03023278299951926
0.016244815007667057
0.02532417200563941
0.008296475993120112
0.021158386007300578
0.02236712200101465
0.02982148500450421
0.04055125601007603
0.009322773999883793
0.012200099998153746
0.024501936000888236
0.004278292995877564
0.020492167997872457
0.02970691600057762
0.015476130996830761
0.008824328004266135
0.004624665991286747
0.01865027699386701
0.004951423004968092
0.03280986400204711
0.006671260998700745
0.005743361005443148
0.00588177700410597
0.005649801998515613
0.007412681996356696
0.010418293997645378
0.0043809390044771135
0.00828699700650759
0.004547409000224434
0.01670611900044605
0.008290534999105148
0.0048837630019988865
0.008297277992824093
0.019909911992726848
0.014865339995594695
0.022237092998693697
0.006074496996006928
0.01173857600952033
0.021467397004016675
0.012699447994236834
0.020726778006064706
0.008879253000486642
0.0049051940004574135
0.02421075700840447
0.012128782997024246
0.03345178499876056
0.005029452993767336
0.014035580010386184
0.0043206839909544215
0.004761518997838721
0.04528773699712474
0.006646483001532033
0.004781576993991621
0.005078256988781504
0.032386271996074356
0.009340517004602589
0.02761887200176716
0.03043237498786766
0.008198898998671211
0.0047028760018292814
0.020686060001025908
0.00900969299254939
0.005276725991279818
0.004565883995383047
0.008206914004404098
0.0057329510018462315
0.01496347899956163
0.012162487997557037
0.02388502299436368
0.008888320997357368
0.020842158992309123
0.00971713000035379
0.0047256299876607955
0.008041296998271719
0.011727424003765918
0.004694470000686124
0.004794281005160883
0.004910474002826959
0.06910702399909496
0.028869438989204355
0.029486611994798295
0.00822198401147034
0.004267080992576666
0.004471592998015694
0.021737996008596383
0.006538816000102088
0.010341977991629392
0.007905637001385912
0.02720665099332109
0.005259083001874387
0.031924526003422216
0.020631836014217697
0.014496192001388408
0.012256147994776256
0.00750489899655804
0.010445015999721363
0.0047276940022129565
0.019408651001867838
0.03361319399846252
0.04185828199842945
0.017300649007665925
0.014669946001959033
0.0045320490025915205
0.014506202001939528
0.013936318995547481
0.005677435008692555
0.013504030008334666
0.005630654995911755
0.017042966006556526
0.014634566992754117
0.007713860002695583
0.011109119004686363
0.012872419989435002
0.03330915099650156
0.025297911997768097
0.008152219990734011
0.009949084997060709
0.04186847100208979
0.024006054998608306
0.008879022992914543
0.02226762200007215
0.014292202002252452
0.0047684729943284765
0.005819658006657846
0.012588544996106066
0.0114564849936869
0.021626102010486647
0.0064827390015125275
0.007912720000604168
0.012638910993700847
0.007936424997751601
0.011915044000488706
0.0161276309954701
0.017329474998405203
0.025555555999744684
0.010965602996293455
0.023067725996952504
0.003840322999167256
0.006665348002570681
0.005813365001813509
0.005999352011713199
0.005722290996345691
0.006245833996217698
0.005937063004239462
1.6931997379288077e-05
0.004142652003793046
0.027463293008622713
0.014683892004541121
0.009196951999911107
0.007607544990605675
0.010013036997406743
0.0050676359969656914
0.004829979996429756
0.004561706009553745
0.004608735995134339
0.005541184000321664
0.005222453008173034
0.005231399991316721
0.005432846999610774
0.005106751006678678
0.005405884992796928
0.005282256999635138
0.005152138008270413
0.0052225729887140915
0.0055931429960764945
0.005183357992791571
0.030059559998335317
0.00416020599368494
0.00724821598851122
0.0068787979980697855
0.009143279006821103
0.004945100998156704
0.007095954002579674
0.004746800987049937
0.004607022987329401
0.005166535003809258
0.004744527002912946
0.004192608001176268
0.00415343300846871
0.004799912989255972
0.007334210997214541
0.00699990100110881
0.007767232003971003
0.007536399003583938
0.007530607996159233
0.007341496006119996
0.009450829995330423
0.004870417003985494
0.005694327992387116
0.004202456999337301
0.003680175999761559
0.00362573099846486
0.004227283992804587
0.003985953007941134
0.004135688999667764
0.004040036001242697
0.0041403780051041394
0.003964750998420641
0.004119197998079471
0.004252102997270413
0.005425381998065859
0.005734493999625556
0.005741397995734587
0.005457833991385996
0.005770292991655879
0.0053554080077447
0.005418058004579507
0.0050742180028464645
0.00558042898774147
0.0061540180031443015
0.006879409003886394
0.0066812489967560396
0.008443327998975292
0.010971665004035458
0.02949816398904659
0.031826578997424804
0.024477439001202583
0.021105082996655256
0.0037936130102025345
0.0037325760058593005
0.004245278993039392
0.02718591201119125
0.0059278849948896095
0.012302537012146786
0.013175511005101725
0.013103362012770958
0.012855927008786239
0.020487699992372654
0.008153522008797154
0.007055956986732781
0.003910146988346241
0.035449504997814074
0.03308340899820905
0.02046801199321635
0.04617841499566566
0.04547209999873303
0.05748092400608584
0.056971407000673935
0.057499991002259776
0.04641271400032565
0.046914474994991906
0.03590273400186561
0.04578889699769206
0.047473006998188794
0.04680926300352439
0.03778898000018671
0.03768095299892593
0.04686919899540953
0.044361170002957806
0.04651609100983478
0.03876515199954156
0.03896969399647787
0.031103472007089294
0.03908765999949537
0.03905856401252095
0.029605620991787873
0.01341064099688083
0.021150599990505725
0.012775673996657133
0.019501539005432278
0.013018710000324063
0.020431160999578424
0.03040070499991998
0.030187126001692377
0.024077562004094943
0.004944259999319911
0.004750097010401078
0.004233615996781737
0.004674511990742758
0.004703087004600093
0.02259829599643126
0.02838768600486219
0.02212436699483078
0.02711035699758213
0.02188066999951843
0.029122243999154307
0.027871124999364838
0.028621322999242693
0.02794428500055801
0.020529949993942864
0.027453224000055343
0.004930913986754604
0.034659981000004336
0.03570092699374072
0.02751118500600569
0.020889459003228694
0.02961886599950958
0.023902615997940302
0.0223486570030218
0.022359517999575473
0.02823943099065218
0.028400159993907437
0.019888219991116785
0.026371118990937248
0.0268160919949878
0.0363865309918765
0.0279066429939121
0.02893473400035873
0.029423311003483832
0.03735459700692445
0.037204609005129896
0.026204398993286304
0.035863498007529415
0.02846289999433793
0.021754959001555108
0.021687710002879612
0.022648361991741695
0.028240473999176174
0.02857838101044763
0.020196201003273018
0.02675156899204012
0.02806000699638389
0.028045740007655695
0.02780502798850648
0.036669584005721845
0.03782060000230558
0.026597031988785602
0.03425503399921581
0.004847784002777189
0.0046015620027901605
0.004600730986567214
0.0047089690051507205
0.020715024991659448
0.02108288000454195
0.02778061201388482
0.02823527301370632
0.01969322600052692
0.026784792004036717
0.004621259999112226
0.004316735998145305
0.004381701000966132
0.004181295997113921
0.004401799000333995
0.004192288004560396
0.004457996998098679
0.004330222000135109
0.004158392999670468
0.004270236997399479
0.004693698996561579
0.004592354001943022
0.004189833009149879
0.034997066992218606
0.004545244999462739
0.02155295098782517
0.02811292899423279
0.027977238001767546
0.018575502996100113
0.02580870100064203
0.02866420499049127
0.02849579199391883
0.020117660009418614
0.02661897499638144
0.005946840989054181
0.005712291997042485
0.00574857099854853
0.00525310100056231
0.004896737998933531
0.0049414940003771335
0.05562335200374946
0.006123459999798797
0.006308775002253242
0.00500514599843882
0.005070100000011735
0.03646410000510514
0.026367230995674618
0.03507739100314211
0.004878191990428604
0.004738415009342134
0.004512471990892664
0.004162501005339436
0.004365400003734976
0.00452342200151179
0.004805614007636905
0.004727603998617269
0.004616350997821428
0.004178370989393443
0.004324440989876166
0.004748683990328573
0.004708958003902808
0.0042893430072581396
0.004313279991038144
0.004601642998750322
0.004158452007686719
0.004132201996981166
0.0045054380025248975
0.004179914001724683
0.004110050009330735
0.004059072001837194
0.004277541011106223
0.0040658550133230165
0.004610189003869891
0.004502201991272159
0.004679171004681848
0.004897549995803274
0.004693288006819785
0.004584278998663649
0.004768220998812467
0.004655245007597841
0.004518753994489089
0.026436113999807276
0.035690587013959885
0.040079951999359764
0.02999387499585282
0.004923779997625388
0.004364738008007407
0.004417830001330003
0.004664913009037264
0.004350310991867445
0.004762540993397124
0.004236100998241454
0.004255227991961874
0.0043587870022747666
0.004374155992991291
0.004325382993556559
0.0045035139919491485
0.004533582003205083
0.004206454002996907
0.004479729002923705
0.004340401996159926
0.004548992001218721
0.004186466001556255
0.004242132999934256
0.0043980919872410595
0.00421869799902197
0.004112063994398341
0.0045653719862457365
0.005123052003909834
0.004609356998116709
0.0053729310020571575
0.017361426012939773
0.00820833700709045
0.008833835992845707
0.0049050439993152395
0.004730167987872846
0.004606261005392298
0.005100588998175226
0.00462370399327483
0.004622362001100555
0.004566936011542566
0.004840489986236207
0.05641917799948715
0.05820470199978445
0.046335765000549145
0.0467107139993459
0.058530865993816406
0.04696397999941837
0.04614085200591944
0.005058818991528824
0.004663932006224059
0.04703511700790841
0.04708621499594301
0.02588745200773701
0.004523262003203854
0.03676558799634222
0.015544091002084315
0.005298298012348823
0.004629786009900272
0.006511293991934508
0.015233104990329593
0.016497349002747796
0.004819630004931241
0.008369566989131272
0.004487775004236028
0.025965931999962777
0.027919136991840787
0.004671416012570262
0.033098256986704655
0.07463187599205412
0.028828640992287546
0.004779334005434066
0.007191518001491204
0.05879850000201259
0.023409761997754686
0.0071485560038127005
0.004817776003619656
0.019432996996329166
0.011372713997843675
0.004384016006952152
0.004599428008077666
0.004736079994472675
0.004621892003342509
0.004097655997611582
0.004482524003833532
0.004472183994948864
0.00468013298814185
0.004764063996844925
0.00470456900075078
0.0045076120004523546
0.004146349994698539
0.006589574011741206
0.005237951991148293
0.004425995997735299
0.004644003987777978
0.004267831987817772
0.004405296000186354
0.004367041998193599
0.004253424995113164
0.004106453008716926
0.0043966289958916605
0.0043827119952766225
0.004548910990706645
0.004594830010319129
0.004769384002429433
0.0048373339959653094
0.004615299010765739
0.004679781995946541
0.005278190001263283
0.004603605993906967
0.005644842007313855
0.005042788994614966
1.8085003830492496e-05
0.005369023987441324
0.004340511004556902
0.004303551002521999
0.004316847000154667
0.004652670992072672
0.020597830996848643
1.700299617368728e-05
0.005020494994823821
0.0054365329997381195
0.0053621010010829195
0.004551265999907628
0.006929846000275575
0.006985853004152887
1.9777988200075924e-05
0.0045715039886999875
1.630200131330639e-05
0.02545696600282099
0.005226570996455848
0.004515225999057293
0.004218848000164144
0.022709499011398293
0.014484418992651626
0.030685300996992737
0.004947254987200722
1.699299900792539e-05
0.005391717000748031
0.01507429099001456
1.975799386855215e-05
0.006017466002958827
0.0053004219953436404
0.004726491999463178
0.02072599600069225
1.9948012777604163e-05
0.005515344004379585
0.005380716000217944
0.006449786000302993
0.0038264960021479055
0.00511909399938304
1.6061007045209408e-05
0.006275321007706225
0.005062667012680322
0.00586694800585974
2.0289007807150483e-05
0.004178601011517458
0.01482666599622462
0.0038699490105500445
0.004521999988355674
0.005119546010973863
0.005476470003486611
0.009291264010244049
0.006047664996003732
0.03458941499411594
0.004373775998828933
0.015699759998824447
0.005047156999353319
0.005458604995510541
0.0067285709956195205
0.018592717009596527
2.649999805726111e-05
0.007457186991814524
0.028212839999468997
0.004911958007141948
0.004996078001568094
0.0038307940121740103
0.004952233997755684
0.0041159310057992116
0.016720055995392613
0.004676174998166971
0.006256424996536225
0.027920759996050037
0.005447543997433968
0.035285329999169335
2.0409992430359125e-05
0.018687267001951113
0.028758736996678635
1.888599945232272e-05
1.2814998626708984e-05
1.336498826276511e-05
0.03686338500119746
0.006317551989923231
0.02000797000073362
0.01620862500567455
0.004545845004031435
0.005125226001837291
0.004259305991581641
0.0042165540071437135
0.004441555007360876
2.022799162659794e-05
0.006762976001482457
1.906600664369762e-05
9.657989721745253e-06
0.02130304300226271
2.2132997401058674e-05
1.390700344927609e-05
0.004985078005120158
0.0039143749891081825
0.007383816002402455
0.0045178119908086956
0.005153018995770253
0.005214997989241965
0.006091479008318856
2.3836008040234447e-05
0.004777098001795821
1.554000482428819e-05
0.009488682000664994
0.004934791009873152
1.6480989870615304e-05
0.029509296000469476
0.005105678996187635
0.005109124991577119
2.6922003598883748e-05
0.006403987994417548
0.004755136993480846
0.004725689999759197
0.006472449007560499
0.046579984002164565
0.005904499994358048
0.0052161509956931695
0.00472614100726787
2.2001986508257687e-05
0.004605038993759081
0.005568174994550645
0.005016929004341364
0.0050914210005430505
1.74730084836483e-05
0.005702752998331562
0.0050838970055337995
1.6342004528269172e-05
0.004461774005903862
0.0045031430054223165
0.005669520003721118
0.005422125002951361
0.004294012003811076
0.004710991997853853
0.005697353000869043
0.006060940999304876
0.004792627994902432
1.7183003365062177e-05
0.00471000000834465
0.005948574995272793
0.00534833301207982
0.0070112219982547686
0.0038642080035060644
0.004410826004459523
0.00551354099297896
0.005690139994840138
0.030413018001127057
0.005578455995419063
0.005688385994290002
0.0044742979953298345
0.00766287199803628
0.0056813319970387965
0.006509290004032664
0.005986928998026997
2.618999860715121e-05
0.053356676013208926
0.006306070004939102
0.022690401994623244
0.005757518010796048
0.006442101002903655
0.025293493003118783
0.007669503989745863
0.006482748009148054
0.004830111007322557
0.005594617003225721
0.005398709996370599
0.005296815012115985
0.03609597298782319
0.006160450997413136
0.006451459004892968
0.004094310002983548
0.00470629300980363
0.004385798005387187
2.3465006961487234e-05
0.004661175989895128
0.010128017995157279
0.004443779995199293
0.005307897008606233
0.005267319007543847
0.018734999001026154
0.005318545998306945
0.0054568719933740795
0.015959247000864707
0.0065414420096203685
0.00480739600607194
0.029340310997213237
0.004718447002233006
0.004956362012308091
0.005872819005162455
2.7884001610800624e-05
0.006716848001815379
0.005005226004868746
0.005864563994691707
0.005536014010431245
1.8405000446364284e-05
0.004874835998634808
0.004464720012038015
0.004616391001036391
0.008630216005258262
1.8355000065639615e-05
0.004735419002827257
0.005243011997663416
0.00593141200079117
0.004587134011671878
0.006334063000394963
0.005394371997681446
1.6111007425934076e-05
0.004631628995412029
0.0203690119960811
0.005663408010150306
0.005658038004185073
0.010338049993151799
0.014402653003344312
0.03603204099636059
0.008615457991254516
0.005644200995448045
0.005951640996499918
2.1540996385738254e-05
0.020216228993376717
2.0159000996500254e-05
0.0055651400034548715
0.018043043004581705
0.005488271999638528
0.007520558996475302
0.006683503990643658
0.005445781003800221
0.028019078003126197
0.01609390501107555
0.008440892997896299
0.004761457996210083
2.0249004592187703e-05
0.006330516989692114
0.00559286201314535
0.005731508994358592
0.0050538890063762665
0.008309732002089731
0.021367936991737224
0.025542069008224644
0.0047767480136826634
0.0049503710033604875
0.005462482004077174
0.038822500995593145
0.004540184992947616
0.007026490988209844
0.035815605995594524
0.006156553004984744
0.01607182300358545
0.005269643006613478
0.004835621002712287
0.006219403992872685
0.004631379997590557
0.005012699999497272
0.015100179996807128
0.00520817500364501
0.03343927999958396
1.915599568746984e-05
1.4206991181708872e-05
0.004812516999663785
0.004969006986357272
0.004380717989988625
0.00499770199530758
0.004653481999412179
0.028076057002181187
1.8525999621488154e-05
0.005166695002117194
0.025492984990705736
0.004510287995799445
0.003868215993861668
0.004214069005683996
0.0051963830046588555
0.0047546350106131285
0.0065447079978184775
1.738300488796085e-05
0.00558817399723921
0.005059019997133873
0.005090550010208972
0.0044748389918822795
0.00672838999889791
1.9997998606413603e-05
0.0040330720075871795
0.0062553220050176606
0.02056954700674396
0.005726549003156833
0.005151605990249664
0.004396197997266427
0.004124086000956595
0.004577856991090812
0.005439558997750282
0.005167246999917552
0.0050340119923930615
0.008204138997825794
0.00482562200340908
0.0047006520035211
0.004912878997856751
0.00549201900139451
0.02867600799072534
0.004890175987384282
0.03754921999643557
0.00485672100330703
0.004708096996182576
0.033072256002924405
0.005134143997565843
0.0052342150011099875
1.795399293769151e-05
0.006916892001754604
1.631199847906828e-05
0.019141448006848805
0.006234932996449061
0.019048520000069402
2.0359992049634457e-05
1.1312004062347114e-05
0.005383620999054983
0.0044967010035179555
0.0041604660073062405
0.004883221990894526
0.004217866997350939
2.4317007046192884e-05
0.00637325800198596
0.004626809997716919
0.004419754011905752
0.020484962995396927
0.015973695000866428
0.004740928998216987
0.004752050997922197
0.006565106989000924
0.006537734006997198
0.005397026994614862
0.004981179998139851
2.739200135692954e-05
0.004838256005314179
1.6350997611880302e-05
0.00520402799884323
0.005846519008628093
0.015869063994614407
0.004505388002144173
0.0042986009939340875
0.004150518012465909
0.005165031994692981
0.017149669991340488
0.018848415988031775
0.005948274003458209
0.03766790799272712
0.03449667801032774
0.004422839003382251
1.9036000594496727e-05
0.005126307994942181
0.005018120995373465
0.00427116900391411
0.007775898004183546
0.005143050002516247
0.017551148994243704
2.0578998373821378e-05
0.0049215259932680055
0.005720618006307632
0.004265989002306014
0.0046975159930298105
0.008314621009049006
0.0059097399935126305
0.0046318310050992295
0.004437417010194622
0.004534834006335586
0.004567465992295183
0.02310289299930446
0.004206433994113468
0.00594598900352139
0.006587119001778774
0.0046810240019112825
0.03929910500301048
0.013000945997191593
0.00512040700414218
0.022185723995789886
0.06253999299951829
0.0124958779924782
0.012850757004343905
0.012741628001094796
0.012826641002902761
0.012462243001209572
0.012963173008756712
0.012835197994718328
0.012439469006494619
0.012599245004821569
0.01277617500454653
0.013097350994939916
0.012558516988065094
0.01239773900306318
0.012754242998198606
0.012334487997577526
0.01267005100089591
0.012885314004961401
0.013151894992915913
0.012630666009499691
0.012597202003234997
0.012652888006414287
0.0126853200054029
0.013130804989486933
0.013416110989055596
0.013440627997624688
0.013042284990660846
0.012975275996723212
0.012495898001361638
0.02501889699487947
0.022060223986045457
0.02733645999978762
0.010345764996600337
0.010142184008145705
0.03760345400951337
0.03672138199908659
0.04372318599780556
0.049108642007922754
0.04384946900245268
0.05488488600531127
0.06190964400593657
0.05662043300981168
0.0641810590022942
0.08233700699929614
0.02360169000166934
0.023204348006402142
0.022961541995755397
0.022859106000396423
0.022663249998004176
0.023907254988444038
0.023057526006596163
0.023100819991668686
0.022555424002348445
0.023463905992684886
0.023801482006092556
0.022610097992583178
0.02318307700625155
0.02366099299979396
0.023458805997506715
0.023678195997490548
0.023798237001756206
0.02370781300123781
0.023602230998221785
0.023084497996023856
0.023187705999589525
0.030229085998144
0.027191391985979863
0.02606326900422573
0.02577273201313801
0.025194001995259896
0.02529355300066527
0.02583639400836546
0.025569853009073995
0.02535995999642182
0.02574680300313048
0.02508062399283517
0.025592225007130764
0.024437130996375345
0.025516569992760196
0.025762161996681243
0.025579041001037695
0.025701956008560956
0.025166940002236515
0.024853288996382616
0.02507739899738226
0.0240891540015582
0.024857957003405318
0.024514560005627573
0.02536582101311069
0.02548155300610233
0.023591830002260394
0.024272224996821024
0.026059270996483974
0.009576940996339545
0.0253225089982152
0.024951257000793703
0.02526400600618217
0.025156760995741934
0.025573229999281466
0.024985211988678202
0.025262092996854335
0.024640029994770885
0.024970664002466947
0.024631344000226818
0.01661562499066349
0.01432815998850856
0.012672025011852384
0.011982523006736301
0.013094354013446718
0.0133320909953909
0.012317966000409797
0.01752847600437235
0.022520446000271477
0.013391675005550496
0.013455787004204467
0.014073852013098076
0.013422243995591998
0.013896732998546213
0.01366351600154303
0.013132448002579622
0.013905769999837503
0.013986204998218454
0.014551708998624235
0.014653003003331833
0.01431011599197518
0.014199732991983183
0.014590143007808365
0.013904046994866803
0.014559111994458362
0.01436316799663473
0.014313612002297305
0.014272043001255952
0.014156090997857973
0.013956737995613366
0.01391211299051065
0.014125721994787455
0.014071187004446983
0.014305417003924958
0.014320044007035904
0.014233990004868247
0.014049214994884096
0.027095176992588677
0.009521373998722993
0.010020171001087874
0.009787274000700563
0.00971040700096637
0.01002213399624452
0.010170027991989627
0.010049125994555652
0.010163856000872329
0.010446197993587703
0.010267966004903428
0.009989762998884544
0.009746315990923904
0.010059875989099964
0.010624349990393966
0.010296180000295863
0.010631231998559088
0.009943744007614441
0.01037401900975965
0.010059306005132385
0.010137535995454527
0.010104401997523382
0.010207510000327602
0.010531670995987952
0.009919889009324834
0.010620912988088094
0.010683783009881154
0.009915950999129564
0.010190176995820366
0.01042151999718044
0.010319854991394095
0.00998683700163383
0.01025160499557387
0.01073708500189241
0.010282543997163884
0.010764378006570041
0.010102599000674672
0.010392815005616285
0.011115400993730873
0.010310226993169636
0.010512724998989142
0.011222366010770202
0.010634727994329296
0.010354862999520265
0.01004849599848967
0.01014228499843739
0.010084534005727619
0.00945336400764063
0.009363010991364717
0.009905881990562193
0.010584702991764061
0.009516845995676704
0.009872879003523849
0.009648176986956969
0.01008603700029198
0.00979629100766033
0.009376086003612727
0.009648227001889609
0.009526264009764418
0.009970165003323928
0.009648406994529068
0.01013546199828852
0.009856556993327104
0.009520792998955585
0.009608271007891744
0.010252697000396438
0.009988700010580942
0.010160890000406653
0.01079777099948842
0.010796028000186197
0.010475293005583808
0.010506122998776846
0.010305947987944819
0.009930698986863717
0.01014861700241454
0.009957169997505844
0.010076899998239242
0.010636591992806643
0.009941310010617599
0.010147323991986923
0.009567001994582824
0.009298307006247342
0.009994039995945059
0.009555349999573082
0.010211446991888806
0.01226141799998004
0.012782557008904405
0.012852940999437124
0.012623561997315846
0.012300772999878973
0.012553277003462426
0.012073376987245865
0.012820238989661448
0.01298679799947422
0.012806722996174358
0.01235441600147169
0.01262141800543759
0.012438927995390259
0.012646504997974262
0.01259062900498975
0.013209917000494897
0.012385324997012503
0.012835859000915661
0.0128018640098162
0.012628512005903758
0.01220565100084059
0.012725726992357522
0.01275944200460799
0.013348371998290531
0.012938715997734107
0.012611499012564309
0.012420983999618329
0.012217643990879878
0.024672972998814657
0.024650780003867112
0.024186169990571216
0.024112027997034602
0.02472463199228514
0.024904527002945542
0.023844965995522216
0.02511344700178597
0.0244599349971395
0.024024579994147643
0.024859380995621905
0.02463714499026537
0.02487381800892763
0.02466255400213413
0.0242955499998061
0.02499285599333234
0.024858999997377396
0.024813583004288375
0.024162493995390832
0.024418455010163598
0.024095144995953888
0.02318678400479257
0.024102609007968567
0.024453100995742716
0.024186599999666214
0.02399014399270527
0.02487483000732027
0.024339133000466973
0.023699516998021863
0.024506503992597573
0.0237991080066422
0.024323684003320523
0.024466627000947483
0.02407391399901826
0.024794776996714063
0.024062162003247067
0.023739594005746767
0.02545294900482986
0.026166537005337887
0.02529862298979424
0.02408877300331369
0.02471362099458929
0.024743689005845226
0.025090052993618883
0.02451313700294122
0.024444765993393958
0.024596495990408584
0.024335886992048472
0.024509358991053887
0.024648856997373514
0.02418218200909905
0.025504706994979642
0.025108117013587616
0.024423234004643746
0.024647854996146634
0.02480297299916856
0.024584924991359003
0.0245466610067524
0.02461160499660764
0.025496060989098623
0.024650270002894104
0.024711336998734623
0.02502530798665248
0.024863017999450676
0.024791139003355056
0.02437030299915932
0.024677952998899855
0.024659197006258182
0.02445435400295537
0.024500352010363713
0.024568301989347674
0.024642624994157813
0.024204325003665872
0.02395339398935903
0.02458937199844513
0.024959182002930902
0.024667081001098268
0.024527033005142584
0.02421853199484758
0.02392678199976217
0.024203893000958487
0.024279949997435324
0.024330104992259294
0.024871914996765554
0.023652927004150115
0.02443967599538155
0.023610445990925655
0.024025512000662275
0.02408040699083358
0.024285359992063604
0.02413639400037937
0.023366549008642323
0.02375657600350678
0.024840785001288168
0.023744303005514666
0.024086920006084256
0.02441190199169796
0.024351847008801997
0.024475084006553516
0.025590231001842767
0.030507299001328647
0.0229488369950559
0.023410833004163578
0.023570359000586905
0.024312502006068826
0.023129043009248562
0.024327440987690352
0.02497731600305997
0.024328291998244822
0.024744390000705607
0.02408361400011927
0.024939344002632424
0.024707358999876305
0.024967998993815854
0.024461257009534165
0.024646602003485896
0.024253228009911254
0.02459705799992662
0.024232158000813797
0.02397762899636291
0.019563246009056456
0.020039950002683327
0.020007418002933264
0.019634903990663588
0.020164068992016837
0.020203805004712194
0.01951701800862793
0.020422203990165144
0.01200594799593091
0.011230380987399258
0.011786697010393254
0.01105903300049249
0.010950253999908455
0.011179513006936759
0.011647409992292523
0.011514375000842847
0.011236071994062513
0.011029075001715682
0.011064263002481312
0.010643385001458228
0.01104085698898416
0.01086933899205178
0.01170356800139416
0.012413518998073414
0.011019576995749958
0.01094067600206472
0.010522853990551084
0.010667821989045478
0.011364407997461967
0.011228478004341014
0.011812487005954608
0.010666459987987764
0.01070474399602972
0.010822890006238595
0.010550457998760976
0.010489801003132015
0.009376567002618685
0.016657815998769365
0.016753408999647945
0.017961675999686122
0.018566575992736034
0.012966769994818605
0.018694992002565414
0.01267705499776639
0.02153118899150286
0.021363256993936375
0.01917187700746581
0.021191589010413736
0.023108483001124114
0.01526398399437312
0.014105552996625192
0.024028067011386156
0.019779030000790954
0.01994977799768094
0.0034446640056557953
0.01716275399667211
0.003225253996788524
0.022519534002640285
0.014235341994208284
0.017544146001455374
0.01260406400251668
0.018467966001480818
0.0203844210045645
0.02159653500712011
0.013724492993787862
0.02001057399320416
0.019108054009848274
0.01868531299987808
0.02527029800694436
0.02502277299936395
0.010270871003740467
0.034662263991776854
0.02049372100736946
0.019087565000518225
0.02588533700327389
0.014569292005035095
0.017841876004240476
0.0032213960075750947
0.019851419012411498
0.016591038001934066
0.02069556798960548
0.014840492003713734
0.0079243930085795
0.01172856500488706
0.008582765003666282
0.022410024001146667
0.013163797004381195
0.02041940799972508
0.009845195003435947
0.03586872799496632
0.025084462002268992
0.0101024790055817
0.011086874990724027
0.011824639994301833
0.026751278011943214
0.016739343001972884
0.013885460997698829
0.018028964987024665
0.02849461999721825
0.024224484004662372
0.01174728199839592
0.020649049009080045
0.007283423998160288
0.02696649001154583
0.025894585996866226
0.020945326003129594
0.00271732900000643
0.011515798003529198
0.012674429002800025
0.009276263997890055
0.019347852998180315
0.02554691900149919
0.017327721012406982
0.00939777700114064
0.019842181005515158
0.014207588988938369
0.008694268006365746
0.011358856994775124
0.019758780996198766
0.020996113991714083
0.00970620900625363
0.018691614997806028
0.019891075004125014
0.010269688995322213
0.011583908999455161
0.01904078500228934
0.02414678400964476
0.01525988600042183
0.01864402400678955
0.0244443450064864
0.02519287000177428
0.002875744001357816
0.022778421000111848
0.01150604999565985
0.009568524998030625
0.018294463996426202
0.02386447299795691
0.01376611199520994
0.019246960000600666
0.012443205996532924
0.02328418100660201
0.010924244008492678
0.007510278999689035
0.022048640996217728
0.017732907988829538
0.01003871600551065
0.0218891149997944
0.015047028005938046
0.013054288006969728
0.011285136002697982
0.017833901001722552
0.011489015989354812
0.015714287001173943
0.009774939986527897
0.017971213994314894
0.02321796299656853
0.01058168699091766
0.010761451994767413
0.019941812002798542
0.010495452006580308
0.014509777989587747
0.009621656005037948
0.006744090002030134
0.034956457995576784
0.018521789999795146
0.018733306002104655
0.01842260999546852
0.016154701996129006
0.013528436989872716
0.018248164997203276
0.018793611001456156
0.04039293099776842
0.013021484992350452
0.01854882099723909
0.01693080000404734
0.017844271002104506
0.023532988008810207
0.0323045440018177
0.020212139992509037
0.01754919499217067
0.023820959002478048
0.011591122995014302
0.014378075007698499
0.018990238007972948
0.0195528569893213
0.04924028299865313
0.0182325950008817
0.03404110300471075
0.02222600200911984
0.01159572099277284
0.0030282549996627495
0.02080060899606906
0.013328754008398391
0.013874849988496862
0.019499354006256908
0.009485215006861836
0.016403439003624953
0.01678121199074667
0.030297146004159003
0.018306045996723697
0.028464360992074944
0.020123421010794118
0.019244245006120764
0.016903928000829183
0.0168303870013915
0.02003182499902323
0.02115189199685119
0.009817903002840467
0.01958267399459146
0.006918053011759184
0.020121677007409744
0.022122743001091294
0.016347180004231632
0.02179458500177134
0.018606311990879476
0.012089879004633985
0.011516760001541115
0.020687142008682713
0.022853533999295905
0.011010999995050952
0.0124137789971428
0.014666539005702361
0.020223972998792306
0.023977270000614226
0.01848017999145668
0.018258725001942366
0.011720680995495059
0.0031332170037785545
0.006796419998863712
0.007074934008414857
0.0189384789991891
0.003042582990019582
0.01704396601417102
0.017615973003557883
0.019851929988362826
0.019988371001090854
0.017547891999129206
0.013330707006389275
0.009522486012428999
0.031470374000491574
0.014887611992890015
0.013225235001300462
0.009618811003747396
0.016106829993077554
0.04192311500082724
0.0179192149953451
0.011883522995049134
0.0102077810006449
0.013259831990581006
0.02041245398868341
0.010188202999415807
2.7151996619068086e-05
0.04666132900456432
0.007634466994204558
0.01789093999832403
0.008746738996705972
0.011437127002864145
0.013735343993175775
0.014051719001145102
0.0355736519995844
0.017813692000345327
0.02095297099731397
0.012187625994556583
0.01810852700145915
0.011536206991877407
0.012093646000721492
0.020327400998212397
0.01773664499341976
0.026837601995794103
0.008716391006601043
0.013231197008281015
0.014617724998970516
0.02012327998818364
0.024975963999168016
0.009961288000340573
0.03502620199287776
0.019129694992443547
0.01028123100695666
0.009567401997628622
0.011930373002542183
0.018485840992070735
0.03519929300819058
0.007216696001705714
0.014253456000005826
0.0029263899923535064
0.027194095993763767
0.01160928700119257
0.011866279994137585
0.01456589599547442
0.0027653110009850934
0.019158070004777983
0.013170359990908764
0.011607944004936144
0.02067342499503866
0.012111079005990177
0.0071298689872492105
0.019166325000696816
0.025529655991704203
0.018325883997022174
0.018316546993446536
0.010709251000662334
0.018417981002130546
0.023688145010964945
0.009787584000150673
0.01677672400546726
0.025719318990013562
0.02413689499371685
0.02352545299800113
0.011464880997664295
0.012590276994160376
0.03600296399963554
0.008627820992842317
0.012671042990405113
0.019301705004181713
0.0189203440095298
0.013275630990392528
0.022153262005303986
0.023702842998318374
0.015717472997494042
0.008817385009024292
0.011315394003759138
0.019490286009386182
0.020702770998468623
0.02193305001128465
0.01840173901291564
0.017362327009323053
0.0186205189966131
0.02061911100463476
0.014414125005714595
0.015252110999426804
0.03243617599946447
0.03379597299499437
0.018106372997863218
0.018879194001783617
0.025136441006907262
0.0033587289944989607
0.0030551180097972974
0.010492977002286352
0.04779655499442015
0.01201377299730666
0.010679213999537751
0.018114609003532678
0.020089554993319325
0.011981190997175872
0.024246975997812115
0.013444967000395991
0.01791151000361424
0.018376551000983454
0.013336509000509977
0.018841914003132842
0.0028038150048814714
0.002803695999318734
0.009100917988689616
0.011786246002884582
0.015123864999623038
0.018472515992471017
0.011975518995313905
0.01692804398771841
0.019199930000468157
0.02433607699640561
0.02228075599123258
0.024504239001544192
0.022052148997318
0.0031293399952119216
0.019962973005021922
0.020967108008335344
0.02657030000409577
0.016654168997774832
0.007738765998510644
0.020862116012722254
0.010853968997253105
0.00989930800278671
0.014261271004215814
0.019013030992937274
0.012918086998979561
0.0245344270078931
0.023162697994848713
0.02088197399280034
0.015702345001045614
0.020496696000918746
0.01999401199282147
0.017477096989750862
0.026411525992443785
0.012818886010791175
0.01970327500021085
0.0373729610000737
0.018697346007684246
0.018895115004852414
0.022004967991961166
0.009876644995529205
0.014155679004034027
0.011952594999456778
0.017174626991618425
0.013420518997008912
0.013592339004389942
0.019039332008105703
0.017456036002840847
0.012680521002039313
0.020210217000567354
0.02088480000384152
0.013697070011403412
0.01146364799933508
0.019230308011174202
0.019494043997838162
0.017615341988857836
0.0033333110040985048
0.01611234100710135
0.014281560987001285
0.019402448000619188
0.020326850994024426
0.011035386996809393
0.03633292700396851
0.011655326001346111
0.02530317999480758
0.020014763009385206
0.014653923994046636
0.003254098992329091
0.02075391900143586
0.010580815011053346
0.010330835997592658
0.02435675699962303
0.012370828000712208
0.01913557700754609
0.012378942992654629
0.012560060000396334
0.021333570999559015
0.009776623992365785
0.010522493001190014
0.009439487010240555
0.013437822999549098
0.011177028995007277
0.01880990200152155
0.020799096004338935
0.009548555986839347
0.021212198000284843
0.027224996010772884
0.03601228300249204
0.019567413997719996
0.015390576998470351
0.015560172003461048
0.015521006993367337
0.013544036002713256
0.009270263006328605
0.01873207300377544
0.01658117900660727
0.0252277760009747
0.02234655199572444
0.019592803000705317
0.012485536994063295
0.07802219300356228
0.0176434960012557
0.03417523000098299
0.04903222399298102
0.009393037995323539
0.026811482006451115
0.0207385600078851
0.027027486998122185
0.020697800995549187
0.0269605479988968
0.020766722998814657
0.0266117200080771
0.02395858299860265
0.022722633002558723
0.026326973995310254
0.020493028991040774
0.026201122003840283
0.02037727700371761
0.02018027899612207
0.02650751000328455
0.02766688200063072
0.02671097998972982
0.0270336890098406
0.02792425600637216
0.012828072998672724
0.011430675003794022
0.012067165007465519
0.012710388007690199
0.020272295994800515
0.020300208998378366
0.023888497991720214
0.021625249995850027
0.0449606979964301
0.03610042099899147
0.03699623800639529
0.03376068601210136
0.04210922100173775
0.03484649700112641
0.03477004999876954
0.03323491800983902
0.0413694629969541
0.034535801998572424
0.03573262599820737
0.0332261709991144
0.041516084005706944
0.034208914992632344
0.03376726800343022
0.03382474799582269
0.04187618401192594
0.03408677100378554
0.03436025499831885
0.04620158798934426
0.04578731200308539
0.042008527991129085
0.05066269000235479
0.04220855199673679
0.04268188899732195
0.04153608299384359
0.052805416999035515
0.042063614004291594
0.053430255997227505
0.04145401499408763
0.05133926699636504
0.042941406994941644
0.04397945699747652
0.04187270700640511
0.05224148600245826
0.044091541989473626
0.04430724600388203
0.03870096699392889
0.0356172140018316
0.04453728599764872
0.03637714199430775
0.03461921100097243
0.03444184100953862
0.04889471999194939
0.03608027199516073
0.03527533999294974
0.03504725199309178
0.04165868798736483
0.034862207001424395
0.03462756700173486
0.03429139300715178
0.04221102599694859
0.03526366699952632
0.03388473400264047
0.033869153005070984
0.04374349499994423
0.03521606500726193
0.03338261099997908
0.034867337002651766
0.04084561900526751
0.034722379001323134
0.03445675999682862
0.03465278600924648
0.04272210599447135
0.034542344001238234
0.03558000399789307
0.033594426000490785
0.04176057199947536
0.03366272698622197
0.03380245598964393
0.027141746002598666
0.03339482301089447
0.02824876799422782
0.035506052008713596
0.02613271100562997
0.03351934200327378
0.02835679599957075
0.027792473003501073
0.0340334780048579
0.02678187598939985
0.03411820100154728
0.026762830006191507
0.03163837699685246
0.03780466799798887
0.02939670899650082
0.0293124669988174
0.02845104598964099
0.012736838005366735
0.012273860993445851
0.012561783005367033
0.021560193999903277
0.020597007998730987
0.021129568995092995
0.04340959399996791
0.03533213799528312
0.03595717600546777
0.03277199999138247
0.04152247600723058
0.03454866599349771
0.03431399600231089
0.033416785998269916
0.04068460999405943
0.034135593989049084
0.03543603800062556
0.03356369699758943
0.04205665999324992
0.03515519898792263
0.03565548799815588
0.04316046599706169
0.04145623899239581
0.04248735500732437
0.051753660998656414
0.043607392988633364
0.04406946900417097
0.043321315009961836
0.05335664399899542
0.04378767899470404
0.0434747990075266
0.042118659999687225
0.051477720990078524
0.042733408001367934
0.043204529996728525
0.03168423399620224
0.03491260400915053
0.03612973800045438
0.04467294699861668
0.03515124101249967
0.03467523799918126
0.03398878198640887
0.04327032699075062
0.034181551993242465
0.03472229899489321
0.036074090996407904
0.04286347700690385
0.034792523001669906
0.034345826992648654
0.03498591399693396
0.043971720995614305
0.035995269994600676
0.035750138995354064
0.0342128119955305
0.044285063006100245
0.03538789499725681
0.03599991899682209
0.034733510998194106
0.042579863002174534
0.03681387899268884
0.034769418998621404
0.028054574999259785
0.02202837201184593
0.027288686993415467
0.02128713100682944
0.02732718198967632
0.020259501005057245
0.020464653993258253
0.02583317700191401
0.021140569995623082
0.026741958994534798
0.021056448997114785
0.020562252000672743
0.02684541800408624
0.02647198199701961
0.03416346799349412
0.028047030995367095
0.0343370700138621
0.026983973002643324
0.026617139999871142
0.03335974700166844
0.027243619988439605
0.03440779600350652
0.027383618988096714
0.026959194990922697
0.03411741899617482
0.028996230990742333
0.032036709002568386
0.014785657011088915
0.01456419199530501
0.0495992100040894
0.04136268000002019
0.041020182994543575
0.03916810199734755
0.050105361005989835
0.042169256004854105
0.04289615999732632
0.0435638789931545
0.0528641599958064
0.044238413000130095
0.046454741997877136
0.05806535101146437
0.07020638800167944
0.06488042700220831
0.06623555500118528
0.049654016009299085
0.04688143999374006
0.044901072993525304
0.053116864000912756
0.04424766999727581
0.04613526900357101
0.03789773599419277
0.03517800199915655
0.04331891999754589
0.03374836100556422
0.036250659002689645
0.03549282599124126
0.04502391899586655
0.03770904500561301
0.03883351100375876
0.03824245800205972
0.04754746600519866
0.04020285600563511
0.03723257100500632
0.03903349398751743
0.04562442000315059
0.03752863900444936
0.038218410991248675
0.02914338299888186
0.024797681995551102
0.028387653990648687
0.020657173998188227
0.021281951005221345
0.029704939006478526
0.024214011995354667
0.028772621997632086
0.021240873000351712
0.022245227999519557
0.027933243007282726
0.030137028006720357
0.02834842901211232
0.03538352600298822
0.02706096100155264
0.02744852400792297
0.03370375600934494
0.027966335997916758
0.034658477001357824
0.02765306599030737
0.027125754990265705
0.03356963901023846
0.011711181999999098
0.04241866400116123
0.036526828989735804
0.03713005500321742
0.03288900401093997
0.04191453800012823
0.036317546997452155
0.036246239993488416
0.04495554699678905
0.04566421599884052
0.04100473200378474
0.05166568199638277
0.04287912700965535
0.04202536000229884
0.03607104500406422
0.036513141996692866
0.04161244799615815
0.033566953003173694
0.03592558500531595
0.03801258699968457
0.046674532000906765
0.036186936995363794
0.03699428400432225
0.028957416012417525
0.021113228009198792
0.02021939399128314
0.02635985700180754
0.020295199006795883
0.026981969000189565
0.020796380005776882
0.02065180300269276
0.026578815988614224
0.02681666200805921
0.02664348999678623
0.03222761600045487
0.027185859988094307
0.0343092270049965
0.027497496994328685
0.026393991996883415
0.03318593300355133
0.020502305997069925
0.02028389800398145
0.04199849799624644
0.03502485899662133
0.03312744101276621
0.041190339004970156
0.04203132099064533
0.033428137001465075
0.005926561992964707
0.005251748007140122
0.005465017005917616
0.005316933005815372
0.005879611999262124
0.005404730996815488
0.019981478006229736
0.02645231399219483
0.02021470500039868
0.027062683991971426
0.01931549099390395
0.01997490601206664
0.026144041999941692
0.019390574991120957
0.025834899992332794
0.020140824010013603
0.026378130991361104
0.020946397999068722
0.021263877002638765
0.02565868200326804
0.025976260993047617
0.03309357599937357
0.02629484199860599
0.02601484500337392
0.033100739994551986
0.02651242900174111
0.020078203990124166
0.020085037001990713
0.026146847987547517
0.025931946001946926
0.026220038009341806
0.03334672200435307
0.019963394006481394
0.026094626999110915
0.02716941801190842
0.012850617000367492
0.03269310800533276
0.007890227003372274
0.031346906995167956
0.003540928999427706
0.02432817200315185
0.05343655700562522
0.0306555919960374
0.01855355000589043
0.03222731500864029
0.005226770008448511
0.029122983003617264
0.03118426499713678
0.022693666993291117
0.031056820997036994
0.020209313996019773
0.028929363004863262
0.02040524999029003
0.032320383994374424
0.01612990400462877
0.007590060995426029
0.02074084398918785
0.006866675001219846
0.021385410000220872
0.00686533200496342
0.031239150994224474
0.04035609899437986
0.006711075999191962
0.04124724799476098
0.004278672990039922
0.03327107599761803
0.050222115009091794
0.019343074003700167
0.004640717001166195
0.0060125770105514675
0.004420555007527582
0.02564099799201358
0.03102378800394945
0.03695992899884004
0.019517638997058384
0.003997494000941515
0.007313240988878533
0.032377823008573614
0.042218269998556934
0.020668122990173288
0.02474674400582444
0.0274801240011584
0.03312025700870436
0.008638490995508619
0.008343074994627386
0.0338671290082857
0.0671091589902062
0.007772892000502907
0.021056639001471922
0.007502613996621221
0.0220738890056964
0.021958268000162207
0.02848996000830084
0.03901009900437202
0.031884416996035725
0.022695059989928268
0.03653449298872147
0.04352281100000255
0.03428823700232897
0.028655818008701317
0.02903668901126366
0.028737314001773484
0.0176166339952033
0.039791357005015016
0.024225755012594163
0.03167381399543956
0.02865334300440736
0.032546096001169644
0.010859728994546458
0.027923734989599325
0.003586726001231
0.0038703299942426383
0.023803315008990467
0.04464754700893536
0.031206166997435503
0.038146091988892294
0.011926174003747292
0.052582870004698634
0.022008523999829777
0.023509562000981532
0.007202488006441854
0.02196091299992986
0.0067557919974206015
0.0059835010033566505
0.007326165010454133
0.026271105991327204
0.037824275001185015
0.007658563001314178
0.041322431003209203
0.019440510994172655
0.03386476499144919
0.034043406005366705
0.007191327007603832
0.0186318900086917
0.03454812499694526
0.0322244499984663
0.02991426999506075
0.05110410500492435
0.015620025995303877
0.030898187003913336
0.026891385001363233
0.026558676996501163
0.004880766995484009
0.006615082005737349
0.02554040499671828
0.02149439799541142
0.016543567006010562
0.00645407399861142
0.024652152002090588
0.007047411010717042
0.007274636998772621
0.019504172989400104
0.004760466996231116
0.019312465999973938
0.022126209994894452
0.02297481599089224
0.020314656998380087
0.006972286995733157
0.02947469700302463
0.028553011012263596
0.022734865997335874
0.02547290599613916
0.0214145250065485
0.01945153200358618
0.004848766009672545
0.008153421003953554
0.015647688996978104
0.03323538799304515
0.028447979988413863
0.007192749995738268
0.004586702998494729
0.01978892899933271
0.008052828998188488
0.02919951999501791
0.020046452002134174
0.004767910999362357
0.022806103006587364
0.010265881996019743
0.02028652300941758
0.007784824992995709
0.006548264005687088
0.02636633899237495
0.0047772389953024685
0.035109781005303375
0.02028750399767887
0.01572457699512597
0.004179342009592801
0.022081053000874817
0.02493395200872328
0.026620194999850355
0.00411067099776119
0.026283881001290865
0.0065045810042647645
0.019905050998204388
0.03689928200037684
0.00859869499981869
0.020037946000229567
0.03006024000933394
0.004680633996031247
0.02219311699445825
0.007770437994622625
0.027608320000581443
0.03102399800263811
0.02070384299440775
0.016128631003084593
0.007223788998089731
0.007706033007707447
0.0073494099924573675
0.025008594995597377
0.037643258008756675
0.03309029000229202
0.029590769991045818
0.02605513199523557
0.042162822996033356
0.024399407993769273
0.008195372007321566
0.023870633012847975
0.020647814992116764
0.02599646899034269
0.010148677014512941
0.02084587499848567
0.004231051992974244
0.022475088000646792
0.01880680600879714
0.02651761900051497
0.025891428987961262
0.03042081200692337
0.02533573300752323
0.007772140990709886
0.026494303994695656
0.00776261200371664
0.007761941000353545
0.003943168994737789
0.015989955005352385
0.004671625996707007
0.01978218599106185
0.01859332699677907
0.036693898000521585
0.03517055799602531
0.015994703993783332
0.032219931003055535
0.021969859997625463
0.01999964300193824
0.026415141997858882
0.007455072991433553
0.033593633997952566
0.004182147997198626
0.03377178599475883
0.03451337799197063
0.04126119500142522
0.028433442013920285
0.008097533995169215
0.021295737999025732
0.007979657995747402
0.019420522003201768
0.03288842299662065
0.011718865993316285
0.007337596995057538
0.02649587699852418
0.007428090990288183
0.019178568007191643
0.030741226000827737
0.007218769998871721
0.004042360000312328
0.018776126991724595
0.021542230009799823
0.02357131999451667
0.009817893005674705
0.03157466399716213
0.02612386400869582
0.025052540004253387
0.007796837991918437
0.026300722995074466
0.024336035989108495
0.009498319996055216
0.026148320990614593
0.029729636997217312
0.02399247800349258
0.02911968699481804
0.006697741002426483
0.030203916001482867
0.044833142004790716
0.01887009700294584
0.02080444600142073
0.007614468006067909
0.026784048997797072
0.015519323002081364
0.010979179001878947
0.022790542992879637
0.025787599006434903
0.0069118810060899705
0.02118919399799779
0.02849875600077212
0.019906314002582803
0.035662580994539894
0.028060185999493115
0.028064884987543337
0.018881409007008187
0.05083084000216331
0.03111876999901142
0.004079231002833694
0.024596353992819786
0.031192882001050748
0.020332109997980297
0.01588326100318227
0.01976495300186798
0.01473051100037992
0.025813378000748344
0.008060283013037406
0.007066758000291884
0.018428520997986197
0.0313106770045124
0.035872923996066675
0.037488831992959604
0.019675752002513036
0.030225387003156357
0.01617594200070016
0.003684333001729101
0.02172879698628094
0.03440606199728791
0.020460996995097958
0.01936391399067361
0.007798790989909321
0.014883343988913111
0.03597984900989104
0.008346782007720321
0.02894757699687034
0.011903781007276848
0.023387647990603
0.004658830992411822
0.02680718399642501
0.05015390300832223
0.026820209008292295
0.01907891700102482
0.023898066006950103
0.029463907005265355
0.018785044012474827
0.02433430300152395
0.050392089993692935
0.04170067700033542
0.022558056996786036
0.005119885012391023
0.020947419994627126
0.028571937000378966
0.026114125008461997
0.019729193998500705
0.029849637008737773
0.024727677009650506
0.020278928001062013
0.017178082998725586
0.024043555997195654
0.029507351006031968
0.007049695996101946
0.006692921000649221
0.007046639992040582
0.007818288999260403
0.046106463007163256
0.007964680000441149
0.019430791988270357
0.007736080995528027
0.021884856003453024
0.032350751003832556
0.01889306100201793
0.029340932000195608
0.02799488000164274
0.004493936008657329
0.03683334500237834
0.02482270800101105
0.024425397990853526
0.01877640800375957
0.0512454859999707
0.023262948001502082
0.028174033999675885
0.0249823549966095
0.020240544006810524
0.027693002004525624
0.019715547998202965
0.022140126005979255
0.019626125998911448
0.026294551003957167
0.00781356000516098
0.004257300999597646
0.004679040997871198
0.04987166100181639
0.004801896007847972
0.025547077995724976
0.03073562499776017
0.04129737299808767
0.024575695002567954